	coreid	status	nchars_d2m	nchars_key	nchars_common	nwords_common	nwords_d2m_only	nwords_key_only	words_common	words_d2m_only	words_key_onlynwords_common_vals	nwords_d2m_only_vals	nwords_key_only_vals	words_common_vals	words_d2m_only_vals	words_key_only_vals	words_key_only	nwords_common_val	nwords_d2m_only_val	nwords_key_only_val	words_common_val	words_d2m_only_val	words_key_only_val
0	wfo-0001025652	success	34	39	5	35	89	71	acute,anther,apex,base,calyx,colour,corolla,filament,fleshy,form,fruit,fruiting,green,growth,inflorescence,interjected,leaf,leaflet,length,margin,mm,pedicel,petiole,prickle,pseudostipule,shape,shrub,simple,stem,surface,texture,tree,type,white,winged	.3,.5,0.5-1,1-1.5,1.5-2,10-20,15-17,2-3,2-6,20-50,4,4-6,4-7,abruptly,acuminate,anthesi,appearance,arrangement,bark,bilobed,border,branch,bud,characteristic,closed,cm,completely,corrugation,decurrent,dia,diameter,distal,drying,elliptic,envelope,exertion,furcate,giving,glabrous,glabrousnes,greyish,height,history,lateral,life,lobe,lobing,main,matte,midpoint,minutely,na,narrowing,nearly,new,number,occasionally,onto,opposite,ovary,ovoid,ovoid-reniform,pair,pale,parallel,peduncle,per,pitted,plant,primary,ray,seed,shaped,shiny,size,small,stigma,strongly,style,tan,tapering,tear-drop,terminal,thicknes,tube,variation,vein,width,x							1.0,4.0-6.0,absent,appressed,articulation,basal,berry,bract,branching,breeding,broad-based,cell,connective,dendritic,difoliate,discrete,distinct,eglandular,elliptic-oblong,enlarged,flat,forked,geminate,hair,heteromorphism,inflated,insertion,interpetalar,leaf-opposed,leathery,lower,marking,mature,membranous,modification,monochasial,multicellular,needle-like,none,odour,orientation,paired,pattern,placement,pore,position,present,radially,rhizome,round,scale,simple-entire,smell,spot,staman,stellate,stone,structure,swollen,symmetric,symmetry,sympodial,system,tissue,trichome,tuber,unbranched,unit,vegetative,xylopodia,zygomorphy	14.0	53.0	92.0	acute,base,calyx,fleshy,green,leaf,mm,petiole,shrub,simple,stem,tree,white,winged	.3,.5,0.5-1,1-1.5,1.5-2,10-20,15-17,2-3,2-6,20-50,4,4-6,4-7,abruptly,acuminate,anthesi,bilobed,closed,cm,completely,decurrent,dia,elliptic,envelope,furcate,glabrous,greyish,lateral,main,matte,minutely,na,narrowing,nearly,occasionally,onto,opposite,ovoid,ovoid-reniform,pair,pale,parallel,pitted,shaped,shiny,small,strongly,tan,tapering,tear-drop,tube,vein,x	1.0,4.0-6.0,absent,anther,apex,appressed,articulation,basal,berry,bract,branching,breeding,broad-based,cell,colour,connective,corolla,dendritic,difoliate,discrete,distinct,eglandular,elliptic-oblong,enlarged,filament,flat,forked,form,fruit,fruiting,geminate,growth,hair,heteromorphism,inflated,inflorescence,insertion,interjected,interpetalar,leaf-opposed,leaflet,leathery,length,lower,margin,marking,mature,membranous,modification,monochasial,multicellular,needle-like,none,odour,orientation,paired,pattern,pedicel,placement,pore,position,present,prickle,pseudostipule,radially,rhizome,round,scale,shape,simple-entire,smell,spot,staman,stellate,stone,structure,surface,swollen,symmetric,symmetry,sympodial,system,texture,tissue,trichome,tuber,type,unbranched,unit,vegetative,xylopodia,zygomorphy
1	wfo-0001025657	success	37	39	7	34	104	76	anther,apex,base,berry,branch,calyx,colour,cordate,corolla,filament,fleshy,form,fruit,growth,hair,inflorescence,leaf,length,margin,mm,pedicel,petiole,prickle,pseudostipule,shape,shrub,stellate,stem,surface,texture,tree,type,white,yellow	0.1-0.4,0.2-0.4,1-1.1,1-3,1.3-2,1.5-1.8,2-10,2/3,25-60,3-6,4-4.4,5-14,5-16,6-12,6-8,7-27,8.3-12,abaxially,acute,adaxially,also,anthesi,appearance,arrangement,bark,bluish,blunt-tipped,border,branched,brown,bud,capitate,characteristic,chartaceous,cm,conical,corrugation,dark,deltoid,diameter,dried,drying,elliptic,entire,exertion,exserted,flower,giving,glabrousnes,granular,green,height,history,lateral,life,light,lobe,lobing,midpoint,midrib,na,narrowly,nearly,new,oblong,orbicular,ovary,ovate,pale,parted,peduncle,perennial,persistently,plant,primary,pseudo-terminal,ray,reportedly,reticulate-punctate,ripe,scented,seed,side,simple,size,soft,stigma,strongly,style,suborbicular,tan,terete,thicknes,tomentose,tomentose-pubescent,unarmed,variation,vein,velutinous-pubescent,way,weakly,width,x,yellowish							1.3-2.0,2.7-4.3,absent,appressed,articulation,basal,blue,bract,branching,breeding,broad-based,cell,connective,dichasial,distinct,eglandular,elliptic-oblong,elongating,enlarged,flat,fork,forked,fruiting,fully,hermaphroditic,heteromorphism,inflated,insertion,interjected,interpetalar,leaflet,leathery,lilac,lower,marking,mature,membranous,modification,needle-like,none,odour,orientation,ovoid,paired,pattern,pink,placement,plurifoliate,pore,position,present,present-single,purple,radially,rhizome,round,scale,simple-entire,smell,spot,staman,stone,structure,swollen,symmetric,symmetry,sympodial,system,terminal,tissue,trichome,tuber,unit,vegetative,xylopodia,zygomorphy	13.0	72.0	97.0	base,berry,calyx,cordate,fleshy,fruit,hair,mm,shrub,stellate,tree,white,yellow	0.1-0.4,0.2-0.4,1-1.1,1-3,1.3-2,1.5-1.8,2-10,2/3,25-60,3-6,4-4.4,5-14,5-16,6-12,6-8,7-27,8.3-12,abaxially,acute,adaxially,also,anthesi,bluish,blunt-tipped,branched,brown,capitate,chartaceous,cm,conical,dark,deltoid,diameter,dried,elliptic,entire,exserted,flower,granular,green,light,midrib,na,narrowly,nearly,oblong,orbicular,ovate,pale,parted,perennial,persistently,pseudo-terminal,reportedly,reticulate-punctate,ripe,scented,side,simple,soft,strongly,suborbicular,tan,terete,tomentose,tomentose-pubescent,unarmed,velutinous-pubescent,way,weakly,x,yellowish	1.3-2.0,2.7-4.3,absent,anther,apex,appressed,articulation,basal,blue,bract,branch,branching,breeding,broad-based,cell,colour,connective,corolla,dichasial,distinct,eglandular,elliptic-oblong,elongating,enlarged,filament,flat,fork,forked,form,fruiting,fully,growth,hermaphroditic,heteromorphism,inflated,inflorescence,insertion,interjected,interpetalar,leaf,leaflet,leathery,length,lilac,lower,margin,marking,mature,membranous,modification,needle-like,none,odour,orientation,ovoid,paired,pattern,pedicel,petiole,pink,placement,plurifoliate,pore,position,present,present-single,prickle,pseudostipule,purple,radially,rhizome,round,scale,shape,simple-entire,smell,spot,staman,stem,stone,structure,surface,swollen,symmetric,symmetry,sympodial,system,terminal,texture,tissue,trichome,tuber,type,unit,vegetative,xylopodia,zygomorphy
2	wfo-0001025669	invalid_json	NA	40	NA	37	108	74	absent,anther,apex,base,berry,blue,calyx,cell,colour,corolla,cuneate,filament,flat,form,fruit,green,growth,herb,inflorescence,leaf,leaflet,length,membranous,mm,pedicel,petiole,placement,pseudostipule,purple,rotate,shape,stem,surface,terminal,texture,tuber,type	.5,0-1,0.1-0.3,0.8-2.4,1,1-10,1-2,1-2.2,1-4,1.3-4.2,1.4-2.5,1.6-4.4,13-35,2-3,2-4,2.2-6,2.2-6.5,2.4-7,3-5,3-7,5-merous,9-24.5,abaxial,abaxially,acumen,acuminate,acute,adaxial,adaxially,apart,arrangement,blade,brownish,capitate,characteristic,chartaceous,clavate,cm,condition,connivent,covering,diameter,dorsally,drying,edge,end,erect,extra,flower,folded,forming,fresh,glabrous,globose,greenish,hair-like,height,history,homostylous,lanceolate,lateral,life,lobe,long,minute,minutely,moderately,monochasium,mottled,oblique,obtuse,odd-pinnate,one,ovary,ovoid,peduncle,placed,plant,puberulent,pubescent,rarely,ripe,rosette,scale-like,seed,size,slightly,sometimes,spacing,stigma,stolon,straight,streaked,style,subglabrous,testal,thick,tinged,tube,typically,unwinged,value,wall,white,whitish,wide,x,yellow							1.0-2.0,2.0-3.0,appressed,articulation,asymmetric,bract,branch,branching,breeding,broad-based,compound-entire,connective,distinct,eglandular,elliptic-oblong,elongating,enlarged,fleshy,fork,fruiting,fully,hair,hermaphroditic,heteromorphism,inflated,insertion,interjected,interpetalar,leathery,lilac,lower,margin,marking,mature,modification,monochasial,multicellular,needle-like,none,odour,orientation,paired,pattern,pink,plurifoliate,pore,position,present,present-pair,prickle,radially,rhizome,round,scale,simple,smell,spot,staman,stellate,stone,structure,swollen,symmetric,symmetry,sympodial,system,tissue,trichome,trifoliate,unbranched,unit,vegetative,xylopodia,zygomorphy	37.0	108.0	74.0	absent,anther,apex,base,berry,blue,calyx,cell,colour,corolla,cuneate,filament,flat,form,fruit,green,growth,herb,inflorescence,leaf,leaflet,length,membranous,mm,pedicel,petiole,placement,pseudostipule,purple,rotate,shape,stem,surface,terminal,texture,tuber,type	.5,0-1,0.1-0.3,0.8-2.4,1,1-10,1-2,1-2.2,1-4,1.3-4.2,1.4-2.5,1.6-4.4,13-35,2-3,2-4,2.2-6,2.2-6.5,2.4-7,3-5,3-7,5-merous,9-24.5,abaxial,abaxially,acumen,acuminate,acute,adaxial,adaxially,apart,arrangement,blade,brownish,capitate,characteristic,chartaceous,clavate,cm,condition,connivent,covering,diameter,dorsally,drying,edge,end,erect,extra,flower,folded,forming,fresh,glabrous,globose,greenish,hair-like,height,history,homostylous,lanceolate,lateral,life,lobe,long,minute,minutely,moderately,monochasium,mottled,oblique,obtuse,odd-pinnate,one,ovary,ovoid,peduncle,placed,plant,puberulent,pubescent,rarely,ripe,rosette,scale-like,seed,size,slightly,sometimes,spacing,stigma,stolon,straight,streaked,style,subglabrous,testal,thick,tinged,tube,typically,unwinged,value,wall,white,whitish,wide,x,yellow	1.0-2.0,2.0-3.0,appressed,articulation,asymmetric,bract,branch,branching,breeding,broad-based,compound-entire,connective,distinct,eglandular,elliptic-oblong,elongating,enlarged,fleshy,fork,fruiting,fully,hair,hermaphroditic,heteromorphism,inflated,insertion,interjected,interpetalar,leathery,lilac,lower,margin,marking,mature,modification,monochasial,multicellular,needle-like,none,odour,orientation,paired,pattern,pink,plurifoliate,pore,position,present,present-pair,prickle,radially,rhizome,round,scale,simple,smell,spot,staman,stellate,stone,structure,swollen,symmetric,symmetry,sympodial,system,tissue,trichome,trifoliate,unbranched,unit,vegetative,xylopodia,zygomorphy
3	wfo-0001025697	success	44	40	9	39	95	72	anther,apex,attenuate,base,berry,blue,branch,calyx,colour,coriaceous,corolla,distal,filament,forked,form,fruit,fruiting,green,growth,herb,inflorescence,interjected,leaf,leaflet,length,lilac,margin,mm,pedicel,petiole,prickle,pseudostipule,purple,shape,stem,surface,terminal,texture,type	0-14,0.15-0.75,0.6-3.5,1-1.7,1-2,1.5-1.8,1.7-8.6,2-10.5,2-2.6,25-35,3-10,3-4,3-6,3.3-11,4-7.5,6.5-13.5,abaxially,acuminate,acute,adaxially,appearance,arrangement,axillary,bark,border,brownish,bud,capitate,characteristic,clavate,cm,condition,corrugation,dark,deep,diameter,drying,elliptic,exertion,fresh,generally,giving,glabrous,glabrousnes,globose,green-white,greenish,half,height,history,lanceolate,lateral,life,light,lobe,lobing,medium,midpoint,mucilaginous,na,new,number,odd-pinnate,ovary,ovate,ovoid,peduncle,per,petiolulate,plant,primary,ray,ripe,rounded,seed,sessile,short,size,stigma,stripe,style,subtending,thicknes,throughout,tube,typically,unwinged,usually,variation,vein,wet,whitish,width,woody,x							1.0-2.0,1/2,3.0-6.0,absent,appressed,articulation,asymmetric,bract,branching,breeding,broad-based,cell,compound-entire,connective,cuneate,distinct,elliptic-oblong,elongating,enlarged,flat,fleshy,fork,fully,hair,hermaphroditic,heteromorphism,inflated,insertion,interpetalar,leathery,lower,marking,mature,modification,monochasial,needle-like,none,odour,orientation,paired,pattern,pink,placement,plurifoliate,pore,position,present,present-pair,radially,rhizome,rotate,round,scale,smell,spot,staman,stellate,stone,structure,swollen,symmetric,symmetry,sympodial,system,tissue,trichome,trifoliate,tuber,unit,vegetative,xylopodia,zygomorphy	12.0	62.0	99.0	attenuate,berry,blue,coriaceous,distal,forked,green,herb,lilac,mm,purple,terminal	0-14,0.15-0.75,0.6-3.5,1-1.7,1-2,1.5-1.8,1.7-8.6,2-10.5,2-2.6,25-35,3-10,3-4,3-6,3.3-11,4-7.5,6.5-13.5,abaxially,acuminate,acute,adaxially,axillary,brownish,bud,capitate,clavate,cm,condition,dark,deep,drying,elliptic,fresh,generally,glabrous,globose,green-white,greenish,half,lanceolate,light,medium,mucilaginous,na,odd-pinnate,ovate,ovoid,petiolulate,plant,ripe,rounded,sessile,short,stripe,subtending,throughout,typically,unwinged,usually,wet,whitish,woody,x	1.0-2.0,1/2,3.0-6.0,absent,anther,apex,appressed,articulation,asymmetric,base,bract,branch,branching,breeding,broad-based,calyx,cell,colour,compound-entire,connective,corolla,cuneate,distinct,elliptic-oblong,elongating,enlarged,filament,flat,fleshy,fork,form,fruit,fruiting,fully,growth,hair,hermaphroditic,heteromorphism,inflated,inflorescence,insertion,interjected,interpetalar,leaf,leaflet,leathery,length,lower,margin,marking,mature,modification,monochasial,needle-like,none,odour,orientation,paired,pattern,pedicel,petiole,pink,placement,plurifoliate,pore,position,present,present-pair,prickle,pseudostipule,radially,rhizome,rotate,round,scale,shape,smell,spot,staman,stellate,stem,stone,structure,surface,swollen,symmetric,symmetry,sympodial,system,texture,tissue,trichome,trifoliate,tuber,type,unit,vegetative,xylopodia,zygomorphy
4	wfo-0001025699	invalid_json_followup	NA	39	NA	36	113	68	absent,acute,anther,apex,base,berry,branching,calyx,colour,corolla,ellipsoid,filament,form,fruit,fruiting,green,growth,inflorescence,interjected,leaf,leaf-opposed,leaflet,length,margin,mm,pedicel,petiole,prickle,pseudostipule,shape,stem,surface,texture,tree,type,white	.2,.5,0.5,1,1-1.5,1-2.5,1-3,1.5-2,1/3,10,15-20,2,2-2.5,2-6,2cm,3-15,3-5.5,4-5,5-8,5-winged,5.5-14,8-9,adaxially,almost,appearance,arrangement,attenuate,bark,becoming,border,branch,brown,bud,c.,capitate,characteristic,cm,completely,conical,corrugated,corrugation,dark,darker,diameter,distal,drying,elliptic,entire,erect,exerted,exertion,flower,giving,glabrous,glabrousnes,globose,grey-brown,height,history,immature,lateral,leafy,less,life,lobe,lobing,markedly,midpoint,midrib,minutely,na,new,number,older,ovary,pair,pale,papillate,peduncle,per,plant,poricidal,primary,ray,red,reddish,reniform,reticulate-pitted,rounded,rounded-sagittate,seed,shoot,short,simple,size,slightly,somewhat,stigma,style,terminal,thicknes,time,tip,tube,value,variation,vein,way,width,x,yellow,young,½							1.5-2.0,4.0-5.0,appressed,articulation,basal,bract,breeding,broad-based,cell,connective,distinct,elliptic-oblong,elongating,enlarged,flat,fleshy,forked,fully,hair,hermaphroditic,heteromorphism,inflated,insertion,interpetalar,leathery,lower,marking,mature,membranous,modification,monochasial,multi-branched,needle-like,none,odour,orientation,paired,pattern,placement,plurifoliate,pore,position,present,radially,rhizome,rotate,round,scale,simple-entire,smell,spot,staman,stellate,stone,structure,swollen,symmetric,symmetry,sympodial,system,tissue,trichome,tuber,unbranched,unit,vegetative,xylopodia,zygomorphy	36.0	113.0	68.0	absent,acute,anther,apex,base,berry,branching,calyx,colour,corolla,ellipsoid,filament,form,fruit,fruiting,green,growth,inflorescence,interjected,leaf,leaf-opposed,leaflet,length,margin,mm,pedicel,petiole,prickle,pseudostipule,shape,stem,surface,texture,tree,type,white	.2,.5,0.5,1,1-1.5,1-2.5,1-3,1.5-2,1/3,10,15-20,2,2-2.5,2-6,2cm,3-15,3-5.5,4-5,5-8,5-winged,5.5-14,8-9,adaxially,almost,appearance,arrangement,attenuate,bark,becoming,border,branch,brown,bud,c.,capitate,characteristic,cm,completely,conical,corrugated,corrugation,dark,darker,diameter,distal,drying,elliptic,entire,erect,exerted,exertion,flower,giving,glabrous,glabrousnes,globose,grey-brown,height,history,immature,lateral,leafy,less,life,lobe,lobing,markedly,midpoint,midrib,minutely,na,new,number,older,ovary,pair,pale,papillate,peduncle,per,plant,poricidal,primary,ray,red,reddish,reniform,reticulate-pitted,rounded,rounded-sagittate,seed,shoot,short,simple,size,slightly,somewhat,stigma,style,terminal,thicknes,time,tip,tube,value,variation,vein,way,width,x,yellow,young,½	1.5-2.0,4.0-5.0,appressed,articulation,basal,bract,breeding,broad-based,cell,connective,distinct,elliptic-oblong,elongating,enlarged,flat,fleshy,forked,fully,hair,hermaphroditic,heteromorphism,inflated,insertion,interpetalar,leathery,lower,marking,mature,membranous,modification,monochasial,multi-branched,needle-like,none,odour,orientation,paired,pattern,placement,plurifoliate,pore,position,present,radially,rhizome,rotate,round,scale,simple-entire,smell,spot,staman,stellate,stone,structure,swollen,symmetric,symmetry,sympodial,system,tissue,trichome,tuber,unbranched,unit,vegetative,xylopodia,zygomorphy
5	wfo-0001025700	success	41	40	9	37	89	74	acute,anther,apex,base,berry,branch,calyx,colour,corolla,distal,filament,forked,form,fruit,fruiting,green,growth,herb,inflorescence,interjected,leaf,leaflet,length,lilac,margin,mm,pedicel,petiole,prickle,pseudostipule,purple,shape,stem,surface,terminal,texture,type	0-16,0.30-2.0,0.5-2,0.7-2.7,0.8-2.6,1.1-2.3,1.5-2,10.5-12,15-40,2-12,2.5-4,3.5-10.5,3.7-8.6,5-15,5.5-18,5.5-8,9-31,acuminate,apiculate,appearance,arrangement,articulated,attenuate,axillary,bark,border,bud,capitate,characteristic,chartaceous,clavate,cm,corrugation,diameter,dot,drying,elliptic,exertion,generally,giving,glabrescent,glabrous,glabrousnes,globose,greenish,half,height,high,history,lanceolate,lateral,life,light,lobe,lobing,medium,midpoint,mucilaginous,na,narrowly,new,number,odd-pinnate,ovary,ovate,ovoid,peduncle,per,petiolulate,plant,primary,ray,rounded,seed,size,stigma,style,subtending,thicknes,tube,typically,unwinged,usually,variation,vein,whitish,width,winged,x							0.5-2.0,1/2,5.5-8.0,absent,appressed,articulation,asymmetric,blue,bract,branching,breeding,broad-based,cell,compound-entire,connective,cuneate,distinct,elliptic-oblong,elongating,enlarged,flat,fleshy,fork,fully,hair,hermaphroditic,heteromorphism,inflated,insertion,interpetalar,leathery,lower,marking,mature,membranous,modification,monochasial,needle-like,none,odour,orientation,paired,pattern,pink,placement,plurifoliate,pore,position,present,present-pair,radially,rhizome,rotate,round,scale,smell,spot,staman,stellate,stone,structure,swollen,symmetric,symmetry,sympodial,system,tissue,trichome,trifoliate,tuber,unit,vegetative,xylopodia,zygomorphy	10.0	56.0	101.0	acute,berry,distal,forked,green,herb,lilac,mm,purple,terminal	0-16,0.30-2.0,0.5-2,0.7-2.7,0.8-2.6,1.1-2.3,1.5-2,10.5-12,15-40,2-12,2.5-4,3.5-10.5,3.7-8.6,5-15,5.5-18,5.5-8,9-31,acuminate,apiculate,articulated,attenuate,axillary,bud,capitate,chartaceous,clavate,cm,dot,elliptic,generally,glabrescent,glabrous,globose,greenish,half,high,lanceolate,lateral,light,medium,mucilaginous,na,narrowly,odd-pinnate,ovate,ovoid,petiolulate,plant,rounded,subtending,typically,unwinged,usually,whitish,winged,x	0.5-2.0,1/2,5.5-8.0,absent,anther,apex,appressed,articulation,asymmetric,base,blue,bract,branch,branching,breeding,broad-based,calyx,cell,colour,compound-entire,connective,corolla,cuneate,distinct,elliptic-oblong,elongating,enlarged,filament,flat,fleshy,fork,form,fruit,fruiting,fully,growth,hair,hermaphroditic,heteromorphism,inflated,inflorescence,insertion,interjected,interpetalar,leaf,leaflet,leathery,length,lower,margin,marking,mature,membranous,modification,monochasial,needle-like,none,odour,orientation,paired,pattern,pedicel,petiole,pink,placement,plurifoliate,pore,position,present,present-pair,prickle,pseudostipule,radially,rhizome,rotate,round,scale,shape,smell,spot,staman,stellate,stem,stone,structure,surface,swollen,symmetric,symmetry,sympodial,system,texture,tissue,trichome,trifoliate,tuber,type,unit,vegetative,xylopodia,zygomorphy
6	wfo-0001025704	invalid_json_followup	NA	43	NA	41	128	78	0.5-1.5,4.5-6.5,anther,base,berry,branch,calyx,cell,colour,corolla,ellipsoid,filament,form,fruit,fruiting,green,growth,inflorescence,interjected,leaf,leaflet,length,margin,mm,pedicel,petiole,prickle,pseudostipule,round,shape,shrub,stem,straight,surface,terminal,texture,tree,type,unbranched,white,yellow	0-100,0-3.5,0.1-0.5,0.3-0.8,0.7-1,1-3.5,1-6,1.2-3,1.5-3.2,1.5-4.5,1.8-3.5,1/2-4/5,2-10,2-3,2-4.5,2.5-4.5,2.7-4,3-15,3-5,3-6,4-5,6-12,8-12,8-15,8-17,abaxial,adaxial,almost,apparently,arrangement,articulated,bark,branched,brown,bud,characteristic,chartaceous,cm,connivent,corrugation,curved,densely,diameter,discolorous,distal,drying,elliptic,erect,evenly,exertion,flattened,flattened-reniform,flower,glabrescent,glabrousnes,gray,green-yellow,height,history,irregular,lateral,life,lobe,lobed,lobing,long,long-styled,maturity,mauve,midpoint,na,near,new,number,occasionally,often,orange,orange-brown,outline,ovary,ovate,pair,pale,peduncle,per,perennial,pit,plant,poricidal,prickly,primary,prominent,raised,rarely,ray,red-brown,red-green,seed,short-styled,side,size,small,smooth,sometimes,somewhat,sparsely,spherical,stellate-pubescent,stigma,strongly,style,tapering,terete,thicknes,tip,tube,unarmed,value,variation,vein,way,white-gray,wide,width,yellow-green,yellowish,young,×							absent,acute,andromonoecious,apex,appressed,articulation,basal,blue,bract,branching,breeding,broad-based,connective,dichasial,discrete,distinct,eglandular,enlarged,flat,fleshy,fork,forked,hair,heteromorphism,inflated,insertion,internodal,interpetalar,leathery,lilac,lower,marking,mature,membranous,modification,needle-like,none,odour,orientation,paired,pattern,pink,placement,plurifoliate,pore,position,present,present-inflorescence,present-leaf,present-stem,purple,radially,recurved,rhizome,rounded,scale,simple-lobed,smell,spot,staman,stellate,stone,structure,swollen,symmetric,symmetry,sympodial,system,tapered-lanceolate,tissue,triangular,trichome,truncate,tuber,unit,vegetative,xylopodia,zygomorphy	41.0	128.0	78.0	0.5-1.5,4.5-6.5,anther,base,berry,branch,calyx,cell,colour,corolla,ellipsoid,filament,form,fruit,fruiting,green,growth,inflorescence,interjected,leaf,leaflet,length,margin,mm,pedicel,petiole,prickle,pseudostipule,round,shape,shrub,stem,straight,surface,terminal,texture,tree,type,unbranched,white,yellow	0-100,0-3.5,0.1-0.5,0.3-0.8,0.7-1,1-3.5,1-6,1.2-3,1.5-3.2,1.5-4.5,1.8-3.5,1/2-4/5,2-10,2-3,2-4.5,2.5-4.5,2.7-4,3-15,3-5,3-6,4-5,6-12,8-12,8-15,8-17,abaxial,adaxial,almost,apparently,arrangement,articulated,bark,branched,brown,bud,characteristic,chartaceous,cm,connivent,corrugation,curved,densely,diameter,discolorous,distal,drying,elliptic,erect,evenly,exertion,flattened,flattened-reniform,flower,glabrescent,glabrousnes,gray,green-yellow,height,history,irregular,lateral,life,lobe,lobed,lobing,long,long-styled,maturity,mauve,midpoint,na,near,new,number,occasionally,often,orange,orange-brown,outline,ovary,ovate,pair,pale,peduncle,per,perennial,pit,plant,poricidal,prickly,primary,prominent,raised,rarely,ray,red-brown,red-green,seed,short-styled,side,size,small,smooth,sometimes,somewhat,sparsely,spherical,stellate-pubescent,stigma,strongly,style,tapering,terete,thicknes,tip,tube,unarmed,value,variation,vein,way,white-gray,wide,width,yellow-green,yellowish,young,×	absent,acute,andromonoecious,apex,appressed,articulation,basal,blue,bract,branching,breeding,broad-based,connective,dichasial,discrete,distinct,eglandular,enlarged,flat,fleshy,fork,forked,hair,heteromorphism,inflated,insertion,internodal,interpetalar,leathery,lilac,lower,marking,mature,membranous,modification,needle-like,none,odour,orientation,paired,pattern,pink,placement,plurifoliate,pore,position,present,present-inflorescence,present-leaf,present-stem,purple,radially,recurved,rhizome,rounded,scale,simple-lobed,smell,spot,staman,stellate,stone,structure,swollen,symmetric,symmetry,sympodial,system,tapered-lanceolate,tissue,triangular,trichome,truncate,tuber,unit,vegetative,xylopodia,zygomorphy
7	wfo-0001025729	invalid_json_followup	NA	38	NA	45	124	64	0.25-0.5,acute,anther,apex,basal,base,berry,branch,calyx,colour,corolla,difoliate,filament,fleshy,form,fruit,fruiting,geminate,green,growth,inflorescence,interjected,leaf,leaflet,length,margin,mm,pedicel,petiole,pore,pseudostipule,rounded,shape,simple,stem,surface,sympodial,terminal,texture,tree,trichome,type,unit,white,yellow	.5,/4,0.7-1.2,1-1.5,1-5,1.1-1.5,1.2-1.8,1.75,2,20,4-20,4-5,4-8,5-50-flowered,7-8,9-17,abaxial,abaxially,abrupt,adaxially,anthesi,apical,apiculate,appearing,arrangement,axil,bark,black,blackish,bright,bristly,bud,characteristic,cm,corrugation,covering,dark,densely,dia,diameter,dirty,distal,drying,elliptic,enclosed,exertion,expanded,f,flattened-reniform,furcate,gently,glabrous,glabrousnes,globose,greenish-yellow,greyish-brown,growing,height,history,lamina,late,lateral,life,like,live,lobe,lobed,lobing,long,main,midpoint,minutely,na,new,number,oblique,occasionally,often,opposite,ovary,overtopping,pair,pale,papillose,partially,peduncle,per,pit,pitted,plant,poricidal,portion,primary,pubescent,quite,ray,reflexed,ripening,seed,shaped,shiny,short,size,sparsely,stigma,stout,style,tapering,tear-drop,thicknes,tip,treelet,tube,tuft,uniseriate,usually,value,variation,vein,way,widening,width,woody,x							3.5,absent,appressed,articulation,bract,branching,breeding,broad-based,cell,connective,discrete,distinct,elliptic-oblong,enlarged,flat,fork,forked,glandular,hair,heteromorphism,inflated,insertion,interpetalar,leaf-opposed,leathery,lower,marking,mature,membranous,modification,monochasial,multicellular,needle-like,none,odour,orientation,paired,pattern,placement,plurifoliate,position,present,prickle,radially,rhizome,round,scale,simple-entire,smell,spot,staman,stellate,stone,structure,swollen,symmetric,symmetry,system,tissue,tuber,unbranched,vegetative,xylopodia,zygomorphy	45.0	124.0	64.0	0.25-0.5,acute,anther,apex,basal,base,berry,branch,calyx,colour,corolla,difoliate,filament,fleshy,form,fruit,fruiting,geminate,green,growth,inflorescence,interjected,leaf,leaflet,length,margin,mm,pedicel,petiole,pore,pseudostipule,rounded,shape,simple,stem,surface,sympodial,terminal,texture,tree,trichome,type,unit,white,yellow	.5,/4,0.7-1.2,1-1.5,1-5,1.1-1.5,1.2-1.8,1.75,2,20,4-20,4-5,4-8,5-50-flowered,7-8,9-17,abaxial,abaxially,abrupt,adaxially,anthesi,apical,apiculate,appearing,arrangement,axil,bark,black,blackish,bright,bristly,bud,characteristic,cm,corrugation,covering,dark,densely,dia,diameter,dirty,distal,drying,elliptic,enclosed,exertion,expanded,f,flattened-reniform,furcate,gently,glabrous,glabrousnes,globose,greenish-yellow,greyish-brown,growing,height,history,lamina,late,lateral,life,like,live,lobe,lobed,lobing,long,main,midpoint,minutely,na,new,number,oblique,occasionally,often,opposite,ovary,overtopping,pair,pale,papillose,partially,peduncle,per,pit,pitted,plant,poricidal,portion,primary,pubescent,quite,ray,reflexed,ripening,seed,shaped,shiny,short,size,sparsely,stigma,stout,style,tapering,tear-drop,thicknes,tip,treelet,tube,tuft,uniseriate,usually,value,variation,vein,way,widening,width,woody,x	3.5,absent,appressed,articulation,bract,branching,breeding,broad-based,cell,connective,discrete,distinct,elliptic-oblong,enlarged,flat,fork,forked,glandular,hair,heteromorphism,inflated,insertion,interpetalar,leaf-opposed,leathery,lower,marking,mature,membranous,modification,monochasial,multicellular,needle-like,none,odour,orientation,paired,pattern,placement,plurifoliate,position,present,prickle,radially,rhizome,round,scale,simple-entire,smell,spot,staman,stellate,stone,structure,swollen,symmetric,symmetry,system,tissue,tuber,unbranched,vegetative,xylopodia,zygomorphy
8	wfo-0001025749	invalid_json_followup	NA	43	NA	36	115	82	0.5-0.8,anther,apex,base,berry,calyx,colour,corolla,cuneate,filament,form,fruit,fruiting,growth,inflorescence,interjected,leaf,leaflet,length,lower,margin,mm,pedicel,petiole,prickle,pseudostipule,rounded,shape,shrub,stellate,stem,straight,surface,texture,type,white	.5,/5,0.1-0.3,0.2-1.5,0.3-1.5,0.4-0.7,0.5-0.9,0.5-1.3,0.5-3,0.6-4.5,0.8-0.9,1-10,1-2,1-3,1-8.5,1.5-2.5,2-2.5,2.5-6,3-20,5-10-12,5-20,abaxially,acute,adaxially,apart,apparently,arrangement,bark,branch,bud,characteristic,chartaceous,cm,concolorous,corrugation,curved,dark,densely,diameter,discolorous,distal,drying,dull,exertion,flattened,flattened-reniform,gently,glabrous,glabrousnes,gray,green-brown,height,history,lateral,life,light,lobe,lobed,lobing,long,long-ovate,maturity,mauve,midpoint,moderately,na,narrow-deltate,new,number,orange-brown,orange-red,orbicular,ovary,ovate,pair,pale,peduncle,per,perennial,plant,poricidal,prickly,primary,ray,red-brown,seed,size,spaced,sparsely,spherical,spreading,stellate-pubescent,stigma,straw-yellow,strongly,style,tapering,terete,terminal,thicknes,tip,tube,usually,value,variation,vein,visible,way,wide,width,yellow,yellow-green,yellow-orange,yellowish,½-2/3							2.5-6.0,absent,appressed,articulation,asymmetric,basal,blue,bract,branching,breeding,broad-based,cell,connective,dichasial,difoliate,discrete,distinct,eglandular,enlarged,flat,fleshy,forked,fully,hair,hermaphroditic,heteromorphism,inflated,insertion,internodal,interpetalar,leathery,lilac,marking,mature,membranous,modification,needle-like,non-geminate,none,odour,orange,orientation,paired,pattern,pink,placement,pore,position,present,present-inflorescence,present-leaf,present-stem,purple,radially,red,rhizome,round,scale,simple-lobed,smell,spot,staman,stone,structure,swollen,symmetric,symmetry,sympodial,system,tapered-lanceolate,tissue,triangular,trichome,truncate,tuber,unbranched,unit,vegetative,vine,woody,xylopodia,zygomorphy	36.0	115.0	82.0	0.5-0.8,anther,apex,base,berry,calyx,colour,corolla,cuneate,filament,form,fruit,fruiting,growth,inflorescence,interjected,leaf,leaflet,length,lower,margin,mm,pedicel,petiole,prickle,pseudostipule,rounded,shape,shrub,stellate,stem,straight,surface,texture,type,white	.5,/5,0.1-0.3,0.2-1.5,0.3-1.5,0.4-0.7,0.5-0.9,0.5-1.3,0.5-3,0.6-4.5,0.8-0.9,1-10,1-2,1-3,1-8.5,1.5-2.5,2-2.5,2.5-6,3-20,5-10-12,5-20,abaxially,acute,adaxially,apart,apparently,arrangement,bark,branch,bud,characteristic,chartaceous,cm,concolorous,corrugation,curved,dark,densely,diameter,discolorous,distal,drying,dull,exertion,flattened,flattened-reniform,gently,glabrous,glabrousnes,gray,green-brown,height,history,lateral,life,light,lobe,lobed,lobing,long,long-ovate,maturity,mauve,midpoint,moderately,na,narrow-deltate,new,number,orange-brown,orange-red,orbicular,ovary,ovate,pair,pale,peduncle,per,perennial,plant,poricidal,prickly,primary,ray,red-brown,seed,size,spaced,sparsely,spherical,spreading,stellate-pubescent,stigma,straw-yellow,strongly,style,tapering,terete,terminal,thicknes,tip,tube,usually,value,variation,vein,visible,way,wide,width,yellow,yellow-green,yellow-orange,yellowish,½-2/3	2.5-6.0,absent,appressed,articulation,asymmetric,basal,blue,bract,branching,breeding,broad-based,cell,connective,dichasial,difoliate,discrete,distinct,eglandular,enlarged,flat,fleshy,forked,fully,hair,hermaphroditic,heteromorphism,inflated,insertion,internodal,interpetalar,leathery,lilac,marking,mature,membranous,modification,needle-like,non-geminate,none,odour,orange,orientation,paired,pattern,pink,placement,pore,position,present,present-inflorescence,present-leaf,present-stem,purple,radially,red,rhizome,round,scale,simple-lobed,smell,spot,staman,stone,structure,swollen,symmetric,symmetry,sympodial,system,tapered-lanceolate,tissue,triangular,trichome,truncate,tuber,unbranched,unit,vegetative,vine,woody,xylopodia,zygomorphy
9	wfo-0001025754	success	39	39	7	32	92	81	absent,anther,apex,base,berry,calyx,colour,cordate,corolla,filament,form,fruit,fruiting,growth,hair,herb,inflorescence,leaf,length,margin,mm,pedicel,petiole,shape,stem,surface,texture,truncate,type,unbranched,white,yellow	.5,0.5-1,0.5-1.5,1,1-2,1-3,1-3.5,1.5,1.5-4,10-20,10-35,2-foliate,4-6,5-12,5-15,acuminate,acute,arrangement,asymmetrical,bark,beyond,branch,brown,bud,center,characteristic,chartaceous,ciliate,cm,cordiform,corrugation,decumbent,decurrent,densely,diameter,dm,drying,edge,entire,equal,exertion,exserted,fine,flower,glabrous,glabrousnes,globose,height,history,immature,leaving,life,linear-lanceolate,lobing,maturing,membranaceous,moderately,na,nearly,new,number,oblong,often,ovary,palmately,parallel,peduncle,pendent,per,plant,primary,pubescent,radiating,raised,ridge,running,seed,semitransparent,shallow,short,size,slightly,sparsely,stamen,stigma,style,triangular,tube,upright,vein,wide,x							1.0,1.5-3.0,appressed,articulation,asymmetric,basal,bract,branching,breeding,broad-based,cell,connective,difoliate,discrete,distinct,eglandular,elliptic-oblong,enlarged,flat,fleshy,fully,geminate,glandular,green,hermaphroditic,heteromorphism,inflated,insertion,interjected,internodal,interpetalar,leaf-opposed,leaflet,leathery,lower,marking,mature,membranous,modification,monochasial,multicellular,needle-like,non-geminate,none,odour,orientation,paired,pattern,placement,pore,position,present,prickle,pseudostipule,radially,rhizome,rotate,round,scale,shrub,simple,simple-entire,smell,spot,staman,stellate,stone,structure,swollen,symmetric,symmetry,sympodial,system,tissue,trichome,tuber,unit,vegetative,winged,xylopodia,zygomorphy	16.0	67.0	97.0	absent,apex,base,berry,cordate,fruit,hair,herb,leaf,margin,mm,petiole,truncate,unbranched,white,yellow	.5,0.5-1,0.5-1.5,1,1-2,1-3,1-3.5,1.5,1.5-4,10-20,10-35,2-foliate,4-6,5-12,5-15,acuminate,acute,asymmetrical,beyond,brown,center,chartaceous,ciliate,cm,cordiform,decumbent,decurrent,densely,diameter,dm,drying,edge,entire,equal,exserted,fine,flower,glabrous,globose,immature,leaving,linear-lanceolate,maturing,membranaceous,moderately,na,nearly,oblong,often,palmately,parallel,pendent,pubescent,radiating,raised,ridge,running,semitransparent,shallow,short,slightly,sparsely,stamen,triangular,upright,wide,x	1.0,1.5-3.0,anther,appressed,articulation,asymmetric,basal,bract,branching,breeding,broad-based,calyx,cell,colour,connective,corolla,difoliate,discrete,distinct,eglandular,elliptic-oblong,enlarged,filament,flat,fleshy,form,fruiting,fully,geminate,glandular,green,growth,hermaphroditic,heteromorphism,inflated,inflorescence,insertion,interjected,internodal,interpetalar,leaf-opposed,leaflet,leathery,length,lower,marking,mature,membranous,modification,monochasial,multicellular,needle-like,non-geminate,none,odour,orientation,paired,pattern,pedicel,placement,pore,position,present,prickle,pseudostipule,radially,rhizome,rotate,round,scale,shape,shrub,simple,simple-entire,smell,spot,staman,stellate,stem,stone,structure,surface,swollen,symmetric,symmetry,sympodial,system,texture,tissue,trichome,tuber,type,unit,vegetative,winged,xylopodia,zygomorphy
10	wfo-0001025760	success	45	38	7	34	105	77	0.4-0.8,anther,apex,base,berry,calyx,colour,corolla,cuneate,filament,form,fruit,fruiting,growth,herb,inflorescence,leaf,length,margin,marking,membranous,mm,orange,pedicel,petiole,rounded,shape,shrub,stem,surface,texture,type,unbranched,white	-12,.5,/3,0-0.5,0-100,0.15-0.3,0.3-1,0.45-0.9,0.5-1.5,0.5-2,0.7-2.5,0.8-1.8,1-1.5-2.5-5,1-1.8,1-4,1.5,1/5,2-2.5,2.1-3.5,2.5-10,2/3,3,3-6,5-18,acute,almost,annual,apically,apparently,arrangement,articulated,bark,black,branch,broad-deltate,brown,bud,characteristic,chartaceous,cm,cream,cultivar,curved,dark,diameter,dull,elliptic,exertion,flattened-reniform,gently,glabrous,glabrousnes,green,height,history,infructescence,lateral,life,lobe,lobed,lobing,long,maturity,midpoint,moderately,na,new,number,orange-brown,ovary,ovate,pair,pale,peduncle,per,perennial,plant,poricidal,primary,ray,red-brown,seed,side,size,sometimes,spherical,stellate-pubescent,stigma,style,subentire,tapering,terete,tip,tube,unarmed,upper,usually,various,vein,way,weakly,wide,yellow,yellow-green,young							2.3-6.0,absent,appressed,articulation,asymmetric,basal,bract,branching,breeding,broad-based,cell,connective,depressed,dichasial,difoliate,discrete,distinct,eglandular,ellipsoid,enlarged,flat,fleshy,fully,geminate,hair,hermaphroditic,heteromorphism,inflated,insertion,interjected,internodal,interpetalar,leaflet,leathery,lower,mature,modification,needle-like,non-geminate,none,odour,orientation,paired,pattern,placement,pore,position,present,prickle,pseudostipule,radially,red,rhizome,round,scale,simple-entire,simple-lobed,simple-toothed,smell,spot,staman,stellate,stone,structure,swollen,symmetric,symmetry,sympodial,system,tapered-lanceolate,tissue,trichome,tuber,unit,vegetative,xylopodia,zygomorphy	15.0	80.0	96.0	0.4-0.8,base,berry,cuneate,herb,length,marking,membranous,mm,orange,rounded,shape,shrub,unbranched,white	-12,.5,/3,0-0.5,0-100,0.15-0.3,0.3-1,0.45-0.9,0.5-1.5,0.5-2,0.7-2.5,0.8-1.8,1-1.5-2.5-5,1-1.8,1-4,1.5,1/5,2-2.5,2.1-3.5,2.5-10,2/3,3,3-6,5-18,acute,almost,annual,apically,apparently,articulated,black,broad-deltate,brown,chartaceous,cm,cream,cultivar,curved,dark,diameter,dull,elliptic,flattened-reniform,gently,glabrous,green,infructescence,lateral,lobe,lobed,long,maturity,moderately,na,orange-brown,ovate,pair,pale,per,perennial,poricidal,red-brown,side,sometimes,spherical,stellate-pubescent,subentire,tapering,terete,tip,unarmed,upper,usually,various,way,weakly,wide,yellow,yellow-green,young	2.3-6.0,absent,anther,apex,appressed,articulation,asymmetric,basal,bract,branching,breeding,broad-based,calyx,cell,colour,connective,corolla,depressed,dichasial,difoliate,discrete,distinct,eglandular,ellipsoid,enlarged,filament,flat,fleshy,form,fruit,fruiting,fully,geminate,growth,hair,hermaphroditic,heteromorphism,inflated,inflorescence,insertion,interjected,internodal,interpetalar,leaf,leaflet,leathery,lower,margin,mature,modification,needle-like,non-geminate,none,odour,orientation,paired,pattern,pedicel,petiole,placement,pore,position,present,prickle,pseudostipule,radially,red,rhizome,round,scale,simple-entire,simple-lobed,simple-toothed,smell,spot,staman,stellate,stem,stone,structure,surface,swollen,symmetric,symmetry,sympodial,system,tapered-lanceolate,texture,tissue,trichome,tuber,type,unit,vegetative,xylopodia,zygomorphy
11	wfo-0001025782	invalid_json_followup	NA	43	NA	37	108	74	0.4-0.6,anther,apex,base,berry,calyx,colour,corolla,cuneate,filament,form,fruit,fruiting,growth,inflorescence,interjected,leaf,leaflet,length,margin,membranous,mm,pedicel,petiole,prickle,pseudostipule,shape,shrub,stellate,stem,surface,texture,trichome,type,unbranched,white,yellow	.5,0-10,0-5,0.1-0.15,0.1-0.2,0.55-0.75,0.9-1.3,1-2.5,1-4,1.2-6,1.3-1.6,1.5-3,10-13,2-10,2-2.5,2-3,2.5-3.5,2/3-3/4,3-4,3-5,4,4-4.5,4.5-9,5-20,5.5-6,6-14,abaxially,acuminate,apparently,arrangement,articulated,bark,branch,brown,bud,characteristic,chartaceous,cm,concolorous,conical,corrugation,curved,densely,diameter,discolorous,distal,drying,dull,elliptic,evenly,exertion,flattened,flattened-reniform,flower,gently,glabrous,glabrousnes,green,green-brown,height,history,lateral,life,lobed,lobing,long,long-styled,maturity,midpoint,moderately,na,new,number,orange-brown,ovary,pair,peduncle,per,perennial,plant,poricidal,prickly,primary,ray,red-brown,seed,size,sparsely,spherical,stellate-pubescent,stigma,style,tapering,terete,terminal,thicknes,tip,toward,tube,value,variation,vein,way,weakly,wide,width,yellow-green,young							4.0-4.5,absent,andromonoecious,appressed,articulation,asymmetric,basal,bract,branching,breeding,broad-based,cell,connective,dichasial,difoliate,discrete,distinct,eglandular,enlarged,flat,fleshy,geminate,hair,heteromorphism,inflated,insertion,internodal,interpetalar,leathery,lower,marking,mature,modification,needle-like,non-geminate,none,odour,orientation,paired,pattern,placement,pore,position,present,present-inflorescence,present-leaf,present-stem,radially,recurved,rhizome,round,scale,simple-lobed,smell,spot,staman,stone,straight,structure,swollen,symmetric,symmetry,sympodial,system,tapered-lanceolate,tissue,triangular,tuber,unit,vegetative,vine,woody,xylopodia,zygomorphy	37.0	108.0	74.0	0.4-0.6,anther,apex,base,berry,calyx,colour,corolla,cuneate,filament,form,fruit,fruiting,growth,inflorescence,interjected,leaf,leaflet,length,margin,membranous,mm,pedicel,petiole,prickle,pseudostipule,shape,shrub,stellate,stem,surface,texture,trichome,type,unbranched,white,yellow	.5,0-10,0-5,0.1-0.15,0.1-0.2,0.55-0.75,0.9-1.3,1-2.5,1-4,1.2-6,1.3-1.6,1.5-3,10-13,2-10,2-2.5,2-3,2.5-3.5,2/3-3/4,3-4,3-5,4,4-4.5,4.5-9,5-20,5.5-6,6-14,abaxially,acuminate,apparently,arrangement,articulated,bark,branch,brown,bud,characteristic,chartaceous,cm,concolorous,conical,corrugation,curved,densely,diameter,discolorous,distal,drying,dull,elliptic,evenly,exertion,flattened,flattened-reniform,flower,gently,glabrous,glabrousnes,green,green-brown,height,history,lateral,life,lobed,lobing,long,long-styled,maturity,midpoint,moderately,na,new,number,orange-brown,ovary,pair,peduncle,per,perennial,plant,poricidal,prickly,primary,ray,red-brown,seed,size,sparsely,spherical,stellate-pubescent,stigma,style,tapering,terete,terminal,thicknes,tip,toward,tube,value,variation,vein,way,weakly,wide,width,yellow-green,young	4.0-4.5,absent,andromonoecious,appressed,articulation,asymmetric,basal,bract,branching,breeding,broad-based,cell,connective,dichasial,difoliate,discrete,distinct,eglandular,enlarged,flat,fleshy,geminate,hair,heteromorphism,inflated,insertion,internodal,interpetalar,leathery,lower,marking,mature,modification,needle-like,non-geminate,none,odour,orientation,paired,pattern,placement,pore,position,present,present-inflorescence,present-leaf,present-stem,radially,recurved,rhizome,round,scale,simple-lobed,smell,spot,staman,stone,straight,structure,swollen,symmetric,symmetry,sympodial,system,tapered-lanceolate,tissue,triangular,tuber,unit,vegetative,vine,woody,xylopodia,zygomorphy
12	wfo-0001025783	invalid_json_followup	NA	38	NA	40	108	72	anther,apex,base,berry,branch,branched,branching,calyx,colour,coriaceous,corolla,dendritic,filament,fleshy,form,fruit,fruiting,growth,inflorescence,interjected,leaf,leaflet,length,margin,mm,pedicel,petiole,prickle,pseudostipule,purple,shape,shrub,stem,surface,terminal,texture,trichome,type,vine,woody	.5,0.5-1.5,0.8-3.5,1-1.2,1-3,1.8-2,2-3+,2-5,2-6.5,3-4,5,7-10,abaxially,acute,anthesi,arrangement,articulated,bark,brown,bud,c.,characteristic,cm,corrugation,diameter,distal,drying,ellipsoid,elliptic,entire,erect,exertion,expanded,exserted,filiform,flattened,flexuous,flower,glabrous,glabrousnes,globose,green,greyish,height,history,inserted,keeled,lateral,lax,less,life,lobe,lobed,lobing,long,midpoint,minutely,na,narrowly,new,nodding,number,obtuse,ovary,pair,pale,peduncle,per,pitted,plant,point,primary,pubescent,ray,reniform,revolute,ripe,sagittate,seed,seen,shiny,shoot,short,simple,size,sleeve,slightly,sometimes,somewhat,sparsely,stigma,strongly,style,thicknes,thin,time,triangular,truncate,tube,uniseriate,value,variation,vein,violet,way,wide,width,yellowish							0.5,5.0,absent,appressed,articulation,basal,black,blue,bract,breeding,broad-based,cell,connective,cup-shaped,distinct,elliptic-oblong,enlarged,fork,forked,fully,hair,hermaphroditic,heteromorphism,inflated,insertion,internodal,interpetalar,leathery,lilac,lower,marking,mature,membranous,modification,monochasial,multi-branched,needle-like,none,odour,orientation,paired,pattern,pink,placement,plurifoliate,pore,position,present,radially,rhizome,rotate,round,rounded,scale,simple-entire,smell,spot,staman,stellate,stone,structure,swollen,symmetric,symmetry,sympodial,system,tissue,tuber,unit,vegetative,xylopodia,zygomorphy	40.0	108.0	72.0	anther,apex,base,berry,branch,branched,branching,calyx,colour,coriaceous,corolla,dendritic,filament,fleshy,form,fruit,fruiting,growth,inflorescence,interjected,leaf,leaflet,length,margin,mm,pedicel,petiole,prickle,pseudostipule,purple,shape,shrub,stem,surface,terminal,texture,trichome,type,vine,woody	.5,0.5-1.5,0.8-3.5,1-1.2,1-3,1.8-2,2-3+,2-5,2-6.5,3-4,5,7-10,abaxially,acute,anthesi,arrangement,articulated,bark,brown,bud,c.,characteristic,cm,corrugation,diameter,distal,drying,ellipsoid,elliptic,entire,erect,exertion,expanded,exserted,filiform,flattened,flexuous,flower,glabrous,glabrousnes,globose,green,greyish,height,history,inserted,keeled,lateral,lax,less,life,lobe,lobed,lobing,long,midpoint,minutely,na,narrowly,new,nodding,number,obtuse,ovary,pair,pale,peduncle,per,pitted,plant,point,primary,pubescent,ray,reniform,revolute,ripe,sagittate,seed,seen,shiny,shoot,short,simple,size,sleeve,slightly,sometimes,somewhat,sparsely,stigma,strongly,style,thicknes,thin,time,triangular,truncate,tube,uniseriate,value,variation,vein,violet,way,wide,width,yellowish	0.5,5.0,absent,appressed,articulation,basal,black,blue,bract,breeding,broad-based,cell,connective,cup-shaped,distinct,elliptic-oblong,enlarged,fork,forked,fully,hair,hermaphroditic,heteromorphism,inflated,insertion,internodal,interpetalar,leathery,lilac,lower,marking,mature,membranous,modification,monochasial,multi-branched,needle-like,none,odour,orientation,paired,pattern,pink,placement,plurifoliate,pore,position,present,radially,rhizome,rotate,round,rounded,scale,simple-entire,smell,spot,staman,stellate,stone,structure,swollen,symmetric,symmetry,sympodial,system,tissue,tuber,unit,vegetative,xylopodia,zygomorphy
13	wfo-0001025788	success	32	40	8	35	69	83	anther,apex,base,blue,branch,calyx,colour,corolla,cuneate,distal,filament,form,fruit,fruiting,green,growth,inflorescence,interjected,leaf,leaflet,length,margin,mm,pedicel,petiole,prickle,pseudostipule,purple,rounded,shape,stem,surface,terminal,texture,type	0.5-2,1-4,1-5,14-48,15-30,2-10,2-13,2-3,2-5,2.8-9.5,4-31,4-5.5,4.5-10.1,5-8,6.2-12.5,acuminate,appearance,arrangement,bark,border,bud,characteristic,cm,conical,corrugation,deep,diameter,drying,elliptical,exertion,finely,giving,glabrousnes,green-white,height,herbaceous,history,lateral,life,lobe,lobing,medium,midpoint,mucilaginous,na,narrowly,new,number,oblique,odd-pinnate,ovary,ovate,ovoid,peduncle,per,perennial,plant,primary,pubescent,ray,seed,size,stigma,style,thicknes,tube,variation,vein,width							1.0-2.0,1/2,1/4-1/2,3.5-5.0,absent,acute,appressed,articulation,asymmetric,basal,berry,bract,branching,breeding,broad-based,cell,compound-entire,connective,distinct,eglandular,elliptic-oblong,elongating,enlarged,flat,fleshy,fork,forked,fully,hair,herb,hermaphroditic,heteromorphism,inflated,insertion,internodal,interpetalar,leathery,lilac,lower,marking,mature,membranous,modification,monochasial,multi-branched,multicellular,needle-like,none,odour,orientation,paired,pattern,pink,placement,plurifoliate,pointed,pore,position,present,present-pair,radially,rhizome,rotate,scale,simple,smell,spot,staman,stellate,stone,structure,swollen,symmetric,symmetry,sympodial,system,tissue,trichome,tuber,unit,vegetative,xylopodia,zygomorphy	8.0	33.0	110.0	apex,base,blue,cuneate,green,mm,purple,rounded	0.5-2,1-4,1-5,14-48,15-30,2-10,2-13,2-3,2-5,2.8-9.5,4-31,4-5.5,4.5-10.1,5-8,6.2-12.5,acuminate,cm,conical,deep,elliptical,finely,green-white,herbaceous,medium,mucilaginous,na,narrowly,oblique,odd-pinnate,ovate,ovoid,perennial,pubescent	1.0-2.0,1/2,1/4-1/2,3.5-5.0,absent,acute,anther,appressed,articulation,asymmetric,basal,berry,bract,branch,branching,breeding,broad-based,calyx,cell,colour,compound-entire,connective,corolla,distal,distinct,eglandular,elliptic-oblong,elongating,enlarged,filament,flat,fleshy,fork,forked,form,fruit,fruiting,fully,growth,hair,herb,hermaphroditic,heteromorphism,inflated,inflorescence,insertion,interjected,internodal,interpetalar,leaf,leaflet,leathery,length,lilac,lower,margin,marking,mature,membranous,modification,monochasial,multi-branched,multicellular,needle-like,none,odour,orientation,paired,pattern,pedicel,petiole,pink,placement,plurifoliate,pointed,pore,position,present,present-pair,prickle,pseudostipule,radially,rhizome,rotate,scale,shape,simple,smell,spot,staman,stellate,stem,stone,structure,surface,swollen,symmetric,symmetry,sympodial,system,terminal,texture,tissue,trichome,tuber,type,unit,vegetative,xylopodia,zygomorphy
14	wfo-0001025792	invalid_json_followup	NA	40	NA	39	106	76	anther,apex,base,berry,branch,calyx,cell,colour,corolla,distal,filament,forked,form,fruit,fruiting,green,growth,herb,inflorescence,interjected,leaf,leaflet,length,margin,mm,ovoid,pedicel,petiole,prickle,pseudostipule,purple,rounded,shape,stem,surface,terminal,texture,type,white	0.4-0.7,1-2,1-3,10-15,2-11,2-3,2-3.5,2.5-3.5,2.5-4,21-28,3-5,3.5-6,4-6,4.5-7,5,5-9,7-10,7.5-8,\u201chair-like\u201d,abaxially,acuminate,acute,adaxially,appearance,arrangement,axillary,bark,blue-mauve,blue-purple,brownish,bud,capitate,characteristic,cm,condition,corrugation,covering,dark,densely,diameter,distinctly,drying,elliptic,exertion,fresh,generally,giving,glabrous,glabrousnes,globose,green-white,greenish,half,height,history,lanceolate,lateral,life,lobe,lobing,long,mauve,midpoint,minute,mottled,na,narrow,narrowly,new,number,oblique,odd-pinnate,ovary,papillose,peduncle,per,plant,primary,proximal,pubescent,ray,ripe,rotate-pentagonal,seed,semi-rosette,shortly,size,stigma,streak,style,subtending,testal,thick,thicknes,throughout,tinged,tube,usually,value,variation,vein,wall,whitish,width,wing,x							1.0-2.0,1/2,4.0-6.0,absent,appressed,articulation,asymmetric,blue,bract,branching,breeding,broad-based,compound-entire,connective,distinct,eglandular,elliptic-oblong,elongating,enlarged,flat,fleshy,fork,fully,hair,hermaphroditic,heteromorphism,inflated,insertion,interpetalar,leathery,lilac,lower,marking,mature,membranous,modification,monochasial,multicellular,needle-like,none,odour,orientation,paired,pattern,pink,placement,plurifoliate,pore,position,present,present-pair,radially,rhizome,rotate,round,scale,simple,smell,spot,staman,stellate,stone,structure,swollen,symmetric,symmetry,sympodial,system,tissue,trichome,trifoliate,tuber,unit,vegetative,xylopodia,zygomorphy	39.0	106.0	76.0	anther,apex,base,berry,branch,calyx,cell,colour,corolla,distal,filament,forked,form,fruit,fruiting,green,growth,herb,inflorescence,interjected,leaf,leaflet,length,margin,mm,ovoid,pedicel,petiole,prickle,pseudostipule,purple,rounded,shape,stem,surface,terminal,texture,type,white	0.4-0.7,1-2,1-3,10-15,2-11,2-3,2-3.5,2.5-3.5,2.5-4,21-28,3-5,3.5-6,4-6,4.5-7,5,5-9,7-10,7.5-8,\u201chair-like\u201d,abaxially,acuminate,acute,adaxially,appearance,arrangement,axillary,bark,blue-mauve,blue-purple,brownish,bud,capitate,characteristic,cm,condition,corrugation,covering,dark,densely,diameter,distinctly,drying,elliptic,exertion,fresh,generally,giving,glabrous,glabrousnes,globose,green-white,greenish,half,height,history,lanceolate,lateral,life,lobe,lobing,long,mauve,midpoint,minute,mottled,na,narrow,narrowly,new,number,oblique,odd-pinnate,ovary,papillose,peduncle,per,plant,primary,proximal,pubescent,ray,ripe,rotate-pentagonal,seed,semi-rosette,shortly,size,stigma,streak,style,subtending,testal,thick,thicknes,throughout,tinged,tube,usually,value,variation,vein,wall,whitish,width,wing,x	1.0-2.0,1/2,4.0-6.0,absent,appressed,articulation,asymmetric,blue,bract,branching,breeding,broad-based,compound-entire,connective,distinct,eglandular,elliptic-oblong,elongating,enlarged,flat,fleshy,fork,fully,hair,hermaphroditic,heteromorphism,inflated,insertion,interpetalar,leathery,lilac,lower,marking,mature,membranous,modification,monochasial,multicellular,needle-like,none,odour,orientation,paired,pattern,pink,placement,plurifoliate,pore,position,present,present-pair,radially,rhizome,rotate,round,scale,simple,smell,spot,staman,stellate,stone,structure,swollen,symmetric,symmetry,sympodial,system,tissue,trichome,trifoliate,tuber,unit,vegetative,xylopodia,zygomorphy
15	wfo-0001025804	invalid_json_followup	NA	38	NA	38	105	68	anther,apex,attenuate,base,berry,calyx,colour,corolla,difoliate,filament,fleshy,form,fruit,fruiting,geminate,green,growth,inflorescence,interjected,internodal,leaf,leaflet,length,margin,mm,pedicel,petiole,plurifoliate,prickle,pseudostipule,shape,shrub,stem,surface,texture,type,white,winged	.25,.5,0.5-1,1-3,1.2-1.5,1.4-1.7,1.5-2,10-20,16-35,2-2.5,3-4.5,3.5-12,4-10,5,6-8,7-10,abaxially,acute,adaxially,arrangement,bark,bilobed,branch,branched,bud,characteristic,clavate,cm,conical,corrugation,cream,dark,decurrent,deflexed,dia,diameter,distal,drying,ellipsoid,elliptic,erect,exertion,exserted,flattened,flower,glabrous,glabrousnes,globose,height,history,incrassate,lateral,life,light,lobe,lobed,lobing,long,main,many,midpoint,minutely,na,near,nearly,new,number,obovate,occasionally,often,onto,opposite,ovary,pair,paler,peduncle,per,pitted,plant,poricidal,primary,ray,red-papillose,reddish-brown,reniform,seed,sessile,size,somewhat,stigma,strongly,style,terminal,thick,thicknes,time,tip,tube,value,variation,vein,whitish-green,width,wing,x							0.5,3.0-4.5,absent,appressed,articulation,basal,bract,branching,breeding,broad-based,cell,connective,cuneate,eglandular,elliptic-oblong,elongating,enlarged,flat,hair,heteromorphism,inflated,insertion,interpetalar,leaf-opposed,leathery,lower,marking,mature,membranous,modification,monochasial,multi-branched,multicellular,needle-like,none,odour,orientation,paired,pattern,placement,pore,position,present,radially,rhizome,round,scale,simple,simple-entire,smell,spot,staman,stellate,stone,structure,swollen,symmetric,symmetry,sympodial,system,tissue,trichome,tuber,unit,vegetative,xylopodia,yellow,zygomorphy	38.0	105.0	68.0	anther,apex,attenuate,base,berry,calyx,colour,corolla,difoliate,filament,fleshy,form,fruit,fruiting,geminate,green,growth,inflorescence,interjected,internodal,leaf,leaflet,length,margin,mm,pedicel,petiole,plurifoliate,prickle,pseudostipule,shape,shrub,stem,surface,texture,type,white,winged	.25,.5,0.5-1,1-3,1.2-1.5,1.4-1.7,1.5-2,10-20,16-35,2-2.5,3-4.5,3.5-12,4-10,5,6-8,7-10,abaxially,acute,adaxially,arrangement,bark,bilobed,branch,branched,bud,characteristic,clavate,cm,conical,corrugation,cream,dark,decurrent,deflexed,dia,diameter,distal,drying,ellipsoid,elliptic,erect,exertion,exserted,flattened,flower,glabrous,glabrousnes,globose,height,history,incrassate,lateral,life,light,lobe,lobed,lobing,long,main,many,midpoint,minutely,na,near,nearly,new,number,obovate,occasionally,often,onto,opposite,ovary,pair,paler,peduncle,per,pitted,plant,poricidal,primary,ray,red-papillose,reddish-brown,reniform,seed,sessile,size,somewhat,stigma,strongly,style,terminal,thick,thicknes,time,tip,tube,value,variation,vein,whitish-green,width,wing,x	0.5,3.0-4.5,absent,appressed,articulation,basal,bract,branching,breeding,broad-based,cell,connective,cuneate,eglandular,elliptic-oblong,elongating,enlarged,flat,hair,heteromorphism,inflated,insertion,interpetalar,leaf-opposed,leathery,lower,marking,mature,membranous,modification,monochasial,multi-branched,multicellular,needle-like,none,odour,orientation,paired,pattern,placement,pore,position,present,radially,rhizome,round,scale,simple,simple-entire,smell,spot,staman,stellate,stone,structure,swollen,symmetric,symmetry,sympodial,system,tissue,trichome,tuber,unit,vegetative,xylopodia,yellow,zygomorphy
16	wfo-0001025813	invalid_json	NA	40	NA	32	74	81	absent,anther,base,berry,blue,calyx,colour,corolla,filament,form,fruit,green,growth,hair,herb,inflorescence,interjected,leaf,leaflet,length,membranous,mm,pedicel,pseudostipule,shape,staman,stem,terminal,texture,tuber,type,white	0-2,0.7-1.7,1-1.5,1-10,1-2,1-4,1.2-4.5,1.3-7,1.5-1.8,1.5-6.5,15-30,2-4,3-3.5,3-4,3-5,3-6,3-7,5-18.5,5-6,6-7,abaxially,adaxially,arrangement,blade,borne,brownish,characteristic,chartaceous,cm,condition,dark,densely,diameter,drying,end,extra,flower,fresh,glabrous,glabrousnes,globose,greenish,history,homostylous,lateral,life,light,lobe,long,minute,monochasium,odd-pinnate,ovary,ovoid,peduncle,pilose,presence,pubescence,pubescent,rarely,rosette-forming,seed,singly,size,spacing,stigma,stolon,style,tube,typically,value,violet,whitish,x							1.0-2.0,1/2,3.0-3.5,apex,appressed,articulation,bract,branch,branching,breeding,broad-based,cell,compound-entire,connective,cuneate,distal,distinct,eglandular,elliptic-oblong,elongating,enlarged,flat,fleshy,fork,fruiting,fully,hermaphroditic,heteromorphism,inflated,insertion,interpetalar,leathery,lilac,lower,margin,marking,mature,modification,monochasial,multicellular,needle-like,none,odour,orientation,paired,pattern,petiole,pink,placement,plurifoliate,pore,position,present,present-pair,prickle,purple,radially,rhizome,rotate,round,scale,simple,smell,spot,stellate,stone,structure,surface,swollen,symmetric,symmetry,sympodial,system,tissue,trichome,trifoliate,unbranched,unit,vegetative,xylopodia,zygomorphy	32.0	74.0	81.0	absent,anther,base,berry,blue,calyx,colour,corolla,filament,form,fruit,green,growth,hair,herb,inflorescence,interjected,leaf,leaflet,length,membranous,mm,pedicel,pseudostipule,shape,staman,stem,terminal,texture,tuber,type,white	0-2,0.7-1.7,1-1.5,1-10,1-2,1-4,1.2-4.5,1.3-7,1.5-1.8,1.5-6.5,15-30,2-4,3-3.5,3-4,3-5,3-6,3-7,5-18.5,5-6,6-7,abaxially,adaxially,arrangement,blade,borne,brownish,characteristic,chartaceous,cm,condition,dark,densely,diameter,drying,end,extra,flower,fresh,glabrous,glabrousnes,globose,greenish,history,homostylous,lateral,life,light,lobe,long,minute,monochasium,odd-pinnate,ovary,ovoid,peduncle,pilose,presence,pubescence,pubescent,rarely,rosette-forming,seed,singly,size,spacing,stigma,stolon,style,tube,typically,value,violet,whitish,x	1.0-2.0,1/2,3.0-3.5,apex,appressed,articulation,bract,branch,branching,breeding,broad-based,cell,compound-entire,connective,cuneate,distal,distinct,eglandular,elliptic-oblong,elongating,enlarged,flat,fleshy,fork,fruiting,fully,hermaphroditic,heteromorphism,inflated,insertion,interpetalar,leathery,lilac,lower,margin,marking,mature,modification,monochasial,multicellular,needle-like,none,odour,orientation,paired,pattern,petiole,pink,placement,plurifoliate,pore,position,present,present-pair,prickle,purple,radially,rhizome,rotate,round,scale,simple,smell,spot,stellate,stone,structure,surface,swollen,symmetric,symmetry,sympodial,system,tissue,trichome,trifoliate,unbranched,unit,vegetative,xylopodia,zygomorphy
17	wfo-0001025825	invalid_json_followup	NA	40	NA	40	102	71	acute,anther,apex,base,berry,branch,calyx,cell,colour,coriaceous,corolla,distal,filament,forked,form,fruit,fruiting,green,growth,herb,inflorescence,interjected,leaf,leaflet,length,lilac,margin,mm,ovoid,pedicel,petiole,prickle,pseudostipule,shape,stem,surface,terminal,texture,type,white	0.4-1,0.5-10.4,0.7-2.2,0.9-2,1-2,1-5.5,1.1-1.4,10-24,10.5-26,14-85,2-3.7,2-5,3-10,3-5,3-8.5,3.7-6.5,4-8,6.6-14,\u201chair-like\u201d,abaxially,acuminate,adaxially,appearance,arrangement,axillary,back,bark,border,brownish,bud,capitate,characteristic,clavate,cm,condition,corrugation,covering,dark,decurrent,diameter,drying,elliptic,exertion,fresh,generally,giving,glabrous,glabrousnes,green-white,greenish,half,height,history,lanceolate,lateral,life,light,lobe,lobing,long,make,medium,midpoint,mucilaginous,na,new,number,odd-pinnate,ovary,ovate,peduncle,per,petiolulate,plant,primary,rachi,ray,seed,sessile,shiny,size,slightly,stigma,streak,style,subtending,testal,thick,thicknes,throughout,tube,unwinged,usually,value,variation,vein,wall,wet,whitish,width,winged,x							1.0-2.0,1/2,4.0-8.0,absent,appressed,articulation,blue,bract,branching,breeding,broad-based,compound-entire,connective,distinct,elliptic-oblong,elongating,enlarged,flat,fleshy,fork,fully,hair,hermaphroditic,heteromorphism,inflated,insertion,interpetalar,leathery,lower,marking,mature,modification,monochasial,needle-like,none,odour,orientation,paired,pattern,pink,placement,plurifoliate,pore,position,present,present-pair,purple,radially,rhizome,rotate,rounded,scale,smell,spot,staman,stellate,stone,structure,swollen,symmetric,symmetry,sympodial,system,tissue,trichome,trifoliate,tuber,unit,vegetative,xylopodia,zygomorphy	40.0	102.0	71.0	acute,anther,apex,base,berry,branch,calyx,cell,colour,coriaceous,corolla,distal,filament,forked,form,fruit,fruiting,green,growth,herb,inflorescence,interjected,leaf,leaflet,length,lilac,margin,mm,ovoid,pedicel,petiole,prickle,pseudostipule,shape,stem,surface,terminal,texture,type,white	0.4-1,0.5-10.4,0.7-2.2,0.9-2,1-2,1-5.5,1.1-1.4,10-24,10.5-26,14-85,2-3.7,2-5,3-10,3-5,3-8.5,3.7-6.5,4-8,6.6-14,\u201chair-like\u201d,abaxially,acuminate,adaxially,appearance,arrangement,axillary,back,bark,border,brownish,bud,capitate,characteristic,clavate,cm,condition,corrugation,covering,dark,decurrent,diameter,drying,elliptic,exertion,fresh,generally,giving,glabrous,glabrousnes,green-white,greenish,half,height,history,lanceolate,lateral,life,light,lobe,lobing,long,make,medium,midpoint,mucilaginous,na,new,number,odd-pinnate,ovary,ovate,peduncle,per,petiolulate,plant,primary,rachi,ray,seed,sessile,shiny,size,slightly,stigma,streak,style,subtending,testal,thick,thicknes,throughout,tube,unwinged,usually,value,variation,vein,wall,wet,whitish,width,winged,x	1.0-2.0,1/2,4.0-8.0,absent,appressed,articulation,blue,bract,branching,breeding,broad-based,compound-entire,connective,distinct,elliptic-oblong,elongating,enlarged,flat,fleshy,fork,fully,hair,hermaphroditic,heteromorphism,inflated,insertion,interpetalar,leathery,lower,marking,mature,modification,monochasial,needle-like,none,odour,orientation,paired,pattern,pink,placement,plurifoliate,pore,position,present,present-pair,purple,radially,rhizome,rotate,rounded,scale,smell,spot,staman,stellate,stone,structure,swollen,symmetric,symmetry,sympodial,system,tissue,trichome,trifoliate,tuber,unit,vegetative,xylopodia,zygomorphy
18	wfo-0001025838	invalid_json_followup	NA	39	NA	42	110	76	4.5-5.5,anther,apex,base,berry,black,branch,branched,calyx,colour,corolla,cup-shaped,filament,fleshy,form,fruit,fruiting,growth,inflorescence,interjected,leaf,leaflet,length,margin,membranous,mm,pedicel,petiole,prickle,pseudostipule,purple,shape,shrub,simple,stem,surface,terminal,texture,tree,type,white,winged	0.5,0.5-1,0.7-2,1-1.2,1-1.5,1.2-5,1.5-1.7,1.5-2,1.5-3.5,1.5-5,1.8-2,10-15-20,2-2.5,2.5-3,2/3,20-40,3.5-6-15,4-15,6.5-7,\u00be,acuminate,anthesi,apiculate,arching,arrangement,attenuate,bark,brown,bud,capitate,characteristic,clavate,cm,corrugation,dark,densely,diameter,distal,drying,ellipsoidal,elliptic,entire,erect,exertion,exserted,flattened,glabrous,glabrousnes,globose,greenish,height,history,lanceolate,lateral,life,like,lobe,lobed,lobing,long,many,midpoint,minute,minutely,na,narrowly,new,nodding,number,often,onto,ovary,ovoid,pair,pale,peduncle,per,pitted,plant,pointed,primary,pubescent,quadrate,ray,reddish,reniform,revolute,ripe,seed,size,slender,slightly,sometimes,stigma,strongly,style,thicknes,time,tinged,tip,tube,turbinate,value,variation,vein,way,width,x,yellow,yellowish							0.5-1.0,absent,appressed,articulation,asymmetric,basal,blue,bract,branching,breeding,broad-based,cell,connective,coriaceous,cuneate,dendritic,distinct,eglandular,elliptic-oblong,elongating,enlarged,fork,forked,fully,green,hair,hermaphroditic,heteromorphism,inflated,insertion,internodal,interpetalar,leathery,lilac,lower,marking,mature,modification,monochasial,multi-branched,multicellular,needle-like,none,odour,orientation,paired,pattern,pink,placement,plurifoliate,pore,position,present,radially,rhizome,round,scale,simple-entire,smell,spot,staman,stellate,stone,structure,swollen,symmetric,symmetry,sympodial,system,tissue,trichome,tuber,unit,vegetative,xylopodia,zygomorphy	42.0	110.0	76.0	4.5-5.5,anther,apex,base,berry,black,branch,branched,calyx,colour,corolla,cup-shaped,filament,fleshy,form,fruit,fruiting,growth,inflorescence,interjected,leaf,leaflet,length,margin,membranous,mm,pedicel,petiole,prickle,pseudostipule,purple,shape,shrub,simple,stem,surface,terminal,texture,tree,type,white,winged	0.5,0.5-1,0.7-2,1-1.2,1-1.5,1.2-5,1.5-1.7,1.5-2,1.5-3.5,1.5-5,1.8-2,10-15-20,2-2.5,2.5-3,2/3,20-40,3.5-6-15,4-15,6.5-7,\u00be,acuminate,anthesi,apiculate,arching,arrangement,attenuate,bark,brown,bud,capitate,characteristic,clavate,cm,corrugation,dark,densely,diameter,distal,drying,ellipsoidal,elliptic,entire,erect,exertion,exserted,flattened,glabrous,glabrousnes,globose,greenish,height,history,lanceolate,lateral,life,like,lobe,lobed,lobing,long,many,midpoint,minute,minutely,na,narrowly,new,nodding,number,often,onto,ovary,ovoid,pair,pale,peduncle,per,pitted,plant,pointed,primary,pubescent,quadrate,ray,reddish,reniform,revolute,ripe,seed,size,slender,slightly,sometimes,stigma,strongly,style,thicknes,time,tinged,tip,tube,turbinate,value,variation,vein,way,width,x,yellow,yellowish	0.5-1.0,absent,appressed,articulation,asymmetric,basal,blue,bract,branching,breeding,broad-based,cell,connective,coriaceous,cuneate,dendritic,distinct,eglandular,elliptic-oblong,elongating,enlarged,fork,forked,fully,green,hair,hermaphroditic,heteromorphism,inflated,insertion,internodal,interpetalar,leathery,lilac,lower,marking,mature,modification,monochasial,multi-branched,multicellular,needle-like,none,odour,orientation,paired,pattern,pink,placement,plurifoliate,pore,position,present,radially,rhizome,round,scale,simple-entire,smell,spot,staman,stellate,stone,structure,swollen,symmetric,symmetry,sympodial,system,tissue,trichome,tuber,unit,vegetative,xylopodia,zygomorphy
19	wfo-0001025845	invalid_json_followup	NA	39	NA	38	100	75	anther,apex,base,calyx,colour,corolla,cuneate,eglandular,filament,form,fruit,fruiting,green,growth,herb,inflorescence,interjected,leaf,leaflet,length,margin,mm,orange,ovoid,pedicel,petiole,prickle,pseudostipule,shape,shrub,simple,stem,surface,texture,type,unbranched,white,yellow	0.3-0.5,0.4-1.5,0.5-11,1-4.5,1.5,1.5-13,1.5-2,1.5-2.5,2,2-15,2-5-lobed,2.5-4,3,4-5,4-6,6-6.5,6-9,abaxially,abundantly,acuminate,acute,adaxially,apiculate,appearance,arrangement,bark,branch,brown,bud,characteristic,chartaceous,cm,compressed,corrugation,deltate,diameter,distal,distally,drying,ellipsoidal,entire,exertion,extra-axillary,flattened,fork,giving,glabrous,glabrousnes,greenish,height,history,lateral,laterally,life,light,lobe,lobed,lobing,located,membranaceous,midpoint,minutely,na,narrowly,new,number,obtuse,ovary,peduncle,per,pinnately,plant,primary,puberulent,pubescent,ray,rugose-verrucate,sagittate,sand-punctate,seed,side,size,sparsely,stigma,strongly,style,subcordate,tapered,terminal,thicknes,tip,triangular,truncate,tube,unlobed,value,variation,vein,width,x							0.5-0.9,5.0-6.0,absent,appressed,articulation,basal,berry,bract,branching,breeding,broad-based,cell,connective,cordate,dichasial,discrete,distinct,ellipsoid,enlarged,flat,fleshy,fully,hair,hermaphroditic,heteromorphism,inflated,insertion,internodal,interpetalar,leathery,lower,marking,mature,membranous,modification,multicellular,needle-like,none,odour,orientation,paired,pattern,placement,pore,position,present,radially,red,rhizome,rotate,rounded,scale,simple-entire,simple-lobed,smell,spot,staman,stellate,stone,structure,swollen,symmetric,symmetry,sympodial,system,tapered-lanceolate,tissue,trichome,trifoliate,tuber,unit,vegetative,winged,xylopodia,zygomorphy	38.0	100.0	75.0	anther,apex,base,calyx,colour,corolla,cuneate,eglandular,filament,form,fruit,fruiting,green,growth,herb,inflorescence,interjected,leaf,leaflet,length,margin,mm,orange,ovoid,pedicel,petiole,prickle,pseudostipule,shape,shrub,simple,stem,surface,texture,type,unbranched,white,yellow	0.3-0.5,0.4-1.5,0.5-11,1-4.5,1.5,1.5-13,1.5-2,1.5-2.5,2,2-15,2-5-lobed,2.5-4,3,4-5,4-6,6-6.5,6-9,abaxially,abundantly,acuminate,acute,adaxially,apiculate,appearance,arrangement,bark,branch,brown,bud,characteristic,chartaceous,cm,compressed,corrugation,deltate,diameter,distal,distally,drying,ellipsoidal,entire,exertion,extra-axillary,flattened,fork,giving,glabrous,glabrousnes,greenish,height,history,lateral,laterally,life,light,lobe,lobed,lobing,located,membranaceous,midpoint,minutely,na,narrowly,new,number,obtuse,ovary,peduncle,per,pinnately,plant,primary,puberulent,pubescent,ray,rugose-verrucate,sagittate,sand-punctate,seed,side,size,sparsely,stigma,strongly,style,subcordate,tapered,terminal,thicknes,tip,triangular,truncate,tube,unlobed,value,variation,vein,width,x	0.5-0.9,5.0-6.0,absent,appressed,articulation,basal,berry,bract,branching,breeding,broad-based,cell,connective,cordate,dichasial,discrete,distinct,ellipsoid,enlarged,flat,fleshy,fully,hair,hermaphroditic,heteromorphism,inflated,insertion,internodal,interpetalar,leathery,lower,marking,mature,membranous,modification,multicellular,needle-like,none,odour,orientation,paired,pattern,placement,pore,position,present,radially,red,rhizome,rotate,rounded,scale,simple-entire,simple-lobed,smell,spot,staman,stellate,stone,structure,swollen,symmetric,symmetry,sympodial,system,tapered-lanceolate,tissue,trichome,trifoliate,tuber,unit,vegetative,winged,xylopodia,zygomorphy
20	wfo-0001025850	invalid_json_followup	NA	39	NA	43	119	71	0.5,2,acute,anther,apex,basal,base,berry,branch,calyx,colour,corolla,filament,form,fruit,fruiting,glandular,growth,inflorescence,interjected,leaf,leaflet,length,margin,mm,orange,pedicel,petiole,prickle,pseudostipule,rounded,shape,shrub,simple,stem,surface,terminal,texture,trichome,type,vine,white,woody	-7,.5,.8,0.5-1,0.5-1-3-5,0.5-1.5-5,0.5-3,0.6-1,1,1-1.5,1-celled,1.5,15-20,2-6.5,30,4-5,6-7,anthesi,arrangement,articulated,axi,bark,branched,brown,bud,capitate,caylx,characteristic,cm,corrugation,cyathiform,deciduous,deflexed,denser,diameter,distal,divaricate,drying,ellipsoid,elliptic,entire,erect,exertion,exserted,flattened,flower,glabrous,glabrousnes,gland,globose,green,half,height,history,irregularly,lamina,later,lateral,lax,leaving,life,lobed,lobing,long,many,midpoint,minute,minutely,na,narrowly,nearly,new,nodding,node,number,often,openly,ovary,pair,pale,peduncle,peg,per,pinnatifid,pitted,plant,primary,puberulent,pubescent,ray,reddish,reniform,rhomboid,ripe,scattered,seed,shallowly,size,sleeve,slender,small,soon,spreading,stigma,strongly,style,tan,thicknes,time,tiny,truncate,tube,uniseriate,value,variation,vein,width,x,young							3.0,absent,appressed,articulation,bract,branching,breeding,broad-based,cell,connective,cuneate,cup-shaped,distinct,elliptic-oblong,elongating,enlarged,fleshy,fork,forked,fully,hair,hermaphroditic,heteromorphism,inflated,insertion,internodal,interpetalar,leathery,lobe,lower,marking,mature,membranous,modification,monochasial,multi-branched,multicellular,needle-like,none,odour,orientation,paired,pattern,placement,plurifoliate,pore,position,radially,red,rhizome,round,scale,simple-entire,simple-pinnatifid,smell,spot,staman,stellate,stone,structure,swollen,symmetric,symmetry,sympodial,system,tissue,tuber,unit,vegetative,xylopodia,zygomorphy	43.0	119.0	71.0	0.5,2,acute,anther,apex,basal,base,berry,branch,calyx,colour,corolla,filament,form,fruit,fruiting,glandular,growth,inflorescence,interjected,leaf,leaflet,length,margin,mm,orange,pedicel,petiole,prickle,pseudostipule,rounded,shape,shrub,simple,stem,surface,terminal,texture,trichome,type,vine,white,woody	-7,.5,.8,0.5-1,0.5-1-3-5,0.5-1.5-5,0.5-3,0.6-1,1,1-1.5,1-celled,1.5,15-20,2-6.5,30,4-5,6-7,anthesi,arrangement,articulated,axi,bark,branched,brown,bud,capitate,caylx,characteristic,cm,corrugation,cyathiform,deciduous,deflexed,denser,diameter,distal,divaricate,drying,ellipsoid,elliptic,entire,erect,exertion,exserted,flattened,flower,glabrous,glabrousnes,gland,globose,green,half,height,history,irregularly,lamina,later,lateral,lax,leaving,life,lobed,lobing,long,many,midpoint,minute,minutely,na,narrowly,nearly,new,nodding,node,number,often,openly,ovary,pair,pale,peduncle,peg,per,pinnatifid,pitted,plant,primary,puberulent,pubescent,ray,reddish,reniform,rhomboid,ripe,scattered,seed,shallowly,size,sleeve,slender,small,soon,spreading,stigma,strongly,style,tan,thicknes,time,tiny,truncate,tube,uniseriate,value,variation,vein,width,x,young	3.0,absent,appressed,articulation,bract,branching,breeding,broad-based,cell,connective,cuneate,cup-shaped,distinct,elliptic-oblong,elongating,enlarged,fleshy,fork,forked,fully,hair,hermaphroditic,heteromorphism,inflated,insertion,internodal,interpetalar,leathery,lobe,lower,marking,mature,membranous,modification,monochasial,multi-branched,multicellular,needle-like,none,odour,orientation,paired,pattern,placement,plurifoliate,pore,position,radially,red,rhizome,round,scale,simple-entire,simple-pinnatifid,smell,spot,staman,stellate,stone,structure,swollen,symmetric,symmetry,sympodial,system,tissue,tuber,unit,vegetative,xylopodia,zygomorphy
21	wfo-0001025872	success	41	38	6	31	91	75	0.25-0.5,acute,anther,apex,base,berry,branch,calyx,colour,corolla,filament,fleshy,form,fruit,green,growth,inflorescence,leaf,length,margin,mm,pedicel,petiole,shape,shrub,stem,surface,terminal,texture,type,white	0.5,0.6-1,1,1-1.3,1-2,1.2-1.6,1.7-3,2-2.5,2-5,2/3,3.5-4,4-4.5,4.5-13,6-10,6-8,along,apically,arrangement,bark,becoming,beneath,broadly,brownish,bud,capitate,characteristic,cm,coriaceous,corrugation,crinkled,cup-shaped,dark,decurrent,deeply,densely,dia,diameter,dry,elliptic,exertion,exserted,flattened,flattened-reniform,glabrous,glabrousnes,globose,grayish-brown,greenish-tan,height,history,later,lateral,life,live,lobing,main,midrib,na,narrowly,new,occasionally,older,onto,opposite,ovary,pair,perennial,pitted,plant,primary,pubescent,red-papillose,revolute,rounded,seed,shaped,size,soon,stigma,style,tapering,tear-drop,thick,thicknes,tube,variation,vein,way,width,x,young							4.0-4.5,absent,appressed,articulation,basal,bract,branching,breeding,broad-based,cell,connective,discrete,distinct,eglandular,elliptic-oblong,enlarged,flat,fork,fruiting,hair,heteromorphism,inflated,insertion,interjected,internodal,interpetalar,leaf-opposed,leaflet,leathery,lower,marking,mature,membranous,modification,monochasial,multi-branched,multicellular,needle-like,none,odour,orientation,paired,pattern,placement,plurifoliate,pore,position,present,prickle,pseudostipule,radially,rhizome,round,scale,simple,simple-entire,smell,spot,staman,stellate,stone,structure,swollen,symmetric,symmetry,sympodial,system,tissue,trichome,tuber,unit,vegetative,winged,xylopodia,zygomorphy	13.0	68.0	93.0	0.25-0.5,acute,base,berry,calyx,fleshy,green,leaf,mm,petiole,shrub,terminal,white	0.5,0.6-1,1,1-1.3,1-2,1.2-1.6,1.7-3,2-2.5,2-5,2/3,3.5-4,4-4.5,4.5-13,6-10,6-8,along,apically,becoming,beneath,broadly,brownish,capitate,cm,coriaceous,crinkled,cup-shaped,dark,decurrent,deeply,densely,dia,dry,elliptic,exserted,flattened,flattened-reniform,glabrous,globose,grayish-brown,greenish-tan,later,lateral,live,main,midrib,na,narrowly,occasionally,older,onto,opposite,pair,perennial,pitted,pubescent,red-papillose,revolute,rounded,shaped,soon,tapering,tear-drop,thick,tube,vein,way,x,young	4.0-4.5,absent,anther,apex,appressed,articulation,basal,bract,branch,branching,breeding,broad-based,cell,colour,connective,corolla,discrete,distinct,eglandular,elliptic-oblong,enlarged,filament,flat,fork,form,fruit,fruiting,growth,hair,heteromorphism,inflated,inflorescence,insertion,interjected,internodal,interpetalar,leaf-opposed,leaflet,leathery,length,lower,margin,marking,mature,membranous,modification,monochasial,multi-branched,multicellular,needle-like,none,odour,orientation,paired,pattern,pedicel,placement,plurifoliate,pore,position,present,prickle,pseudostipule,radially,rhizome,round,scale,shape,simple,simple-entire,smell,spot,staman,stellate,stem,stone,structure,surface,swollen,symmetric,symmetry,sympodial,system,texture,tissue,trichome,tuber,type,unit,vegetative,winged,xylopodia,zygomorphy
22	wfo-0001025893	invalid_json_followup	NA	38	NA	35	109	71	anther,apex,attenuate,base,berry,calyx,colour,corolla,filament,form,fruit,fruiting,green,growth,inflorescence,interjected,internodal,leaf,leaflet,length,margin,mm,pedicel,petiole,pore,prickle,pseudostipule,shape,shrub,stem,surface,texture,type,white,winged	.25,.4,.5,0.5-1.5,0.8-1,1-1.2,1-4,1.5-1.7,1.5-2,11-20,2-2.5,2-3,3-5,5-6,6-10,accrescent,along,alternate,arrangement,bark,beneath,bi-lobed,branch,branched,broadly,brownish-green,bud,capitate,characteristic,cm,corrugation,cup-shaped,decurrent,densely,dia,diameter,distal,dry,drying,early,ellipsoid,elliptic,even,exertion,exserted,glabrate,glabrous,glabrousnes,globose,golden-puberulent,greyish,height,history,lateral,life,lobe,lobed,lobing,long,long-acuminate,main,midpoint,minutely,na,narrowly,nearly,new,number,obovate,occasionally,older,opposite,ovary,ovoid-reniform,pair,pale,papillose,peduncle,per,pitted,plant,poricidal,primary,ray,red-papillose,seed,shaped,size,slender,slightly,sometimes,specimen,stigma,straight,style,tapering,tear-drop,terminal,thicknes,tip,tube,value,variation,vein,width,woody,x,yellowish,young							0.5,2.0-2.5,absent,appressed,articulation,basal,bract,branching,breeding,broad-based,cell,connective,difoliate,discrete,distinct,eglandular,elliptic-oblong,enlarged,flat,fleshy,forked,geminate,hair,heteromorphism,inflated,insertion,interpetalar,leaf-opposed,leathery,lower,marking,mature,membranous,modification,monochasial,multicellular,needle-like,none,odour,orientation,paired,pattern,placement,plurifoliate,position,present,radially,rhizome,round,scale,simple,simple-entire,smell,spot,staman,stellate,stone,structure,swollen,symmetric,symmetry,sympodial,system,tissue,trichome,tuber,unbranched,unit,vegetative,xylopodia,zygomorphy	35.0	109.0	71.0	anther,apex,attenuate,base,berry,calyx,colour,corolla,filament,form,fruit,fruiting,green,growth,inflorescence,interjected,internodal,leaf,leaflet,length,margin,mm,pedicel,petiole,pore,prickle,pseudostipule,shape,shrub,stem,surface,texture,type,white,winged	.25,.4,.5,0.5-1.5,0.8-1,1-1.2,1-4,1.5-1.7,1.5-2,11-20,2-2.5,2-3,3-5,5-6,6-10,accrescent,along,alternate,arrangement,bark,beneath,bi-lobed,branch,branched,broadly,brownish-green,bud,capitate,characteristic,cm,corrugation,cup-shaped,decurrent,densely,dia,diameter,distal,dry,drying,early,ellipsoid,elliptic,even,exertion,exserted,glabrate,glabrous,glabrousnes,globose,golden-puberulent,greyish,height,history,lateral,life,lobe,lobed,lobing,long,long-acuminate,main,midpoint,minutely,na,narrowly,nearly,new,number,obovate,occasionally,older,opposite,ovary,ovoid-reniform,pair,pale,papillose,peduncle,per,pitted,plant,poricidal,primary,ray,red-papillose,seed,shaped,size,slender,slightly,sometimes,specimen,stigma,straight,style,tapering,tear-drop,terminal,thicknes,tip,tube,value,variation,vein,width,woody,x,yellowish,young	0.5,2.0-2.5,absent,appressed,articulation,basal,bract,branching,breeding,broad-based,cell,connective,difoliate,discrete,distinct,eglandular,elliptic-oblong,enlarged,flat,fleshy,forked,geminate,hair,heteromorphism,inflated,insertion,interpetalar,leaf-opposed,leathery,lower,marking,mature,membranous,modification,monochasial,multicellular,needle-like,none,odour,orientation,paired,pattern,placement,plurifoliate,position,present,radially,rhizome,round,scale,simple,simple-entire,smell,spot,staman,stellate,stone,structure,swollen,symmetric,symmetry,sympodial,system,tissue,trichome,tuber,unbranched,unit,vegetative,xylopodia,zygomorphy
23	wfo-0001025896	success	29	36	6	40	82	78	anther,apex,base,branch,calyx,colour,corolla,cuneate,eglandular,filament,forked,form,fruit,fruiting,growth,hair,inflorescence,interjected,leaf,leaflet,length,margin,mm,orange,pedicel,petiole,prickle,pseudostipule,purple,red,shape,shrub,simple,stem,surface,terminal,texture,type,unbranched,white	-3,-30,0.5,0.5-2,1-6.5,1-8,1.5-2,2-14,4,4-23,4-5,5-15,6-10,7743,acosta,acuminate,adaxially,also,angled,appearance,arrangement,bark,border,brownish,bud,characteristic,chartaceous,cm,corrugation,densely,diameter,distal,drying,elliptic-ovate,entire,exertion,flower,giving,glabrous,glabrousnes,gland,globose,height,history,lateral,life,lobe,lobing,midpoint,moderately,na,nearly,new,number,obtuse,often,ovary,ovate,pale,peduncle,per,plant,primary,pubescent,ray,ripe,rugose,seed,short-stalked,size,smooth,solí,stigma,style,subcordate,thicknes,truncate,tube,variation,vein,width,x							4.0-6.0,absent,appressed,articulation,asymmetric,basal,berry,blue,bract,branched,branching,breeding,broad-based,brown,cell,connective,cordate,dendritic,discrete,distinct,enlarged,flat,fleshy,fork,fully,glandular,hermaphroditic,heteromorphism,inflated,insertion,internodal,interpetalar,leathery,lilac,lower,marking,mature,membranous,modification,multicellular,needle-like,none,odour,orientation,paired,pattern,pink,placement,plurifoliate,pore,position,present,radially,rhizome,rotate,round,scale,simple-entire,smell,spot,staman,stellate,stone,structure,swollen,symmetric,symmetry,sympodial,system,tapered-lanceolate,thickened,tissue,trichome,tuber,unit,vegetative,xylopodia,zygomorphy	13.0	46.0	105.0	apex,cuneate,eglandular,forked,hair,mm,orange,purple,red,shrub,simple,unbranched,white	-3,-30,0.5,0.5-2,1-6.5,1-8,1.5-2,2-14,4,4-23,4-5,5-15,6-10,7743,acosta,acuminate,adaxially,also,angled,brownish,chartaceous,cm,densely,diameter,elliptic-ovate,entire,flower,glabrous,gland,globose,moderately,na,nearly,obtuse,often,ovate,pale,pubescent,ripe,rugose,short-stalked,smooth,solí,subcordate,truncate,x	4.0-6.0,absent,anther,appressed,articulation,asymmetric,basal,base,berry,blue,bract,branch,branched,branching,breeding,broad-based,brown,calyx,cell,colour,connective,cordate,corolla,dendritic,discrete,distinct,enlarged,filament,flat,fleshy,fork,form,fruit,fruiting,fully,glandular,growth,hermaphroditic,heteromorphism,inflated,inflorescence,insertion,interjected,internodal,interpetalar,leaf,leaflet,leathery,length,lilac,lower,margin,marking,mature,membranous,modification,multicellular,needle-like,none,odour,orientation,paired,pattern,pedicel,petiole,pink,placement,plurifoliate,pore,position,present,prickle,pseudostipule,radially,rhizome,rotate,round,scale,shape,simple-entire,smell,spot,staman,stellate,stem,stone,structure,surface,swollen,symmetric,symmetry,sympodial,system,tapered-lanceolate,terminal,texture,thickened,tissue,trichome,tuber,type,unit,vegetative,xylopodia,zygomorphy
24	wfo-0001025902	success	45	39	7	37	95	80	anther,apex,attenuate,base,berry,black,branch,calyx,colour,corolla,ellipsoid,filament,form,fruit,fruiting,growth,inflorescence,leaf,leaf-opposed,length,lower,margin,mature,mm,pedicel,petiole,shape,simple,stem,surface,terminal,texture,trichome,type,vine,woody,yellow	.5,/2,0.1-0.5,0.5-2,0.5-2.5,1-1.2,1-1.5,1.2-1.5,1.5,1.5-2,1/3,11-15,1983,2-6,2.5-4,4,4-6,40,>,acute,adaxially,anthesi,arrangement,bark,becoming,bud,c.,cabrera,characteristic,clavate,cm,completely,conical,corrugation,densely,diameter,drying,dull,entire,exertion,exserted,fide,flattened-reniform,glabrous,glabrousnes,globose,green,height,history,lanceolate,lateral,life,linear,lobing,long,minute,minutely,na,new,number,occasionally,ovary,pair,pale,peduncle,per,pitted,plant,primary,pubescent,ridged,rounded,scattered,scrambling,seed,size,slender,sometimes,sparsely,stigma,strongly,style,tangled,tapering,tube,uniseriate,vein,violet,way,weak,whitish,wing,x,yellowish,½							1.0,5.0-6.0,absent,appressed,articulation,basal,blue,bract,branching,breeding,broad-based,cell,connective,coriaceous,cuneate,cup-shaped,distinct,eglandular,elliptic-oblong,elongating,enlarged,fleshy,fork,forked,fully,hair,hermaphroditic,heteromorphism,inflated,insertion,interjected,internodal,interpetalar,leaflet,leathery,lilac,marking,membranous,modification,monochasial,multi-branched,multicellular,needle-like,none,odour,orientation,paired,pattern,pink,placement,plurifoliate,pore,position,present,prickle,pseudostipule,purple,radially,rhizome,rotate,round,scale,simple-lobed,smell,spot,staman,stellate,stone,structure,swollen,symmetric,symmetry,sympodial,system,tissue,tuber,unit,vegetative,xylopodia,zygomorphy	17.0	72.0	100.0	attenuate,base,berry,black,calyx,ellipsoid,leaf-opposed,lower,mature,mm,simple,surface,terminal,trichome,vine,woody,yellow	.5,/2,0.1-0.5,0.5-2,0.5-2.5,1-1.2,1-1.5,1.2-1.5,1.5,1.5-2,1/3,11-15,1983,2-6,2.5-4,4,4-6,40,>,acute,adaxially,anthesi,becoming,c.,cabrera,clavate,cm,completely,conical,densely,diameter,dull,entire,exserted,fide,flattened-reniform,glabrous,globose,green,lanceolate,lateral,linear,long,minute,minutely,na,occasionally,pair,pale,per,pitted,pubescent,ridged,rounded,scattered,scrambling,slender,sometimes,sparsely,strongly,tangled,tapering,tube,uniseriate,violet,way,weak,whitish,wing,x,yellowish,½	1.0,5.0-6.0,absent,anther,apex,appressed,articulation,basal,blue,bract,branch,branching,breeding,broad-based,cell,colour,connective,coriaceous,corolla,cuneate,cup-shaped,distinct,eglandular,elliptic-oblong,elongating,enlarged,filament,fleshy,fork,forked,form,fruit,fruiting,fully,growth,hair,hermaphroditic,heteromorphism,inflated,inflorescence,insertion,interjected,internodal,interpetalar,leaf,leaflet,leathery,length,lilac,margin,marking,membranous,modification,monochasial,multi-branched,multicellular,needle-like,none,odour,orientation,paired,pattern,pedicel,petiole,pink,placement,plurifoliate,pore,position,present,prickle,pseudostipule,purple,radially,rhizome,rotate,round,scale,shape,simple-lobed,smell,spot,staman,stellate,stem,stone,structure,swollen,symmetric,symmetry,sympodial,system,texture,tissue,tuber,type,unit,vegetative,xylopodia,zygomorphy
25	wfo-0001025906	invalid_json_followup	NA	40	NA	43	104	72	acute,anther,apex,base,berry,blue,branch,calyx,cell,colour,coriaceous,corolla,cuneate,distal,filament,forked,form,fruit,fruiting,green,growth,hair,herb,inflorescence,interjected,leaf,leaflet,length,lilac,margin,mm,ovoid,pedicel,petiole,prickle,pseudostipule,purple,shape,stem,surface,terminal,texture,type	0-14,0.1-2,0.15-0.6,0.2-0.6,0.20-0.60,1-2,1.1-2,1.6-12.4,1.8-4.8,16-51,2-4.4,2-6,2.6-5.2,3-10,4-7,5-7,5.2-9,8-16,\u201chair-like\u201d,abaxially,adaxially,arrangement,axillary,bark,brownish,bud,capitate,characteristic,clavate,cm,condition,corrugation,covering,dark,decurrent,diameter,drying,erect,exertion,fresh,generally,glabrous,glabrousnes,globose,green-white,greenish,half,height,history,lanceolate,lateral,life,light,linear,lobe,lobing,long,make,midpoint,mucilaginous,na,new,number,obtuse,odd-pinnate,ovary,peduncle,per,plant,primary,pubescent,rachi,ray,ripe,seed,sessile,shiny,short,size,slightly,stigma,stripe,style,sub-glabrous,subglabrous,subtending,testal,thick,thicknes,throughout,tube,typically,unwinged,usually,value,variation,vein,wall,wet,white,whitish,width,woody,x							1.0-2.0,1/2,4.0-7.0,absent,appressed,articulation,bract,branching,breeding,broad-based,compound-entire,connective,distinct,eglandular,elliptic-oblong,elongating,enlarged,flat,fleshy,fork,fully,hermaphroditic,heteromorphism,inflated,insertion,interpetalar,leathery,lower,marking,mature,modification,monochasial,multicellular,needle-like,none,odour,orientation,paired,pattern,pink,placement,plurifoliate,pore,position,present,present-pair,radially,rhizome,rotate,round,rounded,scale,simple,smell,spot,staman,stellate,stone,structure,swollen,symmetric,symmetry,sympodial,system,tissue,trichome,trifoliate,tuber,unit,vegetative,xylopodia,zygomorphy	43.0	104.0	72.0	acute,anther,apex,base,berry,blue,branch,calyx,cell,colour,coriaceous,corolla,cuneate,distal,filament,forked,form,fruit,fruiting,green,growth,hair,herb,inflorescence,interjected,leaf,leaflet,length,lilac,margin,mm,ovoid,pedicel,petiole,prickle,pseudostipule,purple,shape,stem,surface,terminal,texture,type	0-14,0.1-2,0.15-0.6,0.2-0.6,0.20-0.60,1-2,1.1-2,1.6-12.4,1.8-4.8,16-51,2-4.4,2-6,2.6-5.2,3-10,4-7,5-7,5.2-9,8-16,\u201chair-like\u201d,abaxially,adaxially,arrangement,axillary,bark,brownish,bud,capitate,characteristic,clavate,cm,condition,corrugation,covering,dark,decurrent,diameter,drying,erect,exertion,fresh,generally,glabrous,glabrousnes,globose,green-white,greenish,half,height,history,lanceolate,lateral,life,light,linear,lobe,lobing,long,make,midpoint,mucilaginous,na,new,number,obtuse,odd-pinnate,ovary,peduncle,per,plant,primary,pubescent,rachi,ray,ripe,seed,sessile,shiny,short,size,slightly,stigma,stripe,style,sub-glabrous,subglabrous,subtending,testal,thick,thicknes,throughout,tube,typically,unwinged,usually,value,variation,vein,wall,wet,white,whitish,width,woody,x	1.0-2.0,1/2,4.0-7.0,absent,appressed,articulation,bract,branching,breeding,broad-based,compound-entire,connective,distinct,eglandular,elliptic-oblong,elongating,enlarged,flat,fleshy,fork,fully,hermaphroditic,heteromorphism,inflated,insertion,interpetalar,leathery,lower,marking,mature,modification,monochasial,multicellular,needle-like,none,odour,orientation,paired,pattern,pink,placement,plurifoliate,pore,position,present,present-pair,radially,rhizome,rotate,round,rounded,scale,simple,smell,spot,staman,stellate,stone,structure,swollen,symmetric,symmetry,sympodial,system,tissue,trichome,trifoliate,tuber,unit,vegetative,xylopodia,zygomorphy
26	wfo-0001025907	invalid_json_followup	NA	39	NA	35	108	71	acute,anther,apex,axillary,base,berry,calyx,colour,corolla,filament,form,fruit,fruiting,green,growth,inflorescence,interjected,leaf,leaflet,length,lower,margin,mm,pedicel,petiole,prickle,pseudostipule,shape,shrub,simple,stem,surface,texture,trichome,type	-4,.05,.5,.5-1,0,0-60,0.8-1.8,1,1-1.2,1-2.3,1-3,1-5,1.5-2,1.5-2.2,10-15,12-45,2,2-3.5,2/3,3-4,3-5-15,4-5,5-7,acuminate,along,appearance,arrangement,attenuate,axil,bark,bearing,branch,brown,bud,c,characteristic,clavate,cm,conical,conspicuously,corrugation,densely,diameter,distal,drying,elliptic,exertion,flattened,flower,giving,glabrous,glabrousnes,globose,greenish,height,history,iquito,isolated,lateral,life,lobe,lobed,lobing,long,midpoint,minutely,na,near,nearly,new,number,obovate,open,ovary,ovoid-reniform,pair,papillate,papillose,peduncle,per,perennial,plant,population,poricidal,primary,pubescent,ray,red-papillate,round,rugose,scar,seed,size,stigma,style,terminal,thicknes,time,tip,truncate,tube,uniseriate,value,variation,vein,white-lenticellate,width,x							0.05,1.5-2.0,absent,andromonoecious,appressed,articulation,basal,bract,branching,breeding,broad-based,cell,connective,cuneate,distinct,eglandular,elliptic-oblong,elongating,enlarged,flat,fleshy,forked,hair,herb,heteromorphism,inflated,insertion,interpetalar,leathery,marking,mature,membranous,modification,monochasial,multi-branched,multicellular,needle-like,none,odour,orientation,paired,pattern,placement,pointed,pore,position,radially,rhizome,scale,simple-entire,small,smell,spot,staman,stellate,stone,structure,swollen,symmetric,symmetry,sympodial,system,tissue,tuber,unbranched,unifoliate,unit,vegetative,white,xylopodia,zygomorphy	35.0	108.0	71.0	acute,anther,apex,axillary,base,berry,calyx,colour,corolla,filament,form,fruit,fruiting,green,growth,inflorescence,interjected,leaf,leaflet,length,lower,margin,mm,pedicel,petiole,prickle,pseudostipule,shape,shrub,simple,stem,surface,texture,trichome,type	-4,.05,.5,.5-1,0,0-60,0.8-1.8,1,1-1.2,1-2.3,1-3,1-5,1.5-2,1.5-2.2,10-15,12-45,2,2-3.5,2/3,3-4,3-5-15,4-5,5-7,acuminate,along,appearance,arrangement,attenuate,axil,bark,bearing,branch,brown,bud,c,characteristic,clavate,cm,conical,conspicuously,corrugation,densely,diameter,distal,drying,elliptic,exertion,flattened,flower,giving,glabrous,glabrousnes,globose,greenish,height,history,iquito,isolated,lateral,life,lobe,lobed,lobing,long,midpoint,minutely,na,near,nearly,new,number,obovate,open,ovary,ovoid-reniform,pair,papillate,papillose,peduncle,per,perennial,plant,population,poricidal,primary,pubescent,ray,red-papillate,round,rugose,scar,seed,size,stigma,style,terminal,thicknes,time,tip,truncate,tube,uniseriate,value,variation,vein,white-lenticellate,width,x	0.05,1.5-2.0,absent,andromonoecious,appressed,articulation,basal,bract,branching,breeding,broad-based,cell,connective,cuneate,distinct,eglandular,elliptic-oblong,elongating,enlarged,flat,fleshy,forked,hair,herb,heteromorphism,inflated,insertion,interpetalar,leathery,marking,mature,membranous,modification,monochasial,multi-branched,multicellular,needle-like,none,odour,orientation,paired,pattern,placement,pointed,pore,position,radially,rhizome,scale,simple-entire,small,smell,spot,staman,stellate,stone,structure,swollen,symmetric,symmetry,sympodial,system,tissue,tuber,unbranched,unifoliate,unit,vegetative,white,xylopodia,zygomorphy
27	wfo-0001026203	invalid_json_followup	NA	40	NA	41	105	73	acute,anther,apex,base,berry,blue,branch,calyx,cell,colour,coriaceous,corolla,distal,filament,forked,form,fruit,fruiting,green,growth,hair,herb,inflorescence,interjected,leaf,leaflet,length,lilac,margin,mm,ovoid,pedicel,petiole,prickle,pseudostipule,shape,stem,surface,terminal,texture,type	0-39,0.06-0.86,0.38-11.3,0.4-3,0.5-2.3,0.5-3.2,0.7-2.6,1-13,1-2,1.1-7.9,1.2-5.5,2-4.9,2-43,2-8.5,2.2-13.3,3-10,3-11,3.2-22,7-47,\u201chair-like\u201d,abaxially,acuminate,adaxially,arrangement,attenuate,axillary,bark,brownish,bud,capitate,characteristic,clavate,cm,condition,corrugation,covering,dark,deep,diameter,drying,elliptic,exertion,flower,fresh,generally,glabrescent,glabrous,glabrousnes,globose,green-white,greenish,half,height,history,lanceolate,lateral,life,light,lobe,lobing,long,make,medium,midpoint,mucilaginous,na,new,number,odd-pinnate,ovary,ovate,peduncle,per,plant,primary,ray,ripe,rounded,seed,sessile,short,size,sometimes,stigma,stripe,style,subtending,testal,thick,thicknes,throughout,tube,typically,unwinged,usually,value,variation,vein,wall,wet,white,whitish,wide,width,x							1.0-2.0,1/2,3.0-11.0,absent,appressed,articulation,asymmetric,bract,branching,breeding,broad-based,compound-entire,connective,distinct,eglandular,elliptic-oblong,elongating,enlarged,flat,fleshy,fork,fully,hermaphroditic,heteromorphism,inflated,insertion,interpetalar,leathery,lower,marking,mature,modification,monochasial,multicellular,needle-like,none,odour,orientation,paired,pattern,pink,placement,plurifoliate,pore,position,present,present-pair,purple,radially,rhizome,rotate,round,scale,simple,smell,spot,staman,stellate,stone,structure,swollen,symmetric,symmetry,sympodial,system,tissue,trichome,trifoliate,tuber,unit,vegetative,xylopodia,zygomorphy	41.0	105.0	73.0	acute,anther,apex,base,berry,blue,branch,calyx,cell,colour,coriaceous,corolla,distal,filament,forked,form,fruit,fruiting,green,growth,hair,herb,inflorescence,interjected,leaf,leaflet,length,lilac,margin,mm,ovoid,pedicel,petiole,prickle,pseudostipule,shape,stem,surface,terminal,texture,type	0-39,0.06-0.86,0.38-11.3,0.4-3,0.5-2.3,0.5-3.2,0.7-2.6,1-13,1-2,1.1-7.9,1.2-5.5,2-4.9,2-43,2-8.5,2.2-13.3,3-10,3-11,3.2-22,7-47,\u201chair-like\u201d,abaxially,acuminate,adaxially,arrangement,attenuate,axillary,bark,brownish,bud,capitate,characteristic,clavate,cm,condition,corrugation,covering,dark,deep,diameter,drying,elliptic,exertion,flower,fresh,generally,glabrescent,glabrous,glabrousnes,globose,green-white,greenish,half,height,history,lanceolate,lateral,life,light,lobe,lobing,long,make,medium,midpoint,mucilaginous,na,new,number,odd-pinnate,ovary,ovate,peduncle,per,plant,primary,ray,ripe,rounded,seed,sessile,short,size,sometimes,stigma,stripe,style,subtending,testal,thick,thicknes,throughout,tube,typically,unwinged,usually,value,variation,vein,wall,wet,white,whitish,wide,width,x	1.0-2.0,1/2,3.0-11.0,absent,appressed,articulation,asymmetric,bract,branching,breeding,broad-based,compound-entire,connective,distinct,eglandular,elliptic-oblong,elongating,enlarged,flat,fleshy,fork,fully,hermaphroditic,heteromorphism,inflated,insertion,interpetalar,leathery,lower,marking,mature,modification,monochasial,multicellular,needle-like,none,odour,orientation,paired,pattern,pink,placement,plurifoliate,pore,position,present,present-pair,purple,radially,rhizome,rotate,round,scale,simple,smell,spot,staman,stellate,stone,structure,swollen,symmetric,symmetry,sympodial,system,tissue,trichome,trifoliate,tuber,unit,vegetative,xylopodia,zygomorphy
28	wfo-0001026208	success	52	43	8	38	105	86	anther,apex,base,berry,branch,calyx,colour,corolla,cuneate,filament,form,fruit,growth,inflorescence,leaf,leaflet,length,lower,margin,membranous,mm,orange,pedicel,petiole,prickle,pseudostipule,recurved,red,rounded,shape,shrub,stem,straight,surface,terminal,texture,type,white	/3,0-20,0.1-0.25,0.1-0.3,0.5-1.2,0.6-0.8,0.6-0.9,0.7-2,0.8-1.5,1-5,1.8-2.3,1.8-2.5,11-25,2-20,3-30,3.5-5,3/4,4-7,5-10,5-17,abaxially,acuminate,acute,apart,apparently,appearance,arrangement,bark,border,bright,brown,characteristic,chartaceous,cm,conical,connivent,curved,dark,densely,diameter,distal,dull,elliptic,erect,evenly,exertion,flattened,flattened-reniform,giving,glabrous,glabrousnes,gray-greenish,green,green-brown,height,history,lateral,life,lobe,lobed,lobing,long,maturity,mauve,midpoint,moderately,na,new,number,orange-brown,ovary,ovate,pair,pale,peduncle,per,perennial,plant,poricidal,prickly,primary,pubescent,ray,red-brown,seed,size,sometimes,spaced,sparsely,spherical,stellate-pubescent,straw-yellow,style,tapering,thicknes,tip,tube,unarmed,variation,vein,way,wide,width,yellow,young							0.5,3.5-5.0,absent,absent-inflorescence,appressed,articulation,asymmetric,basal,blue,bract,branching,breeding,broad-based,cell,connective,dichasial,difoliate,discrete,distinct,eglandular,enlarged,flat,fleshy,fork,forked,fruiting,fully,geminate,hair,hermaphroditic,heteromorphism,inflated,insertion,interjected,internodal,interpetalar,leathery,lilac,marking,mature,modification,needle-like,non-geminate,none,odour,orientation,paired,pattern,pink,placement,pore,position,present,present-inflorescence,present-leaf,present-stem,purple,radially,rhizome,round,scale,simple-entire,simple-lobed,simple-toothed,smell,spot,staman,stellate,stone,stripe,structure,swollen,symmetric,symmetry,sympodial,system,tapered-lanceolate,tissue,triangular,trichome,tuber,unbranched,unit,vegetative,xylopodia,zygomorphy	14.0	75.0	110.0	base,berry,cuneate,lower,membranous,mm,orange,recurved,red,rounded,shrub,straight,terminal,white	/3,0-20,0.1-0.25,0.1-0.3,0.5-1.2,0.6-0.8,0.6-0.9,0.7-2,0.8-1.5,1-5,1.8-2.3,1.8-2.5,11-25,2-20,3-30,3.5-5,3/4,4-7,5-10,5-17,abaxially,acuminate,acute,apart,apparently,bright,brown,chartaceous,cm,conical,connivent,curved,dark,densely,diameter,dull,elliptic,erect,evenly,flattened,flattened-reniform,glabrous,gray-greenish,green,green-brown,lateral,lobed,long,maturity,mauve,moderately,na,orange-brown,ovate,pair,pale,per,perennial,poricidal,prickly,pubescent,red-brown,sometimes,spaced,sparsely,spherical,stellate-pubescent,straw-yellow,tapering,tip,unarmed,way,wide,yellow,young	0.5,3.5-5.0,absent,absent-inflorescence,anther,apex,appressed,articulation,asymmetric,basal,blue,bract,branch,branching,breeding,broad-based,calyx,cell,colour,connective,corolla,dichasial,difoliate,discrete,distinct,eglandular,enlarged,filament,flat,fleshy,fork,forked,form,fruit,fruiting,fully,geminate,growth,hair,hermaphroditic,heteromorphism,inflated,inflorescence,insertion,interjected,internodal,interpetalar,leaf,leaflet,leathery,length,lilac,margin,marking,mature,modification,needle-like,non-geminate,none,odour,orientation,paired,pattern,pedicel,petiole,pink,placement,pore,position,present,present-inflorescence,present-leaf,present-stem,prickle,pseudostipule,purple,radially,rhizome,round,scale,shape,simple-entire,simple-lobed,simple-toothed,smell,spot,staman,stellate,stem,stone,stripe,structure,surface,swollen,symmetric,symmetry,sympodial,system,tapered-lanceolate,texture,tissue,triangular,trichome,tuber,type,unbranched,unit,vegetative,xylopodia,zygomorphy
29	wfo-0001026215	success	42	39	6	32	88	70	absent,anther,apex,axillary,base,berry,calyx,colour,corolla,filament,form,fruit,fruiting,green,growth,herb,inflorescence,leaf,length,margin,mm,pedicel,petiole,shape,shrub,stem,surface,texture,type,unifoliate,white,winged	-3,0,1-3,1.5-2,1.5-2.2,13-35,18-20,2,2-3,2-3.5,3/4,4-15,4-5,7-8,abruptly,acuminate,anthesi,arrangement,axil,bark,bifid,branch,broadly,brown,bud,characteristic,clavate,cm,completely,conical,conspicuously,continually,corrugation,densely,diameter,drying,elliptic,exertion,flattened-round,glabrous,glabrousnes,globose,greenish,height,history,horizontal,kink,life,lobing,long,marked,markedly,minutely,na,narrowing,nearly,new,nodding,number,occasionally,often,onto,ovary,ovoid-reniform,pair,papillae,papillate,peduncle,per,perennial,plant,poricidal,primary,purple,seed,simple,size,stigma,strongly,style,tall,tip,tube,vein,way,white-lenticellate,white-pubescent,x							0.05,2.0,appressed,articulation,basal,bract,branching,breeding,broad-based,cell,connective,cuneate,elliptic-oblong,elongating,enlarged,flat,fleshy,forked,fully,hair,hermaphroditic,heteromorphism,inflated,insertion,interjected,interpetalar,leaflet,leathery,lower,marking,mature,membranous,modification,monochasial,needle-like,none,odour,orientation,paired,pattern,placement,pointed,pore,position,prickle,pseudostipule,radially,rhizome,scale,simple-entire,small,smell,spot,staman,stellate,stone,structure,swollen,symmetric,symmetry,sympodial,system,tissue,trichome,tuber,unbranched,unit,vegetative,xylopodia,zygomorphy	13.0	64.0	89.0	absent,axillary,base,berry,fruit,green,herb,mm,shrub,stem,unifoliate,white,winged	-3,0,1-3,1.5-2,1.5-2.2,13-35,18-20,2,2-3,2-3.5,3/4,4-15,4-5,7-8,abruptly,acuminate,anthesi,axil,bifid,broadly,brown,clavate,cm,completely,conical,conspicuously,continually,densely,diameter,elliptic,flattened-round,glabrous,globose,greenish,horizontal,kink,long,marked,markedly,minutely,na,narrowing,nearly,nodding,occasionally,often,onto,ovoid-reniform,pair,papillae,papillate,per,perennial,poricidal,purple,seed,simple,strongly,tall,tip,way,white-lenticellate,white-pubescent,x	0.05,2.0,anther,apex,appressed,articulation,basal,bract,branching,breeding,broad-based,calyx,cell,colour,connective,corolla,cuneate,elliptic-oblong,elongating,enlarged,filament,flat,fleshy,forked,form,fruiting,fully,growth,hair,hermaphroditic,heteromorphism,inflated,inflorescence,insertion,interjected,interpetalar,leaf,leaflet,leathery,length,lower,margin,marking,mature,membranous,modification,monochasial,needle-like,none,odour,orientation,paired,pattern,pedicel,petiole,placement,pointed,pore,position,prickle,pseudostipule,radially,rhizome,scale,shape,simple-entire,small,smell,spot,staman,stellate,stone,structure,surface,swollen,symmetric,symmetry,sympodial,system,texture,tissue,trichome,tuber,type,unbranched,unit,vegetative,xylopodia,zygomorphy
30	wfo-0001026229	success	46	40	8	39	106	72	anther,apex,asymmetric,base,berry,black,calyx,colour,corolla,cuneate,filament,form,fruit,fully,growth,inflorescence,leaf,leaflet,length,margin,mature,mm,pedicel,petiole,prickle,pseudostipule,purple,rounded,shape,shrub,simple,stellate,stem,surface,texture,tree,type,unbranched,white	0.1-1.47,0.3-1.2,1,1-1.4,1.2-4.8,1.3-1.7,1.7-11.8,1.7-2.3,1.8-5.5,1.9-2.5,2.3-3.4,2.8-4,35,5,6-7,8-10,8.6-12,9-31,acute,appearance,arrangement,attenuate-caudate,bark,beneath,border,branch,broadly,brown,camptodromous,characteristic,clavate,cm,cordate,corrugation,cyme,dark,densely,developed,diameter,distal,drying,elliptic,elongated,entire,even,exertion,flattened,flower,giving,glabrous,glabrousnes,globose,golden,green,height,hirsute,hispid,history,immature,included,irregular,lateral,life,lobe,lobed,lobing,long,membranaceous,midpoint,moderately,na,narrowly,nearly,new,number,oblong,ovary,ovate,ovate-elliptic,pale,papillose,peduncle,per,pit,plant,primary,ray,reniform,revolute,seed,shiny,size,slightly,small,spreading,stigma,style,terminal,thicknes,tube,variation,vein,wide,width,yellowish-white,¾							0.8-1.0,2.8-4.0,absent,appressed,articulation,basal,bract,branching,breeding,broad-based,cell,connective,difoliate,distinct,eglandular,elliptic-oblong,elongating,enlarged,flat,fleshy,fruiting,glandular,hair,hermaphroditic,heteromorphism,inflated,insertion,interjected,internodal,interpetalar,leaf-opposed,leathery,lower,marking,membranous,modification,monochasial,multicellular,needle-like,non-geminate,none,odour,orientation,paired,pattern,placement,plurifoliate,pore,position,present,radially,rhizome,round,scale,simple-entire,smell,spot,staman,stone,structure,symmetric,symmetry,sympodial,system,tissue,trichome,trifoliate,tuber,unit,vegetative,xylopodia,zygomorphy	18.0	70.0	93.0	asymmetric,base,berry,black,cuneate,fruit,fully,mature,mm,purple,rounded,shrub,simple,stellate,surface,tree,unbranched,white	0.1-1.47,0.3-1.2,1,1-1.4,1.2-4.8,1.3-1.7,1.7-11.8,1.7-2.3,1.8-5.5,1.9-2.5,2.3-3.4,2.8-4,35,5,6-7,8-10,8.6-12,9-31,acute,attenuate-caudate,beneath,broadly,brown,camptodromous,clavate,cm,cordate,cyme,dark,densely,developed,diameter,elliptic,elongated,entire,even,flattened,flower,glabrous,globose,golden,green,hirsute,hispid,immature,included,irregular,lobed,long,membranaceous,moderately,na,narrowly,nearly,oblong,ovate,ovate-elliptic,pale,papillose,per,pit,reniform,revolute,shiny,slightly,small,spreading,wide,yellowish-white,¾	0.8-1.0,2.8-4.0,absent,anther,apex,appressed,articulation,basal,bract,branching,breeding,broad-based,calyx,cell,colour,connective,corolla,difoliate,distinct,eglandular,elliptic-oblong,elongating,enlarged,filament,flat,fleshy,form,fruiting,glandular,growth,hair,hermaphroditic,heteromorphism,inflated,inflorescence,insertion,interjected,internodal,interpetalar,leaf,leaf-opposed,leaflet,leathery,length,lower,margin,marking,membranous,modification,monochasial,multicellular,needle-like,non-geminate,none,odour,orientation,paired,pattern,pedicel,petiole,placement,plurifoliate,pore,position,present,prickle,pseudostipule,radially,rhizome,round,scale,shape,simple-entire,smell,spot,staman,stem,stone,structure,symmetric,symmetry,sympodial,system,texture,tissue,trichome,trifoliate,tuber,type,unit,vegetative,xylopodia,zygomorphy
31	wfo-0001026230	invalid_json_followup	NA	38	NA	34	96	70	anther,apex,base,berry,calyx,colour,corolla,filament,form,fruit,fruiting,green,growth,inflorescence,interjected,leaf,leaflet,length,margin,mm,pedicel,petiole,prickle,pseudostipule,rounded,shape,shrub,simple,stem,surface,texture,tree,type,white	.25,.5,.8,0.3-1.5,0.75-1,0.9-2,1-1.4,1.1-1.8,1.8-2.3,12.6-20.8,2-4,3-4,4.6-9.3,5-10,5-20-flowered,acuminate,acute,anisomorphic,anthesi,appearance,area,arrangement,bark,branch,bud,characteristic,club,cm,corrugation,dia,diameter,distal,drying,elliptic,erect,except,exertion,giving,glabrous,glabrousnes,globose,grey,height,history,immature,lateral,life,lobe,lobed,lobing,long,long-acuminate,main,midpoint,minutely,na,nearly,new,number,older,ovary,ovoid,pair,papillose,peduncle,per,perennial,plant,primary,ray,reflexed,rusty-papillose,seed,shaped,size,slender,slightly,small,stigma,strongly,style,tapering,tear-drop,terminal,thicknes,tip,tube,umbonate,value,variation,vein,width,winged,woody,x,young							0.25,3.0-4.0,absent,appressed,articulation,basal,bract,branching,breeding,broad-based,cell,connective,cordate,difoliate,discrete,distinct,eglandular,elliptic-oblong,enlarged,flat,fleshy,geminate,hair,heteromorphism,inflated,insertion,interpetalar,leaf-opposed,leathery,lower,marking,mature,membranous,modification,monochasial,multicellular,needle-like,none,odour,orientation,paired,pattern,placement,pore,position,present,radially,rhizome,round,scale,simple-entire,smell,spot,staman,stellate,stone,structure,swollen,symmetric,symmetry,sympodial,system,tissue,trichome,tuber,unbranched,unit,vegetative,xylopodia,zygomorphy	34.0	96.0	70.0	anther,apex,base,berry,calyx,colour,corolla,filament,form,fruit,fruiting,green,growth,inflorescence,interjected,leaf,leaflet,length,margin,mm,pedicel,petiole,prickle,pseudostipule,rounded,shape,shrub,simple,stem,surface,texture,tree,type,white	.25,.5,.8,0.3-1.5,0.75-1,0.9-2,1-1.4,1.1-1.8,1.8-2.3,12.6-20.8,2-4,3-4,4.6-9.3,5-10,5-20-flowered,acuminate,acute,anisomorphic,anthesi,appearance,area,arrangement,bark,branch,bud,characteristic,club,cm,corrugation,dia,diameter,distal,drying,elliptic,erect,except,exertion,giving,glabrous,glabrousnes,globose,grey,height,history,immature,lateral,life,lobe,lobed,lobing,long,long-acuminate,main,midpoint,minutely,na,nearly,new,number,older,ovary,ovoid,pair,papillose,peduncle,per,perennial,plant,primary,ray,reflexed,rusty-papillose,seed,shaped,size,slender,slightly,small,stigma,strongly,style,tapering,tear-drop,terminal,thicknes,tip,tube,umbonate,value,variation,vein,width,winged,woody,x,young	0.25,3.0-4.0,absent,appressed,articulation,basal,bract,branching,breeding,broad-based,cell,connective,cordate,difoliate,discrete,distinct,eglandular,elliptic-oblong,enlarged,flat,fleshy,geminate,hair,heteromorphism,inflated,insertion,interpetalar,leaf-opposed,leathery,lower,marking,mature,membranous,modification,monochasial,multicellular,needle-like,none,odour,orientation,paired,pattern,placement,pore,position,present,radially,rhizome,round,scale,simple-entire,smell,spot,staman,stellate,stone,structure,swollen,symmetric,symmetry,sympodial,system,tissue,trichome,tuber,unbranched,unit,vegetative,xylopodia,zygomorphy
32	wfo-0001026233	success	41	40	7	38	96	76	1.2-2.7,acute,anther,apex,basal,base,berry,calyx,colour,corolla,filament,form,fruit,fruiting,green,growth,herb,inflorescence,interjected,leaf,leaflet,length,lilac,margin,mm,pedicel,petiole,present,prickle,pseudostipule,shape,simple,stem,surface,texture,trichome,type,winged	.25,.75,0.7-0.8-1,0.8-1.55-1.9,0.8-4,1-,1.1,1/2,2-,2.1,2.3-7,2.6,2/3,3.2-3.7,3.2-4.7,3.5-4.5-5.5,5-30-50,6,annual,antrorse,appearance,arrangement,ascending,bark,bearing,border,branch,broadly,bud,capitate,characteristic,cm,conspicuous,corrugation,cuneate-attenuate,densely,diameter,distal,drying,ellipsoidal,elliptic,entire,exertion,few-,giving,glabrous,glabrousnes,globose,height,herbaceous,history,lateral,less,life,lobe,lobing,longitudinally,midpoint,moderately,na,narrowly,new,non-glandular,number,ovary,ovate,pale,peduncle,per,pinnatisect,plant,primary,protuberance,pubescent,ray,ridged,rounded,seed,seeded,size,slender,sparsely,stigma,style,subglobose,terminal,thicknes,trans-ovoidal,tube,tuberculate,uniseriate,variation,vein,width,x,yellow							0.8-1.9,absent,appressed,articulation,blue,bract,branching,breeding,broad-based,cell,connective,cuneate,difoliate,distinct,eglandular,elliptic-oblong,elongating,enlarged,flat,fleshy,fully,hair,hermaphroditic,heteromorphism,inflated,insertion,interpetalar,leaf-opposed,leathery,lower,marking,mature,membranous,modification,monochasial,multicellular,needle-like,non-geminate,none,odour,orientation,paired,pattern,pink,placement,pore,position,purple,radially,rhizome,rotate,round,scale,simple-entire,simple-lobed,simple-pinnatifid,simple-toothed,smell,spot,staman,stellate,stone,structure,symmetric,symmetry,sympodial,system,tissue,tuber,unbranched,unifoliate,unit,vegetative,white,xylopodia,zygomorphy	12.0	58.0	102.0	1.2-2.7,acute,basal,berry,green,herb,lilac,mm,present,simple,trichome,winged	.25,.75,0.7-0.8-1,0.8-1.55-1.9,0.8-4,1-,1.1,1/2,2-,2.1,2.3-7,2.6,2/3,3.2-3.7,3.2-4.7,3.5-4.5-5.5,5-30-50,6,annual,antrorse,ascending,bearing,broadly,capitate,cm,conspicuous,cuneate-attenuate,densely,diameter,ellipsoidal,elliptic,entire,few-,glabrous,globose,herbaceous,less,longitudinally,moderately,na,narrowly,non-glandular,ovate,pale,pinnatisect,protuberance,pubescent,ridged,rounded,seeded,slender,sparsely,subglobose,trans-ovoidal,tuberculate,uniseriate,x,yellow	0.8-1.9,absent,anther,apex,appressed,articulation,base,blue,bract,branching,breeding,broad-based,calyx,cell,colour,connective,corolla,cuneate,difoliate,distinct,eglandular,elliptic-oblong,elongating,enlarged,filament,flat,fleshy,form,fruit,fruiting,fully,growth,hair,hermaphroditic,heteromorphism,inflated,inflorescence,insertion,interjected,interpetalar,leaf,leaf-opposed,leaflet,leathery,length,lower,margin,marking,mature,membranous,modification,monochasial,multicellular,needle-like,non-geminate,none,odour,orientation,paired,pattern,pedicel,petiole,pink,placement,pore,position,prickle,pseudostipule,purple,radially,rhizome,rotate,round,scale,shape,simple-entire,simple-lobed,simple-pinnatifid,simple-toothed,smell,spot,staman,stellate,stem,stone,structure,surface,symmetric,symmetry,sympodial,system,texture,tissue,tuber,type,unbranched,unifoliate,unit,vegetative,white,xylopodia,zygomorphy
33	wfo-0001026241	invalid_json_followup	NA	40	NA	36	126	76	anther,apex,base,berry,black,branching,brown,calyx,cell,colour,corolla,filament,form,fruit,fruiting,growth,herb,inflorescence,interjected,internodal,leaf,leaflet,length,margin,mm,pedicel,petiole,prickle,pseudostipule,shape,stellate,stem,surface,texture,type,white	.5,0.1-0.15,0.5-0.7,0.5-0.8,0.7-1.1,1-1.1,1-1.4,1-1.5,1-2,1-2.5,1-3.5,1.2-1.5,1.2-2,1.5-1.7,1.9-2.1,1/3-1/2,10-20,109,2-2.1,2-3,2-flowered,2.5-3,3-3.1,30-50,4.5-5,abaxially,adaxially,appearing,appears,arrangement,bark,basiscopically,branch,bud,capitate,cayx,characteristic,cm,conical,cordate,corrugation,covered,cup,darker,decurrenct,densely,depressed-globose,dia,diameter,distal,dry,drying,elliptic,entire,erect,erose,et,exertion,extended,galiano,glabrous,glabrousnes,glandular-pubescent,globose,height,history,irregularly,lateral,life,lobe,lobed,lobing,midpoint,na,near,new,number,oblique,open,orangish,outline,ovary,ovate,ovoid,papillate,peduncle,per,perennial,pinnatifid,pitted,plant,primary,pubescent,pulp,rachi,ray,remain,reniform,robust,seed,shallowly,sinuate,size,slightly,somewhat,spatulate,stigma,stout,style,subshrub,sulcate,terminal,ternate,thickened,thicknes,triangular,truncate,tube,tuberculate,usually,value,variation,vein,way,width,x							1.0-1.1,2.5-3.0,absent,appressed,articulation,basal,bract,breeding,broad-based,compound-entire,connective,cordate-ovate,cuneate,difoliate,distinct,eglandular,elongated,elongating,enlarged,flat,fleshy,forked,fully,glandular,hair,hermaphroditic,heteromorphism,inflated,insertion,interpetalar,leathery,lower,marking,mature,membranous,modification,monochasial,multicellular,needle-like,non-geminate,none,odour,orientation,paired,pattern,placement,pore,position,present,purple,radially,rhizome,round,scale,simple,simple-entire,simple-lobed,simple-pinnatifid,smell,spot,staman,stone,stripe,structure,swollen,symmetric,symmetry,sympodial,system,tissue,trichome,tuber,unit,vegetative,xylopodia,zygomorphy	36.0	126.0	76.0	anther,apex,base,berry,black,branching,brown,calyx,cell,colour,corolla,filament,form,fruit,fruiting,growth,herb,inflorescence,interjected,internodal,leaf,leaflet,length,margin,mm,pedicel,petiole,prickle,pseudostipule,shape,stellate,stem,surface,texture,type,white	.5,0.1-0.15,0.5-0.7,0.5-0.8,0.7-1.1,1-1.1,1-1.4,1-1.5,1-2,1-2.5,1-3.5,1.2-1.5,1.2-2,1.5-1.7,1.9-2.1,1/3-1/2,10-20,109,2-2.1,2-3,2-flowered,2.5-3,3-3.1,30-50,4.5-5,abaxially,adaxially,appearing,appears,arrangement,bark,basiscopically,branch,bud,capitate,cayx,characteristic,cm,conical,cordate,corrugation,covered,cup,darker,decurrenct,densely,depressed-globose,dia,diameter,distal,dry,drying,elliptic,entire,erect,erose,et,exertion,extended,galiano,glabrous,glabrousnes,glandular-pubescent,globose,height,history,irregularly,lateral,life,lobe,lobed,lobing,midpoint,na,near,new,number,oblique,open,orangish,outline,ovary,ovate,ovoid,papillate,peduncle,per,perennial,pinnatifid,pitted,plant,primary,pubescent,pulp,rachi,ray,remain,reniform,robust,seed,shallowly,sinuate,size,slightly,somewhat,spatulate,stigma,stout,style,subshrub,sulcate,terminal,ternate,thickened,thicknes,triangular,truncate,tube,tuberculate,usually,value,variation,vein,way,width,x	1.0-1.1,2.5-3.0,absent,appressed,articulation,basal,bract,breeding,broad-based,compound-entire,connective,cordate-ovate,cuneate,difoliate,distinct,eglandular,elongated,elongating,enlarged,flat,fleshy,forked,fully,glandular,hair,hermaphroditic,heteromorphism,inflated,insertion,interpetalar,leathery,lower,marking,mature,membranous,modification,monochasial,multicellular,needle-like,non-geminate,none,odour,orientation,paired,pattern,placement,pore,position,present,purple,radially,rhizome,round,scale,simple,simple-entire,simple-lobed,simple-pinnatifid,smell,spot,staman,stone,stripe,structure,swollen,symmetric,symmetry,sympodial,system,tissue,trichome,tuber,unit,vegetative,xylopodia,zygomorphy
34	wfo-0001026242	invalid_json_followup	NA	43	NA	35	126	77	2.5-4.5,anther,apex,base,berry,calyx,colour,corolla,cuneate,filament,form,fruit,fruiting,growth,inflorescence,interjected,leaf,leaflet,length,margin,membranous,mm,pedicel,petiole,prickle,pseudostipule,red,shape,shrub,stem,straight,surface,texture,type,white	-1.5,-6,/4,0-2,0.05-0.2,0.3-0.5,0.35-0.55-0.9,0.4-0.5,0.4-2,0.5-1,0.55-0.9,0.7-1.3,1-1.5,1-2.5,1-3,1.5-3,1.5-4,1/5-1/3,10-20,2-2.5,2-5,2.5-2.8,20,3-6.5,4-10,5-7,6.5-8,7-17,abaxially,acute,apically,apparently,arrangement,articulated,bark,branch,branched,bright,broad-deltate,bud,characteristic,cm,concolorous,connivent,deltate,densely,diameter,distal,distance,drying,dull,elliptic,erect,evenly,exertion,extending,flattened,flattened-reniform,flower,glabrescent,glabrous,glabrousnes,green,green-gray,height,history,irregularly,lateral,life,lobe,lobed,lobing,long,maturity,midpoint,midvein,moderately,na,new,number,obtuse,one,open,orange-brown,ovary,pair,pale,peduncle,per,perennial,plant,poricidal,prickly,primary,ray,recurved,red-brown,rounded,seed,side,size,sometimes,sparsely,spherical,spreading,stellate-pubescent,stigma,style,subentire,tapering,terete,terminal,thicknes,time,tip,tube,unarmed,value,variation,vein,way,weakly,wide,width,yellow,young							0.5-0.7,absent,absent-inflorescence,appressed,articulation,asymmetric,basal,bract,branching,breeding,broad-based,cell,connective,dichasial,difoliate,discrete,distinct,eglandular,enlarged,flat,fleshy,forked,fully,hair,hermaphroditic,heteromorphism,inflated,insertion,internodal,interpetalar,leathery,lower,marking,mature,modification,multicellular,needle-like,non-geminate,none,odour,orange,orientation,paired,pattern,placement,pore,position,present,present-leaf,present-stem,radially,rhizome,round,scale,simple,simple-lobed,smell,spot,staman,stellate,stone,structure,swollen,symmetric,symmetry,sympodial,system,tapered-lanceolate,tissue,triangular,trichome,tuber,unbranched,unit,vegetative,xylopodia,zygomorphy	35.0	126.0	77.0	2.5-4.5,anther,apex,base,berry,calyx,colour,corolla,cuneate,filament,form,fruit,fruiting,growth,inflorescence,interjected,leaf,leaflet,length,margin,membranous,mm,pedicel,petiole,prickle,pseudostipule,red,shape,shrub,stem,straight,surface,texture,type,white	-1.5,-6,/4,0-2,0.05-0.2,0.3-0.5,0.35-0.55-0.9,0.4-0.5,0.4-2,0.5-1,0.55-0.9,0.7-1.3,1-1.5,1-2.5,1-3,1.5-3,1.5-4,1/5-1/3,10-20,2-2.5,2-5,2.5-2.8,20,3-6.5,4-10,5-7,6.5-8,7-17,abaxially,acute,apically,apparently,arrangement,articulated,bark,branch,branched,bright,broad-deltate,bud,characteristic,cm,concolorous,connivent,deltate,densely,diameter,distal,distance,drying,dull,elliptic,erect,evenly,exertion,extending,flattened,flattened-reniform,flower,glabrescent,glabrous,glabrousnes,green,green-gray,height,history,irregularly,lateral,life,lobe,lobed,lobing,long,maturity,midpoint,midvein,moderately,na,new,number,obtuse,one,open,orange-brown,ovary,pair,pale,peduncle,per,perennial,plant,poricidal,prickly,primary,ray,recurved,red-brown,rounded,seed,side,size,sometimes,sparsely,spherical,spreading,stellate-pubescent,stigma,style,subentire,tapering,terete,terminal,thicknes,time,tip,tube,unarmed,value,variation,vein,way,weakly,wide,width,yellow,young	0.5-0.7,absent,absent-inflorescence,appressed,articulation,asymmetric,basal,bract,branching,breeding,broad-based,cell,connective,dichasial,difoliate,discrete,distinct,eglandular,enlarged,flat,fleshy,forked,fully,hair,hermaphroditic,heteromorphism,inflated,insertion,internodal,interpetalar,leathery,lower,marking,mature,modification,multicellular,needle-like,non-geminate,none,odour,orange,orientation,paired,pattern,placement,pore,position,present,present-leaf,present-stem,radially,rhizome,round,scale,simple,simple-lobed,smell,spot,staman,stellate,stone,structure,swollen,symmetric,symmetry,sympodial,system,tapered-lanceolate,tissue,triangular,trichome,tuber,unbranched,unit,vegetative,xylopodia,zygomorphy
35	wfo-0001026259	success	46	39	7	39	102	74	acute,anther,apex,base,berry,calyx,colour,corolla,ellipsoid,filament,form,fruit,fruiting,green,growth,herb,inflorescence,interjected,internodal,leaf,leaflet,length,lilac,margin,mm,pedicel,petiole,prickle,pseudostipule,purple,rounded,shape,simple,stem,surface,texture,type,white,winged	.1,.7,0.3–1.2,0.4–0.6,1.0–1.2,1.0–3.3,1.2–8.4,1.4–4.0,1.5,11–22,12–24,1m,2-ridged,2–17,35–45,6,7–10,8–11,acuminate,anthesi,appearance,arrangement,becoming,border,branch,broadly,brown,bud,central,characteristic,cm,concave-reniform,conical-ellipsoid,cylindrical,decurrent,densely,diameter,distal,entire,exerted,exertion,giving,glabrous,glabrousnes,globose,green-orange,halfway,height,history,lateral,less,life,lobe,lobing,long,midpoint,minutely,na,nearly,new,number,often,ovary,ovate-lanceolate,pair,papillate,peduncle,per,perennial,plant,primary,pubescent,rarely,ray,recurving,ripe,seed,shiny,size,slightly,smooth,sparsely,spreading,star,stigma,straight,strongly,style,terminal,thicknes,tinged,translucent,tube,turning,variation,vein,wide,width,woody,yellow,yellow-green,young							2.0,2.8-3.4,absent,appressed,articulation,basal,blue,bract,branching,breeding,broad-based,cell,connective,difoliate,distinct,eglandular,elliptic-oblong,elongating,enlarged,flat,fleshy,forked,fully,hair,hermaphroditic,heteromorphism,inflated,insertion,interpetalar,leathery,lower,marking,mature,membranous,modification,monochasial,multicellular,needle-like,non-geminate,none,odour,orientation,paired,pattern,pink,placement,pore,position,present,radially,rhizome,scale,shrub,simple-entire,smell,spot,staman,stellate,stone,structure,swollen,symmetric,symmetry,sympodial,system,tissue,trichome,truncate,tuber,unbranched,unit,vegetative,xylopodia,zygomorphy	18.0	70.0	95.0	acute,apex,base,berry,calyx,ellipsoid,fruit,green,herb,internodal,lilac,mm,petiole,purple,rounded,simple,white,winged	.1,.7,0.3–1.2,0.4–0.6,1.0–1.2,1.0–3.3,1.2–8.4,1.4–4.0,1.5,11–22,12–24,1m,2-ridged,2–17,35–45,6,7–10,8–11,acuminate,anthesi,becoming,broadly,brown,central,cm,concave-reniform,conical-ellipsoid,cylindrical,decurrent,densely,diameter,entire,exerted,glabrous,globose,green-orange,halfway,lateral,less,long,minutely,na,nearly,often,ovate-lanceolate,pair,papillate,per,perennial,pubescent,rarely,recurving,ripe,shiny,slightly,smooth,sparsely,spreading,star,straight,strongly,tinged,translucent,tube,turning,wide,woody,yellow,yellow-green,young	2.0,2.8-3.4,absent,anther,appressed,articulation,basal,blue,bract,branching,breeding,broad-based,cell,colour,connective,corolla,difoliate,distinct,eglandular,elliptic-oblong,elongating,enlarged,filament,flat,fleshy,forked,form,fruiting,fully,growth,hair,hermaphroditic,heteromorphism,inflated,inflorescence,insertion,interjected,interpetalar,leaf,leaflet,leathery,length,lower,margin,marking,mature,membranous,modification,monochasial,multicellular,needle-like,non-geminate,none,odour,orientation,paired,pattern,pedicel,pink,placement,pore,position,present,prickle,pseudostipule,radially,rhizome,scale,shape,shrub,simple-entire,smell,spot,staman,stellate,stem,stone,structure,surface,swollen,symmetric,symmetry,sympodial,system,texture,tissue,trichome,truncate,tuber,type,unbranched,unit,vegetative,xylopodia,zygomorphy
36	wfo-0001026267	invalid_json_followup	NA	38	NA	36	101	73	0.25,anther,apex,base,berry,calyx,colour,corolla,cuneate,filament,form,fruit,fruiting,green,growth,inflorescence,interjected,leaf,leaflet,length,margin,mm,pedicel,petiole,prickle,pseudostipule,shape,shrub,simple,stem,surface,texture,tree,trichome,type,white	.5,0.5,0.6-1.7,0.7-1.1,1-1.2,1-2.6,1.5-2,1.5-2.3,2.5-3,20-30-flowered,3-15,3-6.1,5-7,8.5-15,acuminate,acute,alternate,appearance,arrangement,attenuate,bark,blackish,branch,bright,bud,characteristic,cm,corrugation,crateriform,dia,diameter,distal,distally,drying,except,exerted,exertion,flattened-reniform,giving,glabrous,glabrousnes,globose,greenish-white,greyish-green,height,history,lateral,lavender,life,lobe,lobed,lobing,long,midpoint,minutely,na,narrowly,nearly,new,number,occasionally,often,ovary,ovate,pale,papillose,peduncle,per,pitted,plant,primary,pubescent,ray,ripening,rough,scattered,seed,shaped,size,slender,slightly,small,soon,stigma,straight,style,tan,tapering,tear-drop,terminal,thicknes,tinge,tube,tuft,uniseriate,value,variation,vein,width,x,yellow-green							2.5-3.0,absent,appressed,articulation,basal,blue,bract,branching,breeding,broad-based,cell,connective,difoliate,discrete,distinct,eglandular,elliptic-oblong,enlarged,flat,fleshy,geminate,hair,heteromorphism,inflated,insertion,interpetalar,leaf-opposed,leathery,lilac,lower,marking,mature,membranous,modification,monochasial,multicellular,needle-like,none,odour,orientation,paired,pattern,pink,placement,plurifoliate,pore,position,present,purple,radially,rhizome,round,scale,simple-entire,smell,spot,staman,stellate,stone,structure,swollen,symmetric,symmetry,sympodial,system,tissue,tuber,unbranched,unit,vegetative,xylopodia,yellow,zygomorphy	36.0	101.0	73.0	0.25,anther,apex,base,berry,calyx,colour,corolla,cuneate,filament,form,fruit,fruiting,green,growth,inflorescence,interjected,leaf,leaflet,length,margin,mm,pedicel,petiole,prickle,pseudostipule,shape,shrub,simple,stem,surface,texture,tree,trichome,type,white	.5,0.5,0.6-1.7,0.7-1.1,1-1.2,1-2.6,1.5-2,1.5-2.3,2.5-3,20-30-flowered,3-15,3-6.1,5-7,8.5-15,acuminate,acute,alternate,appearance,arrangement,attenuate,bark,blackish,branch,bright,bud,characteristic,cm,corrugation,crateriform,dia,diameter,distal,distally,drying,except,exerted,exertion,flattened-reniform,giving,glabrous,glabrousnes,globose,greenish-white,greyish-green,height,history,lateral,lavender,life,lobe,lobed,lobing,long,midpoint,minutely,na,narrowly,nearly,new,number,occasionally,often,ovary,ovate,pale,papillose,peduncle,per,pitted,plant,primary,pubescent,ray,ripening,rough,scattered,seed,shaped,size,slender,slightly,small,soon,stigma,straight,style,tan,tapering,tear-drop,terminal,thicknes,tinge,tube,tuft,uniseriate,value,variation,vein,width,x,yellow-green	2.5-3.0,absent,appressed,articulation,basal,blue,bract,branching,breeding,broad-based,cell,connective,difoliate,discrete,distinct,eglandular,elliptic-oblong,enlarged,flat,fleshy,geminate,hair,heteromorphism,inflated,insertion,interpetalar,leaf-opposed,leathery,lilac,lower,marking,mature,membranous,modification,monochasial,multicellular,needle-like,none,odour,orientation,paired,pattern,pink,placement,plurifoliate,pore,position,present,purple,radially,rhizome,round,scale,simple-entire,smell,spot,staman,stellate,stone,structure,swollen,symmetric,symmetry,sympodial,system,tissue,tuber,unbranched,unit,vegetative,xylopodia,yellow,zygomorphy
37	wfo-0001026279	success	44	40	8	39	109	71	0.8-2.3,3.1-4.2,anther,apex,base,berry,calyx,colour,corolla,cuneate,filament,fleshy,form,fruit,fruiting,green,growth,inflorescence,interjected,leaf,leaflet,length,margin,mature,mm,pedicel,petiole,prickle,pseudostipule,shape,shrub,simple,stem,surface,terminal,texture,tree,type,white	0.2-0.4,0.9-1,1-10,1-3.5,1.1-1.6,1.1-1.9,1.5-1.8,11.5-19.7-34.3,14-27,2.6-4.8,3-4,3.4-5.2-5.9,3.5-7.8,4-7.5,8,8-11,abaxially,acuminate,adaxially,anthesi,appearance,arrangement,attenuate,bark,black,blunt-tipped,border,branched,brown,bud,capitate,characteristic,cm,conical,corrugation,dark,deltoid,diameter,distal,drying,elliptic,elongated,entire,exerted,exertion,flower,giving,glabrescent,glabrous,globose,granular,grayish,height,history,immature,lanceolate,lateral,lavender,life,lilac,lobe,lobing,long,longitudinally,midpoint,midrib,na,narrowly,number,oblong,obovate,occasionally,orbicular,ovary,ovate-lanceolate,pale,peduncle,per,perennial,plant,primary,pseudoterminally,pubescence,ray,reticulate-punctate,rounded,scabridulous,scabrous,scattered,seed,short,side,size,slowly,stigma,style,suborbicular,thicknes,tomentose,tomentose-pubescent,tube,unarmed,variation,vein,whitish,width,x,yellowish,yellowish-tan							absent,acute,appressed,articulation,basal,bract,branch,branching,breeding,broad-based,cell,connective,coriaceous,dendritic,dichasial,distinct,eglandular,elliptic-oblong,elongating,enlarged,flat,fork,fully,hair,hermaphroditic,heteromorphism,inflated,insertion,interpetalar,leathery,lower,marking,modification,multi-branched,needle-like,none,odour,orange,orientation,paired,pattern,placement,plurifoliate,pore,position,present,present-single,radially,red,rhizome,round,scale,simple-entire,smell,spot,staman,stellate,stone,structure,swollen,symmetric,symmetry,sympodial,system,tissue,trichome,tuber,unit,vegetative,xylopodia,zygomorphy	15.0	76.0	95.0	0.8-2.3,3.1-4.2,apex,berry,calyx,cuneate,fleshy,fruit,green,mature,mm,shrub,simple,tree,white	0.2-0.4,0.9-1,1-10,1-3.5,1.1-1.6,1.1-1.9,1.5-1.8,11.5-19.7-34.3,14-27,2.6-4.8,3-4,3.4-5.2-5.9,3.5-7.8,4-7.5,8,8-11,abaxially,acuminate,adaxially,anthesi,attenuate,black,blunt-tipped,branched,brown,capitate,cm,conical,dark,deltoid,diameter,drying,elliptic,elongated,entire,exerted,flower,glabrescent,glabrous,globose,granular,grayish,immature,lanceolate,lavender,lilac,long,longitudinally,midrib,na,narrowly,oblong,obovate,occasionally,orbicular,ovate-lanceolate,pale,perennial,pseudoterminally,pubescence,reticulate-punctate,rounded,scabridulous,scabrous,scattered,short,side,slowly,suborbicular,tomentose,tomentose-pubescent,unarmed,whitish,x,yellowish,yellowish-tan	absent,acute,anther,appressed,articulation,basal,base,bract,branch,branching,breeding,broad-based,cell,colour,connective,coriaceous,corolla,dendritic,dichasial,distinct,eglandular,elliptic-oblong,elongating,enlarged,filament,flat,fork,form,fruiting,fully,growth,hair,hermaphroditic,heteromorphism,inflated,inflorescence,insertion,interjected,interpetalar,leaf,leaflet,leathery,length,lower,margin,marking,modification,multi-branched,needle-like,none,odour,orange,orientation,paired,pattern,pedicel,petiole,placement,plurifoliate,pore,position,present,present-single,prickle,pseudostipule,radially,red,rhizome,round,scale,shape,simple-entire,smell,spot,staman,stellate,stem,stone,structure,surface,swollen,symmetric,symmetry,sympodial,system,terminal,texture,tissue,trichome,tuber,type,unit,vegetative,xylopodia,zygomorphy
38	wfo-0001026299	invalid_json_followup	NA	41	NA	39	107	75	0.25-0.5,acute,anther,apex,base,berry,calyx,cell,colour,corolla,distal,filament,form,fruit,fruiting,glandular,green,growth,herb,inflorescence,interjected,leaf,leaflet,length,margin,mm,pedicel,petiole,prickle,pseudostipule,shape,simple,stem,surface,texture,trichome,truncate,type,yellow	0-8,0.4-0.5,0.5-0.6,0.5-1,0.5-2.5,0.8-1,1,1-1.4,1-7,1.1-1.7,1.2-1.6,1.5-2.3,1.8-2,2-15,2.2-3.2,3.5-10,5-20,almost,anthesi,approximately,arrangement,articulated,bark,basal,basiscopically,beneath,branch,broadly,brown,bud,capitate,characteristic,cm,conical,corrugation,crenate-serrate,dark,decurrent,densely,diameter,drying,elliptic,entire,exertion,exserted,flower,glabrous,glabrousnes,globose,hair-like,half,height,history,imparipinnate,interrupted,irregularly,lanceolate,lateral,life,lobed,lobing,long,middle,midpoint,minute,minutely,na,new,number,oblique,obovate,outgrowth,ovary,pale,peduncle,pentagonal,per,perennial,plant,primary,pubescent,ray,regularly,seed,short,size,sparsely,stigma,straight,stripe,style,terminal,testa,thick,thicknes,tip,tube,value,variation,variously,vein,velvety,wall,way,white,wide,width							1/2,2-locular,4.0-5.0,absent,appressed,articulation,asymmetric,bract,branching,breeding,broad-based,compound-toothed,connective,cuneate,dendritic,difoliate,distinct,eglandular,elongated,elongating,enlarged,flat,fleshy,fully,hair,hermaphroditic,heteromorphism,inflated,insertion,internodal,interpetalar,leathery,lower,marking,mature,membranous,modification,monochasial,multicellular,needle-like,non-geminate,none,odour,orientation,paired,pattern,placement,pore,position,present,present-pair,radially,rhizome,rotate,round,scale,smell,spot,staman,stellate,stone,structure,swollen,symmetric,symmetry,sympodial,system,tapered-lanceolate,tissue,tuber,unbranched,unit,vegetative,xylopodia,zygomorphy	39.0	107.0	75.0	0.25-0.5,acute,anther,apex,base,berry,calyx,cell,colour,corolla,distal,filament,form,fruit,fruiting,glandular,green,growth,herb,inflorescence,interjected,leaf,leaflet,length,margin,mm,pedicel,petiole,prickle,pseudostipule,shape,simple,stem,surface,texture,trichome,truncate,type,yellow	0-8,0.4-0.5,0.5-0.6,0.5-1,0.5-2.5,0.8-1,1,1-1.4,1-7,1.1-1.7,1.2-1.6,1.5-2.3,1.8-2,2-15,2.2-3.2,3.5-10,5-20,almost,anthesi,approximately,arrangement,articulated,bark,basal,basiscopically,beneath,branch,broadly,brown,bud,capitate,characteristic,cm,conical,corrugation,crenate-serrate,dark,decurrent,densely,diameter,drying,elliptic,entire,exertion,exserted,flower,glabrous,glabrousnes,globose,hair-like,half,height,history,imparipinnate,interrupted,irregularly,lanceolate,lateral,life,lobed,lobing,long,middle,midpoint,minute,minutely,na,new,number,oblique,obovate,outgrowth,ovary,pale,peduncle,pentagonal,per,perennial,plant,primary,pubescent,ray,regularly,seed,short,size,sparsely,stigma,straight,stripe,style,terminal,testa,thick,thicknes,tip,tube,value,variation,variously,vein,velvety,wall,way,white,wide,width	1/2,2-locular,4.0-5.0,absent,appressed,articulation,asymmetric,bract,branching,breeding,broad-based,compound-toothed,connective,cuneate,dendritic,difoliate,distinct,eglandular,elongated,elongating,enlarged,flat,fleshy,fully,hair,hermaphroditic,heteromorphism,inflated,insertion,internodal,interpetalar,leathery,lower,marking,mature,membranous,modification,monochasial,multicellular,needle-like,non-geminate,none,odour,orientation,paired,pattern,placement,pore,position,present,present-pair,radially,rhizome,rotate,round,scale,smell,spot,staman,stellate,stone,structure,swollen,symmetric,symmetry,sympodial,system,tapered-lanceolate,tissue,tuber,unbranched,unit,vegetative,xylopodia,zygomorphy
39	wfo-0001026305	success	43	38	7	34	91	68	acute,anther,apex,base,berry,calyx,colour,corolla,dendritic,difoliate,filament,form,fruit,fruiting,geminate,green,growth,inflorescence,leaf,leaf-opposed,length,margin,mm,pedicel,petiole,pore,shape,shrub,stem,surface,texture,trichome,type,unifoliate	.25,/4,0.2-1,0.25-0.5,0.5-2,0.6-1,0.7-1,1-1.5,1.3-1.5,2-6-flowered,2.5-3,3-8.5,4-4.5,5-7,6-9,7-16,7-9,abaxially,adaxially,area,arrangement,attenuate,bark,beige-tan,branch,bud,characteristic,cm,congested,conical,corrugation,dark,deflexed,densely,dia,diameter,drying,elliptic,exertion,exserted,glabrate,glabrous,glabrousnes,globose,greenish-white,height,history,lateral,life,like,lobed,lobing,long,main,minute,minutely,na,new,occasionally,older,ovary,ovoid-reniform,pair,pale,papillose,peduncle,pitted,plant,poricidal,primary,pubescent,reddish-brown,rounded,seed,shaped,shining,simple,size,slender,sparsely,stigma,strongly,style,tan,tear-drop,tip,tube,vein,way,x,young							0.25,2.0-2.5,absent,appressed,articulation,basal,bract,branched,branching,breeding,broad-based,cell,connective,discrete,distinct,elliptic-oblong,enlarged,flat,fleshy,hair,heteromorphism,inflated,insertion,interjected,interpetalar,leaflet,leathery,lower,marking,mature,membranous,modification,monochasial,needle-like,none,odour,orientation,paired,pattern,placement,position,present,prickle,pseudostipule,radially,rhizome,round,scale,simple-entire,smell,spot,staman,stellate,stone,structure,swollen,symmetric,symmetry,sympodial,system,tissue,tuber,unbranched,unit,vegetative,white,xylopodia,zygomorphy	16.0	69.0	86.0	acute,base,berry,calyx,dendritic,difoliate,geminate,green,leaf,leaf-opposed,mm,pore,shrub,stem,trichome,unifoliate	.25,/4,0.2-1,0.25-0.5,0.5-2,0.6-1,0.7-1,1-1.5,1.3-1.5,2-6-flowered,2.5-3,3-8.5,4-4.5,5-7,6-9,7-16,7-9,abaxially,adaxially,area,attenuate,beige-tan,cm,congested,conical,dark,deflexed,densely,dia,elliptic,exserted,glabrate,glabrous,globose,greenish-white,lateral,like,lobed,long,main,minute,minutely,na,occasionally,older,ovoid-reniform,pair,pale,papillose,pitted,poricidal,pubescent,reddish-brown,rounded,shaped,shining,simple,slender,sparsely,strongly,style,tan,tear-drop,tip,tube,vein,way,x,young	0.25,2.0-2.5,absent,anther,apex,appressed,articulation,basal,bract,branched,branching,breeding,broad-based,cell,colour,connective,corolla,discrete,distinct,elliptic-oblong,enlarged,filament,flat,fleshy,form,fruit,fruiting,growth,hair,heteromorphism,inflated,inflorescence,insertion,interjected,interpetalar,leaflet,leathery,length,lower,margin,marking,mature,membranous,modification,monochasial,needle-like,none,odour,orientation,paired,pattern,pedicel,petiole,placement,position,present,prickle,pseudostipule,radially,rhizome,round,scale,shape,simple-entire,smell,spot,staman,stellate,stone,structure,surface,swollen,symmetric,symmetry,sympodial,system,texture,tissue,tuber,type,unbranched,unit,vegetative,white,xylopodia,zygomorphy
40	wfo-0001026307	invalid_json_followup	NA	39	NA	39	116	73	acute,anther,apex,base,berry,black,calyx,colour,corolla,filament,form,fruit,fruiting,glandular,growth,herb,inflorescence,interjected,internodal,leaf,leaflet,length,margin,membranous,mm,pedicel,petiole,prickle,pseudostipule,purple,shape,shrub,simple,stem,surface,texture,trichome,type,white	.6,0.2–0.5,0.2–1.5,0.5–0.7,0.5–5.0,0.6,0.8,0.8–2,1.0–1.2,1.0–2.0,1.0–2.4,1–3-celled,1–6-celled,2.0,2.0–3.5,2/3,3.0–4.0,3.5–7.0,35–45,3–8,3–8-celled,4–5.7,8–12,9,abaxial,acute-acuminate,adaxial,angled,anthesi,arrangement,articulated,bark,branch,broadly,bud,central,characteristic,clavate,cm,cuneate,cylindrical,decurrent,densely,diameter,distal,ellipsoid,entire,exerted,exertion,eye,facing,flattened-reniform,flower,glabrous,glabrousnes,globose,green,height,history,lateral,life,like,lobe,lobed,lobing,long,midpoint,minutely,na,narrowing,new,number,ovary,ovate,paler,papillate,peduncle,per,plant,pubescent,purple-yellow,ray,restricted,ripe,seed,shallow,shallowly,side,size,sparsely,spreading,stigma,straight,strongly,style,terminal,thicknes,tinged,tip,toward,translucent,triangular,tube,turning,undulate,uniseriate,value,variable,variation,vein,vigorous,weak-stemmed,wide,width,yellow,yellow-green							1.0-1.5,3.0-4.0,absent,appressed,articulation,basal,blue,bract,branching,breeding,broad-based,cell,connective,difoliate,distinct,eglandular,elliptic-oblong,elongating,enlarged,flat,fleshy,fully,hair,hermaphroditic,heteromorphism,inflated,insertion,interpetalar,leathery,lilac,lower,marking,mature,modification,monochasial,multicellular,needle-like,non-geminate,none,odour,orientation,paired,pattern,pink,placement,pore,position,present,radially,rhizome,round,scale,simple-entire,simple-toothed,smell,spot,staman,stellate,stone,structure,swollen,symmetric,symmetry,sympodial,system,tissue,tuber,unbranched,unit,vegetative,winged,xylopodia,zygomorphy	39.0	116.0	73.0	acute,anther,apex,base,berry,black,calyx,colour,corolla,filament,form,fruit,fruiting,glandular,growth,herb,inflorescence,interjected,internodal,leaf,leaflet,length,margin,membranous,mm,pedicel,petiole,prickle,pseudostipule,purple,shape,shrub,simple,stem,surface,texture,trichome,type,white	.6,0.2–0.5,0.2–1.5,0.5–0.7,0.5–5.0,0.6,0.8,0.8–2,1.0–1.2,1.0–2.0,1.0–2.4,1–3-celled,1–6-celled,2.0,2.0–3.5,2/3,3.0–4.0,3.5–7.0,35–45,3–8,3–8-celled,4–5.7,8–12,9,abaxial,acute-acuminate,adaxial,angled,anthesi,arrangement,articulated,bark,branch,broadly,bud,central,characteristic,clavate,cm,cuneate,cylindrical,decurrent,densely,diameter,distal,ellipsoid,entire,exerted,exertion,eye,facing,flattened-reniform,flower,glabrous,glabrousnes,globose,green,height,history,lateral,life,like,lobe,lobed,lobing,long,midpoint,minutely,na,narrowing,new,number,ovary,ovate,paler,papillate,peduncle,per,plant,pubescent,purple-yellow,ray,restricted,ripe,seed,shallow,shallowly,side,size,sparsely,spreading,stigma,straight,strongly,style,terminal,thicknes,tinged,tip,toward,translucent,triangular,tube,turning,undulate,uniseriate,value,variable,variation,vein,vigorous,weak-stemmed,wide,width,yellow,yellow-green	1.0-1.5,3.0-4.0,absent,appressed,articulation,basal,blue,bract,branching,breeding,broad-based,cell,connective,difoliate,distinct,eglandular,elliptic-oblong,elongating,enlarged,flat,fleshy,fully,hair,hermaphroditic,heteromorphism,inflated,insertion,interpetalar,leathery,lilac,lower,marking,mature,modification,monochasial,multicellular,needle-like,non-geminate,none,odour,orientation,paired,pattern,pink,placement,pore,position,present,radially,rhizome,round,scale,simple-entire,simple-toothed,smell,spot,staman,stellate,stone,structure,swollen,symmetric,symmetry,sympodial,system,tissue,tuber,unbranched,unit,vegetative,winged,xylopodia,zygomorphy
41	wfo-0001026317	invalid_json_followup	NA	39	NA	40	98	72	absent,anther,apex,base,berry,branch,branched,calyx,colour,corolla,dendritic,filament,form,fruit,fruiting,growth,inflorescence,interjected,internodal,leaf,leaflet,length,margin,mm,orange,pedicel,petiole,prickle,pseudostipule,red,shape,shrub,simple,stem,surface,terminal,texture,trichome,type,white	/4,0.25-1,0.3-1.2,0.5,0.5-0.6,0.7-0.9,0.8-1,1-1.2,1-1.5,10-12,2,2-2.5,2-4,2.5-10,2.5-15,3-3.5,4-5,6-8,6x,abaxially,acuminate,acute,adaxially,anthesi,appearance,approximately,arrangement,attenuate,bark,bright,brown,bud,capitate,characteristic,clonal,cm,conical,corrugation,dark,densely,diameter,distal,drying,elliptic,entire,erect,essentially,exertion,flattened,giving,glabrous,glabrousnes,globose,halfway,height,history,lateral,life,lobe,lobing,many,midpoint,minutely,na,narrowly,new,nodding,number,ovary,pair,pale,peduncle,per,pitted,plant,poricidal,primary,pubescent,ray,reniform,seed,size,sparsely,stigma,style,thicknes,time,tip,triangular,tube,uniseriate,value,variation,vein,way,width,x,yellowish							1.0-1.2,2.0-2.5,appressed,articulation,basal,bract,branching,breeding,broad-based,cell,connective,cuneate,difoliate,distinct,eglandular,elliptic-oblong,elongating,enlarged,flat,fleshy,fork,fully,geminate,hair,hermaphroditic,heteromorphism,inflated,insertion,interpetalar,leathery,lower,marking,mature,membranous,modification,monochasial,multi-branched,multicellular,needle-like,none,odour,orientation,paired,pattern,placement,pore,position,present,radially,rhizome,round,scale,simple-entire,smell,spot,staman,stellate,stone,structure,swollen,symmetric,symmetry,sympodial,system,tissue,trifoliate,tuber,unit,vegetative,xylopodia,yellow,zygomorphy	40.0	98.0	72.0	absent,anther,apex,base,berry,branch,branched,calyx,colour,corolla,dendritic,filament,form,fruit,fruiting,growth,inflorescence,interjected,internodal,leaf,leaflet,length,margin,mm,orange,pedicel,petiole,prickle,pseudostipule,red,shape,shrub,simple,stem,surface,terminal,texture,trichome,type,white	/4,0.25-1,0.3-1.2,0.5,0.5-0.6,0.7-0.9,0.8-1,1-1.2,1-1.5,10-12,2,2-2.5,2-4,2.5-10,2.5-15,3-3.5,4-5,6-8,6x,abaxially,acuminate,acute,adaxially,anthesi,appearance,approximately,arrangement,attenuate,bark,bright,brown,bud,capitate,characteristic,clonal,cm,conical,corrugation,dark,densely,diameter,distal,drying,elliptic,entire,erect,essentially,exertion,flattened,giving,glabrous,glabrousnes,globose,halfway,height,history,lateral,life,lobe,lobing,many,midpoint,minutely,na,narrowly,new,nodding,number,ovary,pair,pale,peduncle,per,pitted,plant,poricidal,primary,pubescent,ray,reniform,seed,size,sparsely,stigma,style,thicknes,time,tip,triangular,tube,uniseriate,value,variation,vein,way,width,x,yellowish	1.0-1.2,2.0-2.5,appressed,articulation,basal,bract,branching,breeding,broad-based,cell,connective,cuneate,difoliate,distinct,eglandular,elliptic-oblong,elongating,enlarged,flat,fleshy,fork,fully,geminate,hair,hermaphroditic,heteromorphism,inflated,insertion,interpetalar,leathery,lower,marking,mature,membranous,modification,monochasial,multi-branched,multicellular,needle-like,none,odour,orientation,paired,pattern,placement,pore,position,present,radially,rhizome,round,scale,simple-entire,smell,spot,staman,stellate,stone,structure,swollen,symmetric,symmetry,sympodial,system,tissue,trifoliate,tuber,unit,vegetative,xylopodia,yellow,zygomorphy
42	wfo-0001026335	success	41	37	6	36	94	71	anther,apex,base,calyx,colour,corolla,cuneate,filament,forked,form,fruit,green,growth,hair,inflorescence,interjected,leaf,leaf-opposed,leaflet,length,margin,mm,pedicel,petiole,prickle,pseudostipule,rounded,shape,shrub,stellate,stem,surface,texture,type,white,yellow	.5,0.1-0.3,0.25-0.5,0.5-1,0.6-1,0.8-1.3,1-2,1.5-2,10-20,2,2-3,2-4,2-7.5,3-18,3-5,4-5,5-15,5-7,7-8,acuminate,adaxially,appearance,arrangement,bark,border,branch,branched,bud,capitate,characteristic,cm,connivent,corrugation,curved,deltate,dense,densely,diameter,distal,drying,elliptic,elliptic-ovate,entire,exertion,flattened,flower,giving,glabrescent,glabrous,glabrousnes,globose,height,history,lanceolate,lateral,life,like,lobe,lobing,long,midpoint,moderately,na,new,number,oblong,ovary,peduncle,per,perennial,plant,primary,probably,pubescence,pubescent,ray,reticulate,ripe,scattered,seed,simple,size,stigma,straight,style,terminal,thicknes,unripe,usually,variation,vein,width,x,yellowish							0.5,1.5-2.0,absent,appressed,articulation,basal,berry,bract,branching,breeding,broad-based,cell,connective,difoliate,distinct,eglandular,elliptic-oblong,elongating,enlarged,flat,fleshy,fruiting,fully,geminate,glandular,hermaphroditic,heteromorphism,inflated,insertion,interpetalar,leathery,lower,marking,mature,membranous,modification,multi-branched,needle-like,non-geminate,none,odour,orientation,paired,pattern,placement,plurifoliate,pore,position,present,radially,rhizome,round,scale,simple-entire,smell,spot,staman,stone,structure,swollen,symmetric,symmetry,sympodial,system,tissue,trichome,tuber,unit,vegetative,xylopodia,zygomorphy	13.0	57.0	94.0	cuneate,forked,fruit,green,hair,leaf-opposed,mm,rounded,shrub,stellate,stem,white,yellow	.5,0.1-0.3,0.25-0.5,0.5-1,0.6-1,0.8-1.3,1-2,1.5-2,10-20,2,2-3,2-4,2-7.5,3-18,3-5,4-5,5-15,5-7,7-8,acuminate,adaxially,branched,capitate,cm,connivent,curved,deltate,dense,densely,diameter,elliptic,elliptic-ovate,entire,flattened,flower,glabrescent,glabrous,globose,lanceolate,like,long,moderately,na,oblong,perennial,probably,pubescence,pubescent,reticulate,ripe,scattered,simple,straight,unripe,usually,x,yellowish	0.5,1.5-2.0,absent,anther,apex,appressed,articulation,basal,base,berry,bract,branching,breeding,broad-based,calyx,cell,colour,connective,corolla,difoliate,distinct,eglandular,elliptic-oblong,elongating,enlarged,filament,flat,fleshy,form,fruiting,fully,geminate,glandular,growth,hermaphroditic,heteromorphism,inflated,inflorescence,insertion,interjected,interpetalar,leaf,leaflet,leathery,length,lower,margin,marking,mature,membranous,modification,multi-branched,needle-like,non-geminate,none,odour,orientation,paired,pattern,pedicel,petiole,placement,plurifoliate,pore,position,present,prickle,pseudostipule,radially,rhizome,round,scale,shape,simple-entire,smell,spot,staman,stone,structure,surface,swollen,symmetric,symmetry,sympodial,system,texture,tissue,trichome,tuber,type,unit,vegetative,xylopodia,zygomorphy
43	wfo-0001026343	success	45	43	7	36	101	76	0.5-1.5,anther,apex,base,berry,calyx,colour,corolla,cuneate,filament,form,fruit,fruiting,growth,inflorescence,interjected,leaf,leaflet,length,lower,margin,marking,mm,pedicel,petiole,prickle,pseudostipule,purple,shape,shrub,stem,surface,texture,tree,type,yellow	-4,-7,.5,/5,0-4,0-40,0.05-0.5,0.45-1,0.8-1.5,1.3-1.7,1.5-2,1.5-2.5-3.5,1.8-2.2,1.8-3,1/3,2-3,2-3.2,2-4,2-6,2.2-3.2,3-5,5-10,5.5-9,acute,apparently,appearance,arrangement,articulated,bark,border,branch,branched,broadly,brown,bud,characteristic,chartaceous,cm,cream,curved,dark,densely,diameter,distal,dull,elliptic,erect,exertion,flattened,flattened-reniform,giving,glabrousnes,green,green-brown,height,history,lateral,life,lobe,lobed,lobing,long,maturity,mauve,na,new,number,orange,orange-brown,ovary,pair,pale,peduncle,per,perennial,plant,poricidal,prickly,primary,reddish,rounded,seed,size,small,sparsely,spherical,stellate-pubescent,stigma,style,tapering,terete,terminal,tip,tube,variation,vein,way,weakly,wide,width,young							5.5,absent,andromonoecious,appressed,articulation,asymmetric,basal,blue,bract,branching,breeding,broad-based,cell,connective,dichasial,discrete,distinct,eglandular,enlarged,flat,fleshy,forked,hair,heteromorphism,inflated,insertion,internodal,interpetalar,leathery,lilac,mature,membranous,modification,needle-like,none,odour,orientation,paired,pattern,pink,placement,plurifoliate,pore,position,present,present-inflorescence,present-leaf,present-stem,radially,recurved,rhizome,round,scale,simple-lobed,smell,spot,staman,stellate,stone,straight,structure,swollen,symmetric,symmetry,sympodial,system,tapered-lanceolate,tissue,triangular,trichome,tuber,unbranched,unit,vegetative,xylopodia,zygomorphy	11.0	70.0	101.0	0.5-1.5,base,berry,cuneate,lower,marking,mm,purple,shrub,tree,yellow	-4,-7,.5,/5,0-4,0-40,0.05-0.5,0.45-1,0.8-1.5,1.3-1.7,1.5-2,1.5-2.5-3.5,1.8-2.2,1.8-3,1/3,2-3,2-3.2,2-4,2-6,2.2-3.2,3-5,5-10,5.5-9,acute,apparently,articulated,branched,broadly,brown,chartaceous,cm,cream,curved,dark,densely,diameter,dull,elliptic,erect,flattened,flattened-reniform,green,green-brown,lateral,lobed,long,maturity,mauve,na,orange,orange-brown,pair,pale,per,perennial,poricidal,prickly,reddish,rounded,small,sparsely,spherical,stellate-pubescent,tapering,terete,tip,way,weakly,wide,young	5.5,absent,andromonoecious,anther,apex,appressed,articulation,asymmetric,basal,blue,bract,branching,breeding,broad-based,calyx,cell,colour,connective,corolla,dichasial,discrete,distinct,eglandular,enlarged,filament,flat,fleshy,forked,form,fruit,fruiting,growth,hair,heteromorphism,inflated,inflorescence,insertion,interjected,internodal,interpetalar,leaf,leaflet,leathery,length,lilac,margin,mature,membranous,modification,needle-like,none,odour,orientation,paired,pattern,pedicel,petiole,pink,placement,plurifoliate,pore,position,present,present-inflorescence,present-leaf,present-stem,prickle,pseudostipule,radially,recurved,rhizome,round,scale,shape,simple-lobed,smell,spot,staman,stellate,stem,stone,straight,structure,surface,swollen,symmetric,symmetry,sympodial,system,tapered-lanceolate,texture,tissue,triangular,trichome,tuber,type,unbranched,unit,vegetative,xylopodia,zygomorphy
44	wfo-0001026352	invalid_json_followup	NA	39	NA	43	106	69	0.5,anther,apex,base,berry,blue,branch,branching,calyx,colour,cordate,corolla,filament,form,fruit,fruiting,green,growth,inflorescence,interjected,leaf,leaflet,length,margin,membranous,mm,pedicel,petiole,pink,prickle,pseudostipule,shape,simple,stem,surface,terminal,texture,trichome,truncate,type,vine,white,woody	.3,.5,0.5-0.8,0.5-1,0.5-3,0.6-1.5-4.6,0.7-2,0.9-1,1-1.5,1-2-celled,1-3.5-9,1.2-1.7,10+,3-15,4-4.5,5-6,7-9,<,acuminate,acute,anthesi,antrorsely,appearance,arrangement,articulated,bark,broadly,brown,bud,capitate-truncate,caylx,characteristic,chartaceous,cm,conical,corrugation,curved,deltate,densely,diameter,discolorous,distal,drying,ellipsoid,entire,evenly,exertion,exserted,flattened,giving,glabrous,glabrousnes,globose,greenish,height,history,lateral,leafy,life,lobe,lobing,long,many,midpoint,na,narrowly,near,nearly,new,number,outline,ovary,ovate,pair,pale,peduncle,per,plant,primary,pubescent,ray,reniform,revolute,seed,shallowly,shoot,short,size,sleeve,small,spreading,stigma,strongly,style,thicknes,time,tube,uniseriate,unspecified,value,variation,vein,weak,wide,width,yellowish							4.0-4.5,absent,appressed,articulation,bract,breeding,broad-based,cell,connective,cup-shaped,distinct,eglandular,elliptic-oblong,elongating,enlarged,fleshy,fork,forked,fully,hair,hermaphroditic,heteromorphism,inflated,insertion,interpetalar,leathery,lilac,lower,marking,mature,modification,monochasial,multi-branched,multicellular,near-basal,needle-like,none,odour,orientation,paired,pattern,placement,plurifoliate,pore,position,purple,radially,rhizome,round,scale,simple-entire,smell,spot,staman,stellate,stone,structure,swollen,symmetric,symmetry,sympodial,system,tissue,tuber,unit,vegetative,xylopodia,yellow,zygomorphy	43.0	106.0	69.0	0.5,anther,apex,base,berry,blue,branch,branching,calyx,colour,cordate,corolla,filament,form,fruit,fruiting,green,growth,inflorescence,interjected,leaf,leaflet,length,margin,membranous,mm,pedicel,petiole,pink,prickle,pseudostipule,shape,simple,stem,surface,terminal,texture,trichome,truncate,type,vine,white,woody	.3,.5,0.5-0.8,0.5-1,0.5-3,0.6-1.5-4.6,0.7-2,0.9-1,1-1.5,1-2-celled,1-3.5-9,1.2-1.7,10+,3-15,4-4.5,5-6,7-9,<,acuminate,acute,anthesi,antrorsely,appearance,arrangement,articulated,bark,broadly,brown,bud,capitate-truncate,caylx,characteristic,chartaceous,cm,conical,corrugation,curved,deltate,densely,diameter,discolorous,distal,drying,ellipsoid,entire,evenly,exertion,exserted,flattened,giving,glabrous,glabrousnes,globose,greenish,height,history,lateral,leafy,life,lobe,lobing,long,many,midpoint,na,narrowly,near,nearly,new,number,outline,ovary,ovate,pair,pale,peduncle,per,plant,primary,pubescent,ray,reniform,revolute,seed,shallowly,shoot,short,size,sleeve,small,spreading,stigma,strongly,style,thicknes,time,tube,uniseriate,unspecified,value,variation,vein,weak,wide,width,yellowish	4.0-4.5,absent,appressed,articulation,bract,breeding,broad-based,cell,connective,cup-shaped,distinct,eglandular,elliptic-oblong,elongating,enlarged,fleshy,fork,forked,fully,hair,hermaphroditic,heteromorphism,inflated,insertion,interpetalar,leathery,lilac,lower,marking,mature,modification,monochasial,multi-branched,multicellular,near-basal,needle-like,none,odour,orientation,paired,pattern,placement,plurifoliate,pore,position,purple,radially,rhizome,round,scale,simple-entire,smell,spot,staman,stellate,stone,structure,swollen,symmetric,symmetry,sympodial,system,tissue,tuber,unit,vegetative,xylopodia,yellow,zygomorphy
45	wfo-0001026352	success	44	39	7	39	105	73	0.5,anther,apex,base,berry,blue,branch,branching,calyx,colour,cordate,corolla,filament,form,fruit,fruiting,green,growth,inflorescence,leaf,length,margin,membranous,mm,pedicel,petiole,pink,shape,simple,stem,surface,terminal,texture,trichome,truncate,type,vine,white,woody	.3,.5,0.5-0.8,0.5-1,0.5-1.5,0.5-3,0.6-1.5-4.6,0.7-2,0.9-1,1-1.5,1-2-celled,1-3.5-9,1.2-1.7,1.5,10+,3-15,5-6,7-9,<,?,acuminate,acute,anthesi,antrorsely,arrangement,articulated,bark,broadly,brown,bud,capitate-truncate,characteristic,chartaceous,cm,conical,connivent,corrugation,curved,deltate,densely,diameter,discolorous,drying,ellipsoid,entire,evenly,exertion,exserted,flattened-reniform,glabrous,glabrousnes,globose,greenish,height,herbarium,history,immature,impressed,leafy,life,lobe,lobing,long,many,minutely,na,narrowly,near,nearly,new,number,outline,ovary,ovate,pair,pale,papillose,peduncle,per,plant,primary,pubescent,revolute,seed,shallowly,shiny,shoot,short,size,sleeve,small,specimen,spreading,stigma,strongly,style,time,tube,uniseriate,unspecified,vein,violet,weak,x,yellowish							4.0-4.5,absent,appressed,articulation,bract,breeding,broad-based,cell,connective,cup-shaped,distinct,eglandular,elliptic-oblong,elongating,enlarged,fleshy,fork,forked,fully,hair,hermaphroditic,heteromorphism,inflated,insertion,interjected,interpetalar,leaflet,leathery,lilac,lower,marking,mature,modification,monochasial,multi-branched,multicellular,near-basal,needle-like,none,odour,orientation,paired,pattern,placement,plurifoliate,pore,position,prickle,pseudostipule,purple,radially,rhizome,round,scale,simple-entire,smell,spot,staman,stellate,stone,structure,swollen,symmetric,symmetry,sympodial,system,tissue,tuber,unit,vegetative,xylopodia,yellow,zygomorphy	20.0	81.0	92.0	0.5,base,berry,blue,branching,calyx,cordate,form,green,membranous,mm,pink,simple,surface,terminal,trichome,truncate,vine,white,woody	.3,.5,0.5-0.8,0.5-1,0.5-1.5,0.5-3,0.6-1.5-4.6,0.7-2,0.9-1,1-1.5,1-2-celled,1-3.5-9,1.2-1.7,1.5,10+,3-15,5-6,7-9,<,?,acuminate,acute,anthesi,antrorsely,articulated,broadly,brown,capitate-truncate,chartaceous,cm,conical,connivent,curved,deltate,densely,diameter,discolorous,ellipsoid,entire,evenly,exserted,flattened-reniform,glabrous,globose,greenish,herbarium,immature,impressed,leafy,lobe,long,many,minutely,na,narrowly,near,nearly,outline,ovate,pair,pale,papillose,pubescent,revolute,shallowly,shiny,shoot,short,sleeve,small,specimen,spreading,strongly,time,tube,uniseriate,unspecified,violet,weak,x,yellowish	4.0-4.5,absent,anther,apex,appressed,articulation,bract,branch,breeding,broad-based,cell,colour,connective,corolla,cup-shaped,distinct,eglandular,elliptic-oblong,elongating,enlarged,filament,fleshy,fork,forked,fruit,fruiting,fully,growth,hair,hermaphroditic,heteromorphism,inflated,inflorescence,insertion,interjected,interpetalar,leaf,leaflet,leathery,length,lilac,lower,margin,marking,mature,modification,monochasial,multi-branched,multicellular,near-basal,needle-like,none,odour,orientation,paired,pattern,pedicel,petiole,placement,plurifoliate,pore,position,prickle,pseudostipule,purple,radially,rhizome,round,scale,shape,simple-entire,smell,spot,staman,stellate,stem,stone,structure,swollen,symmetric,symmetry,sympodial,system,texture,tissue,tuber,type,unit,vegetative,xylopodia,yellow,zygomorphy
46	wfo-0001026379	invalid_json	NA	40	NA	32	103	80	2.6-3.7,acute,anther,apex,basal,base,berry,branch,calyx,colour,corolla,filament,fleshy,form,fruit,fruiting,growth,inflorescence,leaf,length,margin,mm,pedicel,petiole,shape,shrub,simple,stem,surface,texture,tree,type	0.2-0.38,0.2-0.4,0.7-1,0.7-2.5,0.8-1.2,0.9-1.2,1-1.7,1-10,1-2,1.3-2.1,1.5-2.3-4.5,1.8-2.6,1.9-3.4,1/2,13,2-7,2.9-4,2/3,3/4,4.1-7,5.3-10.2,50-450,6-10.6,8-13,8.3-10,abaxial,adaxial,along,anthesi,apart,arrangement,articulated,attenuate,bark,blunt-tipped,branched,brown,bud,capitate,characteristic,closely,cm,conical,dark,densely,diameter,dried,echinoid-pubescent,ellipsoid,entire,exertion,finely,flower,glabrous,glabrousnes,globose,granular,gray-brown,grayish,height,history,included,life,lobing,long-attenuate,many,minutely,multangulate,na,nearly,new,oblong,obovate,obtuse,ovary,ovate,pale,peduncle,perennial,plant,rachi,reniform,rich,scabrous,seed,size,small,spaced,stellate-tomentose,stelliform,stigma,style,terete,time,tomentose-pubescent,tube,value,velutinous-pubescent,violet,way,whitish,x,yellow							0.7-1.0,absent,appressed,articulation,blue,bract,branching,breeding,broad-based,cell,connective,dichasial,distinct,eglandular,elliptic-oblong,elongating,enlarged,flat,fork,fully,hair,hermaphroditic,heteromorphism,inflated,insertion,interjected,internodal,interpetalar,leaflet,leathery,lilac,lower,marking,mature,membranous,modification,multi-branched,multicellular,needle-like,none,odour,orange,orientation,paired,pattern,pink,placement,plurifoliate,pore,position,present,present-single,prickle,pseudostipule,purple,radially,red,rhizome,round,scale,simple-entire,smell,spot,staman,stellate,stone,structure,symmetric,symmetry,sympodial,system,terminal,tissue,trichome,tuber,unit,vegetative,white,xylopodia,zygomorphy	32.0	103.0	80.0	2.6-3.7,acute,anther,apex,basal,base,berry,branch,calyx,colour,corolla,filament,fleshy,form,fruit,fruiting,growth,inflorescence,leaf,length,margin,mm,pedicel,petiole,shape,shrub,simple,stem,surface,texture,tree,type	0.2-0.38,0.2-0.4,0.7-1,0.7-2.5,0.8-1.2,0.9-1.2,1-1.7,1-10,1-2,1.3-2.1,1.5-2.3-4.5,1.8-2.6,1.9-3.4,1/2,13,2-7,2.9-4,2/3,3/4,4.1-7,5.3-10.2,50-450,6-10.6,8-13,8.3-10,abaxial,adaxial,along,anthesi,apart,arrangement,articulated,attenuate,bark,blunt-tipped,branched,brown,bud,capitate,characteristic,closely,cm,conical,dark,densely,diameter,dried,echinoid-pubescent,ellipsoid,entire,exertion,finely,flower,glabrous,glabrousnes,globose,granular,gray-brown,grayish,height,history,included,life,lobing,long-attenuate,many,minutely,multangulate,na,nearly,new,oblong,obovate,obtuse,ovary,ovate,pale,peduncle,perennial,plant,rachi,reniform,rich,scabrous,seed,size,small,spaced,stellate-tomentose,stelliform,stigma,style,terete,time,tomentose-pubescent,tube,value,velutinous-pubescent,violet,way,whitish,x,yellow	0.7-1.0,absent,appressed,articulation,blue,bract,branching,breeding,broad-based,cell,connective,dichasial,distinct,eglandular,elliptic-oblong,elongating,enlarged,flat,fork,fully,hair,hermaphroditic,heteromorphism,inflated,insertion,interjected,internodal,interpetalar,leaflet,leathery,lilac,lower,marking,mature,membranous,modification,multi-branched,multicellular,needle-like,none,odour,orange,orientation,paired,pattern,pink,placement,plurifoliate,pore,position,present,present-single,prickle,pseudostipule,purple,radially,red,rhizome,round,scale,simple-entire,smell,spot,staman,stellate,stone,structure,symmetric,symmetry,sympodial,system,terminal,tissue,trichome,tuber,unit,vegetative,white,xylopodia,zygomorphy
47	wfo-0001026400	invalid_json_followup	NA	40	NA	46	112	71	acute,anther,apex,asymmetric,base,berry,blue,branch,calyx,cell,colour,coriaceous,corolla,distal,filament,forked,form,fruit,fruiting,green,growth,hair,herb,inflorescence,interjected,leaf,leaflet,length,lilac,margin,mm,ovoid,pedicel,petiole,prickle,pseudostipule,purple,shape,simple,stem,surface,terminal,texture,tissue,type,white	0.2-0.8,0.4-1,0.5-1,0.5-1.2,1-2,1.3-2.6,1.7-2.2,10-28,12-27,13-30,2-6,3.4-4.8,3.5-5.9,30-55,5-7,6-13,6.5-20,9-13,\u201chair-like\u201d,abaxially,acuminate,adaxially,arrangement,attenuate,axillary,bark,basiscopic,brownish,bud,capitate,characteristic,clavate,cm,condition,connivent,corrugation,covering,dark,deep,diameter,drying,elliptic,erect,exertion,finely,flower,fresh,generally,glabrescent,glabrous,glabrousnes,globose,green-white,greenish,half,height,history,lanceolate,lateral,life,light,linear,lobe,lobing,long,make,midpoint,moderately,mucilaginous,na,new,number,odd-pinnate,ovary,ovate,peduncle,per,plant,poricidal,primary,puberulent,pubescent,ray,ripe,rounded,seed,sessile,short,side,size,stigma,stripe,style,subtending,testal,thick,thicknes,throughout,tip,tube,typically,unwinged,usually,value,variation,vein,wall,wet,whitish,width,x,yellow							1.0-2.0,1/2,5.0-7.0,absent,appressed,articulation,black,bract,branching,breeding,broad-based,compound-entire,connective,cuneate,distinct,eglandular,elliptic-oblong,elongating,enlarged,flat,fleshy,fork,fully,hermaphroditic,heteromorphism,inflated,insertion,interpetalar,leathery,lower,marking,mature,modification,monochasial,multicellular,needle-like,none,odour,orientation,paired,pattern,pink,placement,plurifoliate,pore,position,present,present-pair,radially,rhizome,rotate,round,scale,smell,spot,staman,stellate,stone,structure,swollen,symmetric,symmetry,sympodial,system,trichome,trifoliate,tuber,unit,vegetative,xylopodia,zygomorphy	46.0	112.0	71.0	acute,anther,apex,asymmetric,base,berry,blue,branch,calyx,cell,colour,coriaceous,corolla,distal,filament,forked,form,fruit,fruiting,green,growth,hair,herb,inflorescence,interjected,leaf,leaflet,length,lilac,margin,mm,ovoid,pedicel,petiole,prickle,pseudostipule,purple,shape,simple,stem,surface,terminal,texture,tissue,type,white	0.2-0.8,0.4-1,0.5-1,0.5-1.2,1-2,1.3-2.6,1.7-2.2,10-28,12-27,13-30,2-6,3.4-4.8,3.5-5.9,30-55,5-7,6-13,6.5-20,9-13,\u201chair-like\u201d,abaxially,acuminate,adaxially,arrangement,attenuate,axillary,bark,basiscopic,brownish,bud,capitate,characteristic,clavate,cm,condition,connivent,corrugation,covering,dark,deep,diameter,drying,elliptic,erect,exertion,finely,flower,fresh,generally,glabrescent,glabrous,glabrousnes,globose,green-white,greenish,half,height,history,lanceolate,lateral,life,light,linear,lobe,lobing,long,make,midpoint,moderately,mucilaginous,na,new,number,odd-pinnate,ovary,ovate,peduncle,per,plant,poricidal,primary,puberulent,pubescent,ray,ripe,rounded,seed,sessile,short,side,size,stigma,stripe,style,subtending,testal,thick,thicknes,throughout,tip,tube,typically,unwinged,usually,value,variation,vein,wall,wet,whitish,width,x,yellow	1.0-2.0,1/2,5.0-7.0,absent,appressed,articulation,black,bract,branching,breeding,broad-based,compound-entire,connective,cuneate,distinct,eglandular,elliptic-oblong,elongating,enlarged,flat,fleshy,fork,fully,hermaphroditic,heteromorphism,inflated,insertion,interpetalar,leathery,lower,marking,mature,modification,monochasial,multicellular,needle-like,none,odour,orientation,paired,pattern,pink,placement,plurifoliate,pore,position,present,present-pair,radially,rhizome,rotate,round,scale,smell,spot,staman,stellate,stone,structure,swollen,symmetric,symmetry,sympodial,system,trichome,trifoliate,tuber,unit,vegetative,xylopodia,zygomorphy
48	wfo-0001026406	invalid_json_followup	NA	44	NA	40	113	78	1.3-1.5,anther,apex,base,berry,branch,calyx,colour,corolla,filament,form,fruit,fruiting,growth,herb,inflorescence,interjected,leaf,leaflet,length,lower,margin,marking,mm,pedicel,petiole,plurifoliate,prickle,pseudostipule,purple,shape,shrub,stem,straight,surface,terminal,texture,type,white,yellow	0.3-0.7,0.4-0.9,0.5-1.5,1-2,1.5,1.5-5,1.8-2.4,1/3,1/4-1/2,100-200,2-2.7,2-3,2-6,2.5,2.5-8,2.9-3.2,3.2-3.8,3.5,5-25,5-50,5-6,6-12,6.5-7,7.2,9-15,acute,apart,apparently,arrangement,bark,bud,characteristic,chartaceous,cm,conical,connivent,cordate,corrugation,cream,curved,dark,deltate,densely,diameter,discolorous,distal,drying,erect,exertion,flattened,flattened-reniform,foliaceous,gently,glabrous,glabrousnes,green,height,history,lateral,life,lobed,lobing,long,long-styled,maturity,mauve,midpoint,midvein,moderately,na,new,number,oblong,obtuse,orange-brown,ovary,ovate,pair,pale,peduncle,pendent,per,perennial,plant,poricidal,prickly,primary,ray,red-brown,seed,short-styled,size,spaced,spherical,stelate,stellate-pubescent,stigma,style,tapering,terete,thicknes,tip,tube,value,variation,vein,velvety,way,weakly,wide,width,yellow-brown,young							6.5-7.2,absent,andromonoecious,appressed,articulation,basal,blue,bract,branching,breeding,broad-based,cell,connective,cuneate,dichasial,discrete,distinct,eglandular,enlarged,flat,fleshy,fork,hair,heteromorphism,inflated,insertion,internodal,interpetalar,leathery,lilac,mature,membranous,modification,needle-like,none,odour,orientation,paired,pattern,pink,placement,pore,position,present,present-inflorescence,present-leaf,present-stem,radially,random,recurved,rhizome,round,scale,simple-lobed,simple-toothed,smell,spot,spreading,staman,stellate,stone,structure,swollen,symmetric,symmetry,sympodial,system,tapered-lanceolate,tissue,triangular,trichome,truncate,tuber,unbranched,unit,vegetative,xylopodia,zygomorphy	40.0	113.0	78.0	1.3-1.5,anther,apex,base,berry,branch,calyx,colour,corolla,filament,form,fruit,fruiting,growth,herb,inflorescence,interjected,leaf,leaflet,length,lower,margin,marking,mm,pedicel,petiole,plurifoliate,prickle,pseudostipule,purple,shape,shrub,stem,straight,surface,terminal,texture,type,white,yellow	0.3-0.7,0.4-0.9,0.5-1.5,1-2,1.5,1.5-5,1.8-2.4,1/3,1/4-1/2,100-200,2-2.7,2-3,2-6,2.5,2.5-8,2.9-3.2,3.2-3.8,3.5,5-25,5-50,5-6,6-12,6.5-7,7.2,9-15,acute,apart,apparently,arrangement,bark,bud,characteristic,chartaceous,cm,conical,connivent,cordate,corrugation,cream,curved,dark,deltate,densely,diameter,discolorous,distal,drying,erect,exertion,flattened,flattened-reniform,foliaceous,gently,glabrous,glabrousnes,green,height,history,lateral,life,lobed,lobing,long,long-styled,maturity,mauve,midpoint,midvein,moderately,na,new,number,oblong,obtuse,orange-brown,ovary,ovate,pair,pale,peduncle,pendent,per,perennial,plant,poricidal,prickly,primary,ray,red-brown,seed,short-styled,size,spaced,spherical,stelate,stellate-pubescent,stigma,style,tapering,terete,thicknes,tip,tube,value,variation,vein,velvety,way,weakly,wide,width,yellow-brown,young	6.5-7.2,absent,andromonoecious,appressed,articulation,basal,blue,bract,branching,breeding,broad-based,cell,connective,cuneate,dichasial,discrete,distinct,eglandular,enlarged,flat,fleshy,fork,hair,heteromorphism,inflated,insertion,internodal,interpetalar,leathery,lilac,mature,membranous,modification,needle-like,none,odour,orientation,paired,pattern,pink,placement,pore,position,present,present-inflorescence,present-leaf,present-stem,radially,random,recurved,rhizome,round,scale,simple-lobed,simple-toothed,smell,spot,spreading,staman,stellate,stone,structure,swollen,symmetric,symmetry,sympodial,system,tapered-lanceolate,tissue,triangular,trichome,truncate,tuber,unbranched,unit,vegetative,xylopodia,zygomorphy
49	wfo-0001026407	invalid_json_followup	NA	39	NA	45	122	70	acute,anther,apex,basal,base,berry,black,branch,branched,calyx,colour,corolla,dendritic,filament,fleshy,form,fruit,fruiting,growth,inflorescence,interjected,internodal,leaf,leaflet,length,margin,membranous,mm,pedicel,petiole,prickle,pseudostipule,purple,shape,shrub,stellate,stem,surface,terminal,texture,trichome,truncate,type,vine,woody	-11,-6,.5,.5-3,/3,0.5-0.6,0.5-2,0.9-3,1,1-1.2,1.2-1.5,1.3,1.5-1.7,1.5-7,2.5-3,20-30,3.5,4-5,5,5-10,7-10,7-8,anthesi,appearing,around,arrangement,bark,becoming,beneath,broadly,brown,brownish,bud,capitate,characteristic,chartaceous,cm,congested,connivent,corrugation,deep,dense,densely,diameter,discolorous,distal,drying,ellipsoid,elliptic,entire,exertion,exserted,flattened-reniform,glabrous,glabrousnes,globose,golden,golden-pubescent,height,history,lateral,lax,leafy,life,like,lobe,lobed,lobing,long,loosely,many,markedly,midpoint,minutely,na,narrowly,near,new,number,numerous,oblique,occasionally,outline,ovary,pair,pale,papillate,peduncle,per,persistent,pitted,plant,primary,pubescence,pubescent,purplish,ray,reddish,revolute,ripe,seed,shiny,short,simple,size,slightly,stiff,stigma,stout,strongly,style,thicknes,time,tube,value,variation,vein,violet,way,width,x,yellow							1.0,4.0-5.0,absent,appressed,articulation,asymmetric,blue,bract,branching,breeding,broad-based,cell,connective,coriaceous,cup-shaped,distinct,elliptic-oblong,elongating,enlarged,fork,forked,fully,hair,hermaphroditic,heteromorphism,inflated,insertion,interpetalar,leathery,lilac,lower,marking,mature,modification,monochasial,multi-branched,needle-like,none,odour,orientation,paired,pattern,pink,placement,plurifoliate,pore,position,present,radially,rhizome,round,rounded,scale,simple-entire,smell,spot,staman,stone,structure,swollen,symmetric,symmetry,sympodial,system,tissue,tuber,unit,vegetative,xylopodia,zygomorphy	45.0	122.0	70.0	acute,anther,apex,basal,base,berry,black,branch,branched,calyx,colour,corolla,dendritic,filament,fleshy,form,fruit,fruiting,growth,inflorescence,interjected,internodal,leaf,leaflet,length,margin,membranous,mm,pedicel,petiole,prickle,pseudostipule,purple,shape,shrub,stellate,stem,surface,terminal,texture,trichome,truncate,type,vine,woody	-11,-6,.5,.5-3,/3,0.5-0.6,0.5-2,0.9-3,1,1-1.2,1.2-1.5,1.3,1.5-1.7,1.5-7,2.5-3,20-30,3.5,4-5,5,5-10,7-10,7-8,anthesi,appearing,around,arrangement,bark,becoming,beneath,broadly,brown,brownish,bud,capitate,characteristic,chartaceous,cm,congested,connivent,corrugation,deep,dense,densely,diameter,discolorous,distal,drying,ellipsoid,elliptic,entire,exertion,exserted,flattened-reniform,glabrous,glabrousnes,globose,golden,golden-pubescent,height,history,lateral,lax,leafy,life,like,lobe,lobed,lobing,long,loosely,many,markedly,midpoint,minutely,na,narrowly,near,new,number,numerous,oblique,occasionally,outline,ovary,pair,pale,papillate,peduncle,per,persistent,pitted,plant,primary,pubescence,pubescent,purplish,ray,reddish,revolute,ripe,seed,shiny,short,simple,size,slightly,stiff,stigma,stout,strongly,style,thicknes,time,tube,value,variation,vein,violet,way,width,x,yellow	1.0,4.0-5.0,absent,appressed,articulation,asymmetric,blue,bract,branching,breeding,broad-based,cell,connective,coriaceous,cup-shaped,distinct,elliptic-oblong,elongating,enlarged,fork,forked,fully,hair,hermaphroditic,heteromorphism,inflated,insertion,interpetalar,leathery,lilac,lower,marking,mature,modification,monochasial,multi-branched,needle-like,none,odour,orientation,paired,pattern,pink,placement,plurifoliate,pore,position,present,radially,rhizome,round,rounded,scale,simple-entire,smell,spot,staman,stone,structure,swollen,symmetric,symmetry,sympodial,system,tissue,tuber,unit,vegetative,xylopodia,zygomorphy
50	wfo-0001026424	success	22	39	2	30	85	84	anther,apex,base,calyx,colour,corolla,distinct,ellipsoid,filament,form,fruit,fruiting,growth,inflorescence,interjected,leaf,leaflet,length,margin,pedicel,petiole,prickle,pseudostipule,shape,shrub,simple,stem,surface,texture,type	1-1.5,1-4,1.5-2,10,10-15,15,15-30,3-4,637/1,acuminate,acute,age,appearance,arrangement,bark,becoming,blush-violet,border,branch,broadly,bud,campanulate,characteristic,clonal,close,cm,corrugation,cuneate,cyme,diameter,distal,drying,elliptic,erect,exerted,exertion,flower,giving,glabrous,glabrousnes,green,height,history,lasting,lateral,lavender,life,lobe,lobing,midpoint,na,new,number,oblique,obovate,ovary,peduncle,per,pinnatisect,plant,primary,ray,rh,scorpioid,seed,several,size,soft-wooded,soon,stigma,straggly,style,terminal,thicknes,toward,tube,unwinged,usually,variation,vein,violet,width,woody,x,year							3.0,4.0,absent,appressed,articulation,asymmetric,attenuate,axillary,basal,berry,blue,bract,branching,breeding,broad-based,cell,connective,elliptic-oblong,elongating,enlarged,flat,fleshy,forked,fully,glandular,hair,hermaphroditic,heteromorphism,inflated,insertion,internodal,interpetalar,leathery,lilac,lower,marking,mature,membranous,mm,modification,monochasial,multi-branched,multicellular,needle-like,none,obovoid,odour,orange,orientation,paired,pattern,pink,placement,plurifoliate,pore,position,present,purple,radially,red,rhizome,rotate,scale,simple-entire,simple-lobed,smell,spot,staman,stellate,stone,structure,swollen,symmetric,symmetry,sympodial,system,tissue,trichome,tuber,unit,vegetative,winged,xylopodia,zygomorphy	6.0	47.0	108.0	base,calyx,distinct,ellipsoid,shrub,simple	1-1.5,1-4,1.5-2,10,10-15,15,15-30,3-4,637/1,acuminate,acute,age,becoming,blush-violet,broadly,campanulate,clonal,close,cm,cuneate,cyme,elliptic,erect,exerted,flower,glabrous,green,lasting,lavender,na,oblique,obovate,pinnatisect,rh,scorpioid,several,soft-wooded,soon,straggly,toward,tube,unwinged,usually,violet,woody,x,year	3.0,4.0,absent,anther,apex,appressed,articulation,asymmetric,attenuate,axillary,basal,berry,blue,bract,branching,breeding,broad-based,cell,colour,connective,corolla,elliptic-oblong,elongating,enlarged,filament,flat,fleshy,forked,form,fruit,fruiting,fully,glandular,growth,hair,hermaphroditic,heteromorphism,inflated,inflorescence,insertion,interjected,internodal,interpetalar,leaf,leaflet,leathery,length,lilac,lower,margin,marking,mature,membranous,mm,modification,monochasial,multi-branched,multicellular,needle-like,none,obovoid,odour,orange,orientation,paired,pattern,pedicel,petiole,pink,placement,plurifoliate,pore,position,present,prickle,pseudostipule,purple,radially,red,rhizome,rotate,scale,shape,simple-entire,simple-lobed,smell,spot,staman,stellate,stem,stone,structure,surface,swollen,symmetric,symmetry,sympodial,system,texture,tissue,trichome,tuber,type,unit,vegetative,winged,xylopodia,zygomorphy
51	wfo-0001026440	invalid_json_followup	NA	39	NA	41	112	67	1.1-1.5,2.9-4.4,anther,apex,basal,base,berry,branch,calyx,colour,corolla,filament,fleshy,form,fruit,fruiting,growth,hair,inflorescence,interjected,leaf,leaflet,length,margin,mm,pedicel,petiole,prickle,pseudostipule,shape,shrub,simple,stellate,stem,surface,terminal,texture,tree,type,white,yellow	1-5,1.1-1.4,1.3-1.7,1.5-2.1,1/2-2/3,14-30,2-2.8,3-7,3-8,3/4,4-12,7-14,9,abaxially,acute,adaxially,along,anthesi,arrangement,articulated,bark,blunt-tipped,bract-like,branched,broadly,brown,bud,capitate,characteristic,chartaceous,closely,cm,conical,corrugation,diameter,dichotomy,distal,drying,elliptic,entire,exertion,first,flower,free,glabrousnes,globose,granular,green,greenish-yellow,height,history,included,lateral,life,lob,lobed,lobing,long-attenuate,many,midpoint,minutely,multangulate,multangulate-pubescent,na,nearly,new,number,oblong,obovate,obovoid-oblong,obtuse,ovary,ovate,pair,pale,peduncle,per,pitted,plant,poricidal,porrect-stellate,primary,ray,reniform,ripe,scabrous,seed,sessile,short-acuminate,short-stalked,size,small,sometimes,spaced,sparse,stigma,style,terete,thicknes,time,tip,tomentose,tomentose-pubescent,truncate,tube,turning,value,variation,vein,way,width,x							absent,appressed,articulation,bract,branching,breeding,broad-based,cell,connective,cuneate,dichasial,distinct,eglandular,elliptic-oblong,elongating,enlarged,flat,fork,fully,hermaphroditic,heteromorphism,inflated,insertion,internodal,interpetalar,leathery,lower,marking,mature,membranous,modification,multi-branched,multicellular,needle-like,none,odour,orientation,paired,pattern,placement,plurifoliate,pore,position,present,present-single,radially,rhizome,round,scale,simple-entire,smell,spot,staman,stone,structure,swollen,symmetric,symmetry,sympodial,system,tissue,trichome,tuber,unit,vegetative,xylopodia,zygomorphy	41.0	112.0	67.0	1.1-1.5,2.9-4.4,anther,apex,basal,base,berry,branch,calyx,colour,corolla,filament,fleshy,form,fruit,fruiting,growth,hair,inflorescence,interjected,leaf,leaflet,length,margin,mm,pedicel,petiole,prickle,pseudostipule,shape,shrub,simple,stellate,stem,surface,terminal,texture,tree,type,white,yellow	1-5,1.1-1.4,1.3-1.7,1.5-2.1,1/2-2/3,14-30,2-2.8,3-7,3-8,3/4,4-12,7-14,9,abaxially,acute,adaxially,along,anthesi,arrangement,articulated,bark,blunt-tipped,bract-like,branched,broadly,brown,bud,capitate,characteristic,chartaceous,closely,cm,conical,corrugation,diameter,dichotomy,distal,drying,elliptic,entire,exertion,first,flower,free,glabrousnes,globose,granular,green,greenish-yellow,height,history,included,lateral,life,lob,lobed,lobing,long-attenuate,many,midpoint,minutely,multangulate,multangulate-pubescent,na,nearly,new,number,oblong,obovate,obovoid-oblong,obtuse,ovary,ovate,pair,pale,peduncle,per,pitted,plant,poricidal,porrect-stellate,primary,ray,reniform,ripe,scabrous,seed,sessile,short-acuminate,short-stalked,size,small,sometimes,spaced,sparse,stigma,style,terete,thicknes,time,tip,tomentose,tomentose-pubescent,truncate,tube,turning,value,variation,vein,way,width,x	absent,appressed,articulation,bract,branching,breeding,broad-based,cell,connective,cuneate,dichasial,distinct,eglandular,elliptic-oblong,elongating,enlarged,flat,fork,fully,hermaphroditic,heteromorphism,inflated,insertion,internodal,interpetalar,leathery,lower,marking,mature,membranous,modification,multi-branched,multicellular,needle-like,none,odour,orientation,paired,pattern,placement,plurifoliate,pore,position,present,present-single,radially,rhizome,round,scale,simple-entire,smell,spot,staman,stone,structure,swollen,symmetric,symmetry,sympodial,system,tissue,trichome,tuber,unit,vegetative,xylopodia,zygomorphy
52	wfo-0001026441	invalid_json_followup	NA	40	NA	40	104	71	anther,apex,base,berry,branch,calyx,cell,colour,corolla,distal,filament,flat,forked,form,fruit,fruiting,green,growth,herb,inflorescence,interjected,leaf,leaflet,length,margin,mm,ovoid,pedicel,petiole,prickle,pseudostipule,purple,rotate,rounded,shape,stem,surface,terminal,texture,type	0-2,0.3-0.7,0.5-1.5,0.8,1-1.5,1-2,1.5-2.5,10,15-20,2-2.5,2-5.5,2-8,4-6,4-8,4-8.5,4.5-6.5,5,7-20,7-8,\u201chair-like\u201d,acuminate,appearance,arrangement,articulated,attenuate,axillary,bark,brownish,bud,capitate,characteristic,chartaceous,cm,condition,conical,connivent,corrugation,covering,diameter,drying,elliptic-lanceolate,exertion,fourth,fresh,generally,giving,glabrous,glabrousnes,greenish,half,height,history,lanceolate,lateral,life,light,lobe,lobing,long,middle,midpoint,minute,mottled,na,narrow,new,number,obtuse,odd-pinnate,orbicular,ovary,ovate,pale,peduncle,per,plant,primary,pubescent,ray,ripe,seed,size,slightly,sparsely,stigma,straight,style,subsessile,subtending,testal,thick,thicknes,tube,usually,value,variation,vein,violet,wall,whitish,wide,width,wing,x							1.0-2.0,1/2,5.0,absent,acute,appressed,articulation,blue,bract,branching,breeding,broad-based,compound-entire,connective,cuneate,distinct,elliptic-oblong,elongating,enlarged,fleshy,fork,fully,hair,hermaphroditic,heteromorphism,inflated,insertion,interpetalar,leathery,lilac,lower,marking,mature,membranous,modification,monochasial,needle-like,none,odour,orientation,paired,pattern,pink,placement,plurifoliate,pore,position,present,present-pair,radially,rhizome,scale,smell,spot,staman,stellate,stone,structure,swollen,symmetric,symmetry,sympodial,system,tissue,trichome,trifoliate,tuber,unit,vegetative,xylopodia,zygomorphy	40.0	104.0	71.0	anther,apex,base,berry,branch,calyx,cell,colour,corolla,distal,filament,flat,forked,form,fruit,fruiting,green,growth,herb,inflorescence,interjected,leaf,leaflet,length,margin,mm,ovoid,pedicel,petiole,prickle,pseudostipule,purple,rotate,rounded,shape,stem,surface,terminal,texture,type	0-2,0.3-0.7,0.5-1.5,0.8,1-1.5,1-2,1.5-2.5,10,15-20,2-2.5,2-5.5,2-8,4-6,4-8,4-8.5,4.5-6.5,5,7-20,7-8,\u201chair-like\u201d,acuminate,appearance,arrangement,articulated,attenuate,axillary,bark,brownish,bud,capitate,characteristic,chartaceous,cm,condition,conical,connivent,corrugation,covering,diameter,drying,elliptic-lanceolate,exertion,fourth,fresh,generally,giving,glabrous,glabrousnes,greenish,half,height,history,lanceolate,lateral,life,light,lobe,lobing,long,middle,midpoint,minute,mottled,na,narrow,new,number,obtuse,odd-pinnate,orbicular,ovary,ovate,pale,peduncle,per,plant,primary,pubescent,ray,ripe,seed,size,slightly,sparsely,stigma,straight,style,subsessile,subtending,testal,thick,thicknes,tube,usually,value,variation,vein,violet,wall,whitish,wide,width,wing,x	1.0-2.0,1/2,5.0,absent,acute,appressed,articulation,blue,bract,branching,breeding,broad-based,compound-entire,connective,cuneate,distinct,elliptic-oblong,elongating,enlarged,fleshy,fork,fully,hair,hermaphroditic,heteromorphism,inflated,insertion,interpetalar,leathery,lilac,lower,marking,mature,membranous,modification,monochasial,needle-like,none,odour,orientation,paired,pattern,pink,placement,plurifoliate,pore,position,present,present-pair,radially,rhizome,scale,smell,spot,staman,stellate,stone,structure,swollen,symmetric,symmetry,sympodial,system,tissue,trichome,trifoliate,tuber,unit,vegetative,xylopodia,zygomorphy
53	wfo-0001026460	invalid_json_followup	NA	38	NA	35	97	65	acute,anther,apex,base,berry,branched,calyx,colour,corolla,filament,form,fruit,fruiting,green,growth,inflorescence,interjected,leaf,leaflet,length,margin,mm,pedicel,petiole,prickle,pseudostipule,shape,shrub,stem,surface,texture,trichome,type,unifoliate,white	.1,.5,0.5-1.5,1-1.5,1.5-2,10-15,13.5-21,2-2.5,2.5-3,4.5-5,5,6-7,6-9,7-9,8-10,abaxially,acute-acuminate,adaxially,appearance,arrangement,bark,becoming,border,branch,brown,bud,capitate,characteristic,cm,completely,corrugation,dark,dia,diameter,distal,drying,elliptic,erect,exertion,filiform,floccose,flower,giving,glabrous,glabrousnes,globose,greenish,height,history,lateral,life,lobe,lobing,long,long-exserted,midpoint,minutely,na,nearly,new,number,older,ovary,ovoid-reniform,pair,pale,peduncle,per,perennial,pitted,plant,primary,puberulent,ray,reddish,reddish-brown,seed,shaped,simple,size,soon,stigma,style,subshrub,tapering,tear-drop,terminal,thicknes,tiny,tube,value,variation,vein,width,x,ye,yellow							0.5,1.5-2.0,absent,appressed,articulation,basal,bract,branching,breeding,broad-based,cell,connective,dendritic,discrete,distinct,elliptic-oblong,enlarged,flat,fleshy,hair,heteromorphism,inflated,insertion,internodal,interpetalar,leaf-opposed,leathery,lower,marking,mature,membranous,modification,monochasial,needle-like,none,odour,orientation,paired,pattern,placement,pore,position,radially,rhizome,round,scale,simple-entire,smell,spot,staman,stellate,stone,structure,swollen,symmetric,symmetry,sympodial,system,tissue,tuber,unbranched,unit,vegetative,xylopodia,zygomorphy	35.0	97.0	65.0	acute,anther,apex,base,berry,branched,calyx,colour,corolla,filament,form,fruit,fruiting,green,growth,inflorescence,interjected,leaf,leaflet,length,margin,mm,pedicel,petiole,prickle,pseudostipule,shape,shrub,stem,surface,texture,trichome,type,unifoliate,white	.1,.5,0.5-1.5,1-1.5,1.5-2,10-15,13.5-21,2-2.5,2.5-3,4.5-5,5,6-7,6-9,7-9,8-10,abaxially,acute-acuminate,adaxially,appearance,arrangement,bark,becoming,border,branch,brown,bud,capitate,characteristic,cm,completely,corrugation,dark,dia,diameter,distal,drying,elliptic,erect,exertion,filiform,floccose,flower,giving,glabrous,glabrousnes,globose,greenish,height,history,lateral,life,lobe,lobing,long,long-exserted,midpoint,minutely,na,nearly,new,number,older,ovary,ovoid-reniform,pair,pale,peduncle,per,perennial,pitted,plant,primary,puberulent,ray,reddish,reddish-brown,seed,shaped,simple,size,soon,stigma,style,subshrub,tapering,tear-drop,terminal,thicknes,tiny,tube,value,variation,vein,width,x,ye,yellow	0.5,1.5-2.0,absent,appressed,articulation,basal,bract,branching,breeding,broad-based,cell,connective,dendritic,discrete,distinct,elliptic-oblong,enlarged,flat,fleshy,hair,heteromorphism,inflated,insertion,internodal,interpetalar,leaf-opposed,leathery,lower,marking,mature,membranous,modification,monochasial,needle-like,none,odour,orientation,paired,pattern,placement,pore,position,radially,rhizome,round,scale,simple-entire,smell,spot,staman,stellate,stone,structure,swollen,symmetric,symmetry,sympodial,system,tissue,tuber,unbranched,unit,vegetative,xylopodia,zygomorphy
54	wfo-0001026489	invalid_json_followup	NA	38	NA	39	106	63	0.05-0.1,acute,anther,apex,base,berry,calyx,colour,corolla,difoliate,filament,form,fruit,fruiting,geminate,green,growth,inflorescence,interjected,leaf,leaflet,length,margin,mm,pedicel,petiole,prickle,pseudostipule,shape,shrub,simple,stem,surface,sympodial,texture,trichome,type,unit,white	.3,0.25-0.5,0.5,0.5-0.75,0.5-2,0.8-1.2,0.8-1.3,0.8-3.7,1-1.5,1.5-5,2-3,2-4,2-5,2-8-flowered,2.5-13,2.5-4,2/3,5-6,8-13,along,area,arrangement,axil,bark,beneath,branch,branched,broadly,brown,bud,cal,characteristic,cm,corrugation,cup-shaped,dark,densely,dia,diameter,distal,drying,elliptic,exertion,exserted,flattened,flattened-reniform,glabrous,glabrousnes,globose,gray,height,history,later,lateral,life,lobed,lobing,long,main,midpoint,minutely,na,new,number,occasionally,opposite,ovary,pair,paler,papillose,peduncle,per,perpendicular,pitted,plant,poricidal,primary,pubescent,ray,red-papillose,rhachi,seed,shiny,size,slender,soon,stigma,straight,style,tapering,terminal,thickened,thicknes,tip,tube,uniseriate,usually,value,variation,vein,way,whitish,widened,width,x,young							2.5-4.0,absent,appressed,articulation,basal,bract,branching,breeding,broad-based,cell,connective,discrete,distinct,eglandular,elliptic-oblong,enlarged,flat,fleshy,hair,heteromorphism,inflated,insertion,interpetalar,leaf-opposed,leathery,lower,marking,mature,membranous,modification,monochasial,multicellular,needle-like,none,odour,orientation,paired,pattern,placement,pore,position,present,radially,rhizome,round,scale,simple-entire,smell,spot,staman,stellate,stone,structure,swollen,symmetric,symmetry,system,tissue,tuber,unbranched,vegetative,xylopodia,zygomorphy	39.0	106.0	63.0	0.05-0.1,acute,anther,apex,base,berry,calyx,colour,corolla,difoliate,filament,form,fruit,fruiting,geminate,green,growth,inflorescence,interjected,leaf,leaflet,length,margin,mm,pedicel,petiole,prickle,pseudostipule,shape,shrub,simple,stem,surface,sympodial,texture,trichome,type,unit,white	.3,0.25-0.5,0.5,0.5-0.75,0.5-2,0.8-1.2,0.8-1.3,0.8-3.7,1-1.5,1.5-5,2-3,2-4,2-5,2-8-flowered,2.5-13,2.5-4,2/3,5-6,8-13,along,area,arrangement,axil,bark,beneath,branch,branched,broadly,brown,bud,cal,characteristic,cm,corrugation,cup-shaped,dark,densely,dia,diameter,distal,drying,elliptic,exertion,exserted,flattened,flattened-reniform,glabrous,glabrousnes,globose,gray,height,history,later,lateral,life,lobed,lobing,long,main,midpoint,minutely,na,new,number,occasionally,opposite,ovary,pair,paler,papillose,peduncle,per,perpendicular,pitted,plant,poricidal,primary,pubescent,ray,red-papillose,rhachi,seed,shiny,size,slender,soon,stigma,straight,style,tapering,terminal,thickened,thicknes,tip,tube,uniseriate,usually,value,variation,vein,way,whitish,widened,width,x,young	2.5-4.0,absent,appressed,articulation,basal,bract,branching,breeding,broad-based,cell,connective,discrete,distinct,eglandular,elliptic-oblong,enlarged,flat,fleshy,hair,heteromorphism,inflated,insertion,interpetalar,leaf-opposed,leathery,lower,marking,mature,membranous,modification,monochasial,multicellular,needle-like,none,odour,orientation,paired,pattern,placement,pore,position,present,radially,rhizome,round,scale,simple-entire,smell,spot,staman,stellate,stone,structure,swollen,symmetric,symmetry,system,tissue,tuber,unbranched,vegetative,xylopodia,zygomorphy
55	wfo-0001026490	invalid_json_followup	NA	40	NA	45	130	78	absent,anther,apex,axillary,base,branch,calyx,colour,corolla,filament,flat,form,fruit,fruiting,growth,inflorescence,interjected,leaf,leaflet,length,lower,margin,mature,mm,orange,pedicel,petiole,plurifoliate,prickle,pseudostipule,rounded,shape,shoot,simple,spur,stem,surface,terminal,texture,trichome,truncate,type,vine,white,woody	0.1–0.2,0.1–2.5,0.4–0.8,0.5–1,0.5–1.5,0.5–8,0.8–1.5,0.8–12,1.5–2,1.5–3.5,1.5–5,10–20,1–1.2,1–3,2–2.5,2–4,3,3–4.2,3–4.5,3–5,3–5-pinnate,5–7,7-pinnate,7–15,abaxially,acute,adaxially,along,anthesi,arrangement,bark,brown,bud,capitate,characteristic,chartaceous,cm,commonly,connivent,corrugation,covered,crisped,darker,densely,diameter,distal,distally,drying,ellipsoidal,entire,exertion,expanded,extra-axillary,flattened,flower,geminate,glabrous,glabrousnes,green,height,history,immature,incurved,irregularly,lateral,lenticular,life,light,lobe,lobing,long,main,medium,middle,midpoint,midvein,moderately,mottled,na,nearly,new,number,oblique,oblong,obtuse,obtusely,ovary,ovate-lanceolate,papillose,peduncle,per,plant,pointed,primary,pubescence,pubescent,punctate,ray,reflexed,revolute,sand,seed,short,size,slender,slightly,smooth,sometimes,somewhat,sparsely,stigma,striping,strongly,style,tawny,teardrop-shaped,thicknes,tip,trailing,transparent,tube,value,variation,vein,violet,width,yellow,½,×,–4.5							0.5-1.5,3.0-4.5,appressed,articulation,asymmetric,basal,berry,blue,bract,branching,breeding,broad-based,cell,compound-entire,connective,distinct,eglandular,ellipsoid,elliptic-oblong,elongating,enlarged,fleshy,fork,forked,fully,hair,herbaceous,hermaphroditic,heteromorphism,inflated,insertion,internodal,interpetalar,leathery,lilac,marking,membranous,modification,monochasial,multicellular,needle-like,none,odour,orientation,paired,pattern,pink,placement,pore,position,present,present-single,purple,radially,red,rhizome,rotate,round,scale,simple-entire,smell,spot,staman,stellate,stone,structure,swollen,symmetric,symmetry,sympodial,system,tissue,tuber,unbranched,unit,vegetative,xylopodia,zygomorphy	45.0	130.0	78.0	absent,anther,apex,axillary,base,branch,calyx,colour,corolla,filament,flat,form,fruit,fruiting,growth,inflorescence,interjected,leaf,leaflet,length,lower,margin,mature,mm,orange,pedicel,petiole,plurifoliate,prickle,pseudostipule,rounded,shape,shoot,simple,spur,stem,surface,terminal,texture,trichome,truncate,type,vine,white,woody	0.1–0.2,0.1–2.5,0.4–0.8,0.5–1,0.5–1.5,0.5–8,0.8–1.5,0.8–12,1.5–2,1.5–3.5,1.5–5,10–20,1–1.2,1–3,2–2.5,2–4,3,3–4.2,3–4.5,3–5,3–5-pinnate,5–7,7-pinnate,7–15,abaxially,acute,adaxially,along,anthesi,arrangement,bark,brown,bud,capitate,characteristic,chartaceous,cm,commonly,connivent,corrugation,covered,crisped,darker,densely,diameter,distal,distally,drying,ellipsoidal,entire,exertion,expanded,extra-axillary,flattened,flower,geminate,glabrous,glabrousnes,green,height,history,immature,incurved,irregularly,lateral,lenticular,life,light,lobe,lobing,long,main,medium,middle,midpoint,midvein,moderately,mottled,na,nearly,new,number,oblique,oblong,obtuse,obtusely,ovary,ovate-lanceolate,papillose,peduncle,per,plant,pointed,primary,pubescence,pubescent,punctate,ray,reflexed,revolute,sand,seed,short,size,slender,slightly,smooth,sometimes,somewhat,sparsely,stigma,striping,strongly,style,tawny,teardrop-shaped,thicknes,tip,trailing,transparent,tube,value,variation,vein,violet,width,yellow,½,×,–4.5	0.5-1.5,3.0-4.5,appressed,articulation,asymmetric,basal,berry,blue,bract,branching,breeding,broad-based,cell,compound-entire,connective,distinct,eglandular,ellipsoid,elliptic-oblong,elongating,enlarged,fleshy,fork,forked,fully,hair,herbaceous,hermaphroditic,heteromorphism,inflated,insertion,internodal,interpetalar,leathery,lilac,marking,membranous,modification,monochasial,multicellular,needle-like,none,odour,orientation,paired,pattern,pink,placement,pore,position,present,present-single,purple,radially,red,rhizome,rotate,round,scale,simple-entire,smell,spot,staman,stellate,stone,structure,swollen,symmetric,symmetry,sympodial,system,tissue,tuber,unbranched,unit,vegetative,xylopodia,zygomorphy
56	wfo-0001026491	success	39	40	9	40	89	75	2.5-3.5,absent,acute,anther,apex,base,berry,branch,calyx,colour,corolla,filament,form,fruit,fruiting,green,growth,inflorescence,interjected,leaf,leaflet,length,margin,mm,ovoid,pedicel,petiole,prickle,pseudostipule,purple,rounded,shape,shrub,simple,stem,surface,terminal,texture,type,white	.5,1,1.5-2,1.5-2.5,1.5-3.5,1.7,2-3,3,3-pinnate,5-6,5-8,6-8,7-8,abaxially,acuminate,adaxially,appearance,arrangement,averaging,bark,border,branched,broadly,bud,capitate,cellular-papillose,characteristic,cm,corrugation,cuneate,deep,deltoid,densely,diameter,distal,distally,drying,elliptic-lanceolate,entire,exertion,giving,glabrousnes,globose,height,highly,history,lanceolate,lateral,less,life,light,lobe,lobing,middle,midpoint,minutely,na,new,number,oblong-elliptic,often,ovary,ovate,ovate-elliptic,pale,peduncle,per,perennial,pilose,plant,primary,pubescent,ray,seed,shortly,size,slender,spotted,stigma,strigose,strong,style,suborbicular-ovate,thicknes,tube,variation,vein,width,x							1.0,2-cellular,appressed,articulation,basal,bayonet,blue,bract,branching,breeding,broad-based,cell,compound-entire,connective,distinct,elliptic-oblong,elongating,enlarged,flat,fleshy,fork,forked,fully,hair,hermaphroditic,heteromorphism,inflated,insertion,interpetalar,leathery,lilac,lower,marking,mature,membranous,modification,monochasial,multi-branched,needle-like,none,odour,orientation,paired,pattern,pink,placement,plurifoliate,pore,position,present,present-pair,radially,rhizome,rotate,round,scale,simple-entire,smell,spot,staman,stellate,stone,structure,swollen,symmetric,symmetry,sympodial,system,tissue,trichome,tuber,unit,vegetative,xylopodia,zygomorphy	13.0	53.0	102.0	2.5-3.5,absent,acute,base,berry,green,mm,ovoid,purple,rounded,shrub,simple,white	.5,1,1.5-2,1.5-2.5,1.5-3.5,1.7,2-3,3,3-pinnate,5-6,5-8,6-8,7-8,abaxially,acuminate,adaxially,averaging,branched,broadly,capitate,cellular-papillose,cm,cuneate,deep,deltoid,densely,diameter,distally,elliptic-lanceolate,entire,globose,highly,lanceolate,less,light,middle,minutely,na,oblong-elliptic,often,ovate,ovate-elliptic,pale,perennial,pilose,pubescent,shortly,slender,spotted,strigose,strong,suborbicular-ovate,x	1.0,2-cellular,anther,apex,appressed,articulation,basal,bayonet,blue,bract,branch,branching,breeding,broad-based,calyx,cell,colour,compound-entire,connective,corolla,distinct,elliptic-oblong,elongating,enlarged,filament,flat,fleshy,fork,forked,form,fruit,fruiting,fully,growth,hair,hermaphroditic,heteromorphism,inflated,inflorescence,insertion,interjected,interpetalar,leaf,leaflet,leathery,length,lilac,lower,margin,marking,mature,membranous,modification,monochasial,multi-branched,needle-like,none,odour,orientation,paired,pattern,pedicel,petiole,pink,placement,plurifoliate,pore,position,present,present-pair,prickle,pseudostipule,radially,rhizome,rotate,round,scale,shape,simple-entire,smell,spot,staman,stellate,stem,stone,structure,surface,swollen,symmetric,symmetry,sympodial,system,terminal,texture,tissue,trichome,tuber,type,unit,vegetative,xylopodia,zygomorphy
57	wfo-0001026501	success	54	41	7	34	107	85	acicular,anther,apex,base,berry,calyx,colour,corolla,cuneate,filament,form,fruit,fruiting,green,growth,inflorescence,leaf,length,margin,mm,pedicel,petiole,prickle,rounded,shape,shoot,shrub,spreading,stem,surface,texture,trichome,type,white	.35,.5,.6,.7,/3,0,0-1,0.05-0.3,0.2-1.8,0.27-0.7,0.5-0.6,0.5-0.9,0.5-1,0.6-1,0.6-1.1-1.7,0.6-2,0.9-2.2,1-2.5,1.8-2.2,1/4,2-10,2.5-4,2.8-3,3-4,3-9,7-9,?,abaxially,acute,apart,apically,arrangement,articulated,bark,branch,branched,brown,brown-green,characteristic,chartaceous,cm,deltate,densely,diameter,dull,elliptic,entire,erect,exertion,eye,filiform-acuminate,flattened-reniform,glabrous,glabrousnes,gray,height,history,known,life,light,lobing,long,mauve,moderately,naked,new,number,orange-brown,orbicular,ovary,ovate,pair,pale,peduncle,per,plant,poricidal,porrect,prickly,primary,ray,scandent,seed,short,simple,size,spaced,sparsely,spherical,stalked,stellate-pubescent,stigma,straight,style,tapering,terete,terminal,tip,tube,unarmed,upper,vein,visible,way,wide,yellow,yellow-green							0.7,3.5-4.0,absent,absent-inflorescence,appressed,articulation,axillary,basal,blue,bract,branching,breeding,broad-based,cell,connective,dichasial,discrete,distinct,eglandular,enlarged,flat,fleshy,fully,hair,hermaphroditic,heteromorphism,inflated,insertion,interjected,interpetalar,leaflet,leathery,lilac,lower,marking,mature,membranous,modification,needle-like,none,odour,orange,orientation,paired,pattern,pink,placement,plurifoliate,pore,position,present,present-inflorescence,present-leaf,present-stem,pseudostipule,purple,radially,random,red,rhizome,round,scale,simple-entire,smell,spot,spur,staman,stellate,stone,structure,swollen,symmetric,symmetry,sympodial,system,tapered-lanceolate,tissue,tuber,unbranched,unit,vegetative,vine,woody,xylopodia,zygomorphy	13.0	83.0	106.0	acicular,base,berry,cuneate,green,mm,rounded,shoot,shrub,spreading,surface,trichome,white	.35,.5,.6,.7,/3,0,0-1,0.05-0.3,0.2-1.8,0.27-0.7,0.5-0.6,0.5-0.9,0.5-1,0.6-1,0.6-1.1-1.7,0.6-2,0.9-2.2,1-2.5,1.8-2.2,1/4,2-10,2.5-4,2.8-3,3-4,3-9,7-9,?,abaxially,acute,apart,apically,articulated,branched,brown,brown-green,chartaceous,cm,deltate,densely,diameter,dull,elliptic,entire,erect,eye,filiform-acuminate,flattened-reniform,glabrous,gray,known,light,long,mauve,moderately,naked,orange-brown,orbicular,ovate,pair,pale,poricidal,porrect,prickly,scandent,short,simple,spaced,sparsely,spherical,stalked,stellate-pubescent,straight,tapering,terete,terminal,tip,unarmed,upper,visible,way,wide,yellow,yellow-green	0.7,3.5-4.0,absent,absent-inflorescence,anther,apex,appressed,articulation,axillary,basal,blue,bract,branching,breeding,broad-based,calyx,cell,colour,connective,corolla,dichasial,discrete,distinct,eglandular,enlarged,filament,flat,fleshy,form,fruit,fruiting,fully,growth,hair,hermaphroditic,heteromorphism,inflated,inflorescence,insertion,interjected,interpetalar,leaf,leaflet,leathery,length,lilac,lower,margin,marking,mature,membranous,modification,needle-like,none,odour,orange,orientation,paired,pattern,pedicel,petiole,pink,placement,plurifoliate,pore,position,present,present-inflorescence,present-leaf,present-stem,prickle,pseudostipule,purple,radially,random,red,rhizome,round,scale,shape,simple-entire,smell,spot,spur,staman,stellate,stem,stone,structure,swollen,symmetric,symmetry,sympodial,system,tapered-lanceolate,texture,tissue,tuber,type,unbranched,unit,vegetative,vine,woody,xylopodia,zygomorphy
58	wfo-0001026513	success	38	38	7	30	77	70	0.25,acute,anther,apex,base,berry,calyx,colour,corolla,filament,form,fruit,fruiting,green,growth,inflorescence,leaf,length,margin,mm,pedicel,petiole,shape,shrub,stem,surface,texture,type,unifoliate,white	/3,0.75,0.8-2,1,1-3,2-2.2,2-5,3,3-5,3-6-flowered,4-5,6-8,7-9,8-16,area,arrangement,bark,branch,bud,characteristic,cm,completely,corrugation,darkish,decurrent,dia,diameter,drying,elliptic,exertion,exserted,flower,glabrous,glabrousnes,globose,grey,height,history,lanceolate,lateral,life,lobed,lobing,long,long-styled,main,minute,na,new,number,ovary,pair,pale,papillose,peduncle,per,perennial,plant,primary,seed,shaped,shiny,short-styled,simple,size,slender,small,soon,stigma,style,tear-drop,tip,treelet,tube,vein,way,x							1.0-1.5,absent,appressed,articulation,basal,bract,branching,breeding,broad-based,cell,connective,discrete,distinct,elliptic-oblong,enlarged,flat,fleshy,hair,heteromorphism,inflated,insertion,interjected,interpetalar,leaf-opposed,leaflet,leathery,lower,marking,mature,membranous,modification,monochasial,needle-like,none,odour,orientation,paired,pattern,placement,pore,position,present,prickle,pseudostipule,radially,rhizome,round,scale,simple-entire,smell,spot,staman,stellate,stone,structure,swollen,symmetric,symmetry,sympodial,system,tissue,tree,trichome,tuber,unbranched,unit,vegetative,winged,xylopodia,zygomorphy	11.0	52.0	89.0	0.25,acute,base,berry,calyx,green,mm,petiole,shrub,unifoliate,white	/3,0.75,0.8-2,1,1-3,2-2.2,2-5,3,3-5,3-6-flowered,4-5,6-8,7-9,8-16,area,cm,completely,darkish,decurrent,dia,elliptic,exserted,flower,glabrous,globose,grey,lanceolate,lateral,lobed,long,long-styled,main,minute,na,pair,pale,papillose,perennial,shaped,shiny,short-styled,simple,slender,small,soon,style,tear-drop,tip,treelet,vein,way,x	1.0-1.5,absent,anther,apex,appressed,articulation,basal,bract,branching,breeding,broad-based,cell,colour,connective,corolla,discrete,distinct,elliptic-oblong,enlarged,filament,flat,fleshy,form,fruit,fruiting,growth,hair,heteromorphism,inflated,inflorescence,insertion,interjected,interpetalar,leaf,leaf-opposed,leaflet,leathery,length,lower,margin,marking,mature,membranous,modification,monochasial,needle-like,none,odour,orientation,paired,pattern,pedicel,placement,pore,position,present,prickle,pseudostipule,radially,rhizome,round,scale,shape,simple-entire,smell,spot,staman,stellate,stem,stone,structure,surface,swollen,symmetric,symmetry,sympodial,system,texture,tissue,tree,trichome,tuber,type,unbranched,unit,vegetative,winged,xylopodia,zygomorphy
59	wfo-0001026529	invalid_json_followup	NA	40	NA	47	143	72	anther,apex,base,berry,blue,branch,calyx,cell,colour,cordate,corolla,distal,filament,flat,forked,form,fruit,glandular,green,growth,hair,herb,inflorescence,interjected,leaf,leaflet,length,lilac,margin,membranous,mm,ovoid,pedicel,petiole,pore,prickle,pseudostipule,rounded,shape,stem,surface,terminal,texture,trichome,type,white,yellow	0-25,0.3-1,0.5-4.5,1,1-10,1-2,1-3,1-4.5,1.1-2.5,1.5-2.5,1.5-4,10-28,11-14,12-22,120-210,2-7.5,20-60,3-12,3-5,3-9.5,4-8,5-15,5-17,5-9,50-70,6-20,600-950,?,abaxially,acumen,acuminate,adaxially,age,apart,apparently,arrangement,articulated,attenuate,axe,axillary,bark,brownish,bud,capitate,character,characteristic,chartaceous,clavate,cm,condition,connivent,corrugation,covering,creamy,dark,deep,densely,diameter,dot,drying,erect,exertion,faintly,flower,fresh,generally,glabrous,glabrousnes,gland,globose,greatly,green-white,greenish,hair-like,half,head,height,history,lanceolate,lateral,lengthening,life,light,like,lobing,long,longer,make,medium,midpoint,moderately,mucilaginous,na,new,non-glandular,number,oblique,odd-pinnate,often,ovary,peduncle,per,perfect,plant,poricidal,primary,pubescent,pure,rarely,ray,ripe,scattered,seed,short,size,slightly,slit,spaced,stigma,style,subtending,testal,tetralobulate,thick,thicknes,throughout,tip,tube,typically,unwinged,usually,value,variation,varying,vein,wall,wet,whitish,wide,width,wing,x,yellowish							1.0-2.0,1/2,5.0-9.0,absent,appressed,articulation,asymmetric,bract,branching,breeding,broad-based,compound-entire,connective,distinct,eglandular,elliptic-oblong,elongating,enlarged,fleshy,fork,fruiting,fully,hermaphroditic,heteromorphism,inflated,insertion,interpetalar,leathery,lower,marking,mature,modification,monochasial,multicellular,needle-like,none,odour,orientation,paired,pattern,pink,placement,plurifoliate,position,present,present-pair,purple,radially,rhizome,rotate,round,scale,simple,smell,spot,staman,stellate,stone,structure,swollen,symmetric,symmetry,sympodial,system,tissue,trifoliate,truncate,tuber,unit,vegetative,xylopodia,zygomorphy	47.0	143.0	72.0	anther,apex,base,berry,blue,branch,calyx,cell,colour,cordate,corolla,distal,filament,flat,forked,form,fruit,glandular,green,growth,hair,herb,inflorescence,interjected,leaf,leaflet,length,lilac,margin,membranous,mm,ovoid,pedicel,petiole,pore,prickle,pseudostipule,rounded,shape,stem,surface,terminal,texture,trichome,type,white,yellow	0-25,0.3-1,0.5-4.5,1,1-10,1-2,1-3,1-4.5,1.1-2.5,1.5-2.5,1.5-4,10-28,11-14,12-22,120-210,2-7.5,20-60,3-12,3-5,3-9.5,4-8,5-15,5-17,5-9,50-70,6-20,600-950,?,abaxially,acumen,acuminate,adaxially,age,apart,apparently,arrangement,articulated,attenuate,axe,axillary,bark,brownish,bud,capitate,character,characteristic,chartaceous,clavate,cm,condition,connivent,corrugation,covering,creamy,dark,deep,densely,diameter,dot,drying,erect,exertion,faintly,flower,fresh,generally,glabrous,glabrousnes,gland,globose,greatly,green-white,greenish,hair-like,half,head,height,history,lanceolate,lateral,lengthening,life,light,like,lobing,long,longer,make,medium,midpoint,moderately,mucilaginous,na,new,non-glandular,number,oblique,odd-pinnate,often,ovary,peduncle,per,perfect,plant,poricidal,primary,pubescent,pure,rarely,ray,ripe,scattered,seed,short,size,slightly,slit,spaced,stigma,style,subtending,testal,tetralobulate,thick,thicknes,throughout,tip,tube,typically,unwinged,usually,value,variation,varying,vein,wall,wet,whitish,wide,width,wing,x,yellowish	1.0-2.0,1/2,5.0-9.0,absent,appressed,articulation,asymmetric,bract,branching,breeding,broad-based,compound-entire,connective,distinct,eglandular,elliptic-oblong,elongating,enlarged,fleshy,fork,fruiting,fully,hermaphroditic,heteromorphism,inflated,insertion,interpetalar,leathery,lower,marking,mature,modification,monochasial,multicellular,needle-like,none,odour,orientation,paired,pattern,pink,placement,plurifoliate,position,present,present-pair,purple,radially,rhizome,rotate,round,scale,simple,smell,spot,staman,stellate,stone,structure,swollen,symmetric,symmetry,sympodial,system,tissue,trifoliate,truncate,tuber,unit,vegetative,xylopodia,zygomorphy
60	wfo-0001026534	success	31	36	5	39	85	72	anther,apex,base,calyx,colour,cordate,corolla,eglandular,filament,form,fruit,fruiting,growth,hair,inflorescence,interjected,leaf,leaflet,length,margin,mm,orange,ovoid,pedicel,petiole,prickle,pseudostipule,purple,red,shape,simple,stem,surface,texture,tree,type,unbranched,white,yellow	0.5-1,1.5-6,1.5-9,10-20,10-50,15-50,2-2.5,2-7,2.5-15,3-25,3-4,3-5,3.5-4,4-10,5-6,6-35,7-40,acuminate,acute,apiculate,appearance,arrangement,auriculate,bark,basal,border,branch,branched,bud,characteristic,chartaceous,cm,connivent,corrugation,deltate,densely,diameter,distal,drying,ellipsoidal,entire,exertion,flattened,flower,giving,glabrous,glabrousnes,glandular,height,history,lanceolate,lateral,life,lobe,lobing,midpoint,na,new,number,obtuse,ovary,ovate,pale,peduncle,per,perennial,pinkish,plant,primary,puberulent,pubescent,ray,seed,size,stigma,style,terminal,thicknes,tip,truncate,tube,variation,vein,width,x							5.0-6.0,absent,appressed,articulation,berry,black,blue,bract,branching,breeding,broad-based,cell,connective,coriaceous,discrete,distinct,ellipsoid,enlarged,flat,fleshy,forked,fully,hermaphroditic,heteromorphism,inflated,insertion,internodal,interpetalar,leathery,lilac,lower,marking,mature,modification,multicellular,near-basal,needle-like,none,odour,orientation,paired,pattern,pink,placement,plurifoliate,pore,position,present,radially,rhizome,scale,simple-entire,smell,spot,staman,stellate,stone,structure,swollen,symmetric,symmetry,sympodial,system,tapered-lanceolate,tissue,trichome,trifoliate,tuber,unit,vegetative,xylopodia,zygomorphy	15.0	47.0	96.0	apex,cordate,eglandular,fruit,hair,mm,orange,ovoid,purple,red,simple,tree,unbranched,white,yellow	0.5-1,1.5-6,1.5-9,10-20,10-50,15-50,2-2.5,2-7,2.5-15,3-25,3-4,3-5,3.5-4,4-10,5-6,6-35,7-40,acuminate,acute,apiculate,auriculate,basal,branched,chartaceous,cm,connivent,deltate,densely,ellipsoidal,entire,flattened,flower,glabrous,glandular,lanceolate,lobe,na,obtuse,ovate,pale,perennial,pinkish,puberulent,pubescent,tip,truncate,x	5.0-6.0,absent,anther,appressed,articulation,base,berry,black,blue,bract,branching,breeding,broad-based,calyx,cell,colour,connective,coriaceous,corolla,discrete,distinct,ellipsoid,enlarged,filament,flat,fleshy,forked,form,fruiting,fully,growth,hermaphroditic,heteromorphism,inflated,inflorescence,insertion,interjected,internodal,interpetalar,leaf,leaflet,leathery,length,lilac,lower,margin,marking,mature,modification,multicellular,near-basal,needle-like,none,odour,orientation,paired,pattern,pedicel,petiole,pink,placement,plurifoliate,pore,position,present,prickle,pseudostipule,radially,rhizome,scale,shape,simple-entire,smell,spot,staman,stellate,stem,stone,structure,surface,swollen,symmetric,symmetry,sympodial,system,tapered-lanceolate,texture,tissue,trichome,trifoliate,tuber,type,unit,vegetative,xylopodia,zygomorphy
61	wfo-0001026535	success	43	38	7	36	116	77	anther,apex,base,berry,black,branch,branched,branching,calyx,colour,corolla,cuneate,dendritic,filament,form,fruit,fruiting,growth,inflorescence,leaf,length,lower,margin,membranous,mm,ovoid,pedicel,petiole,shape,shrub,stem,surface,terminal,texture,trichome,type	.5,.8,0.7-1.5,1,1-2,1-3,1.2-2,1.3,1.5-3,1/2-2/3,1/3,2-5,2.5,3,3-4.5,5-7,5°,7-8,acute,age,almost,along,anthesi,apically,arrangement,bark,becoming,brachyblast,broadly,brown,bud,characteristic,chartaceous,clavate,clustered,cm,concolorous,condensed,conical,corrugation,cupular,curved,dark,dendritic-pubescent,dense,developed,diameter,dilated,discolorous,distributed,dry,drying,ellipsoid,elliptic,elongated,entire,evenly,exertion,flower,forming,glabrous,glabrousnes,green-brown,height,history,liana,life,like,lobed,lobing,long,loop,midvein,minutely,na,new,number,oblong,obovate,older,orange-brown,ovary,ovate,pair,papillose,partly,peduncle,per,perennial,plant,pointed,primary,pubescent,rachi,rarely,ridged,rounded,seed,short,size,slender,sparsely,spreading,stigma,style,truncate,tube,unarmed,vein,violet,weakly,white,widely,x,yellowish,young							1.0-2.0,3.5-4.0,absent,appressed,articulation,basal,blue,bract,breeding,broad-based,cell,connective,discrete,distinct,elliptic-oblong,enlarged,flat,fleshy,fork,forked,fully,green,hair,hermaphroditic,heteromorphism,inflated,insertion,interjected,interpetalar,leaflet,leathery,lilac,marking,mature,modification,monochasial,needle-like,none,odour,orange,orientation,paired,pattern,pink,placement,plurifoliate,pore,position,present,prickle,pseudostipule,purple,radially,red,rhizome,scale,simple-entire,simple-lobed,smell,spot,staman,stellate,stone,structure,symmetric,symmetry,sympodial,system,tissue,tuber,unbranched,unit,vegetative,vine,woody,xylopodia,zygomorphy	21.0	93.0	92.0	apex,base,berry,black,branch,branched,branching,corolla,cuneate,dendritic,fruit,leaf,length,lower,membranous,mm,ovoid,shrub,stem,terminal,trichome	.5,.8,0.7-1.5,1,1-2,1-3,1.2-2,1.3,1.5-3,1/2-2/3,1/3,2-5,2.5,3,3-4.5,5-7,5°,7-8,acute,age,almost,along,anthesi,apically,becoming,brachyblast,broadly,brown,chartaceous,clavate,clustered,cm,concolorous,condensed,conical,cupular,curved,dark,dendritic-pubescent,dense,developed,diameter,dilated,discolorous,distributed,dry,drying,ellipsoid,elliptic,elongated,entire,evenly,flower,forming,glabrous,green-brown,liana,like,lobed,long,loop,midvein,minutely,na,oblong,obovate,older,orange-brown,ovate,pair,papillose,partly,perennial,plant,pointed,pubescent,rachi,rarely,ridged,rounded,short,slender,sparsely,spreading,truncate,unarmed,violet,weakly,white,widely,x,yellowish,young	1.0-2.0,3.5-4.0,absent,anther,appressed,articulation,basal,blue,bract,breeding,broad-based,calyx,cell,colour,connective,discrete,distinct,elliptic-oblong,enlarged,filament,flat,fleshy,fork,forked,form,fruiting,fully,green,growth,hair,hermaphroditic,heteromorphism,inflated,inflorescence,insertion,interjected,interpetalar,leaflet,leathery,lilac,margin,marking,mature,modification,monochasial,needle-like,none,odour,orange,orientation,paired,pattern,pedicel,petiole,pink,placement,plurifoliate,pore,position,present,prickle,pseudostipule,purple,radially,red,rhizome,scale,shape,simple-entire,simple-lobed,smell,spot,staman,stellate,stone,structure,surface,symmetric,symmetry,sympodial,system,texture,tissue,tuber,type,unbranched,unit,vegetative,vine,woody,xylopodia,zygomorphy
62	wfo-0001026604	success	43	39	6	37	88	79	anther,apex,base,berry,branch,branching,calyx,colour,cordate,corolla,filament,form,fruit,fruiting,growth,inflated,inflorescence,leaf,leaf-opposed,length,margin,mm,pedicel,petiole,purple,red,shape,shrub,simple,stem,surface,terminal,texture,trichome,truncate,type,woody	0,0.1,0.8-0.9,1-1.2,1.1-1.3,1.2-1.7,1.5-2,1.5-9,2-2.3,2.3-3.5,3-3.5,3-5,4.5-7,5,5-7,50-100,<,acuminate,along,arrangement,bark,brown,bud,c.,capitate,characteristic,cm,conical,corrugation,dark,diameter,drying,ellipsoid,entire,exertion,exserted,flattened,flexuous,flower,glabrous,glabrousnes,globose,height,history,later,liana,life,lobing,midrib,minute,minutely,na,narrowly,new,number,oblique,ovary,ovate,overall,ovoid,pair,pale,peduncle,per,pitted,plant,poricidal,primary,reddish,reniform,ripe,seed,size,slender,somewhat,stigma,stout,strongly,style,time,tip,tube,uniseriate,vein,vining,violet,way,x							0.75,1/2,4.0-4.5,absent,appressed,articulation,asymmetric,blue,bract,breeding,broad-based,cell,connective,cup-shaped,distal,distinct,eglandular,elliptic-oblong,elongating,enlarged,fleshy,fork,forked,fully,hair,hermaphroditic,heteromorphism,insertion,interjected,interpetalar,leaflet,leathery,lilac,lower,marking,mature,membranous,modification,monochasial,multi-branched,multicellular,needle-like,none,odour,orange,orientation,paired,pattern,pink,placement,plurifoliate,pore,position,present,prickle,pseudostipule,radially,rhizome,round,scale,simple-entire,smell,spot,staman,stellate,stone,structure,swollen,symmetric,symmetry,sympodial,system,tissue,tuber,unit,vegetative,vine,xylopodia,zygomorphy	18.0	65.0	98.0	base,berry,branching,calyx,cordate,inflated,leaf-opposed,mm,purple,red,shape,shrub,simple,surface,terminal,trichome,truncate,woody	0,0.1,0.8-0.9,1-1.2,1.1-1.3,1.2-1.7,1.5-2,1.5-9,2-2.3,2.3-3.5,3-3.5,3-5,4.5-7,5,5-7,50-100,<,acuminate,along,brown,c.,capitate,cm,conical,dark,diameter,ellipsoid,entire,exserted,flattened,flexuous,flower,glabrous,globose,later,liana,midrib,minute,minutely,na,narrowly,oblique,ovate,overall,ovoid,pair,pale,per,pitted,poricidal,reddish,reniform,ripe,slender,somewhat,stout,strongly,time,tip,tube,uniseriate,vining,violet,way,x	0.75,1/2,4.0-4.5,absent,anther,apex,appressed,articulation,asymmetric,blue,bract,branch,breeding,broad-based,cell,colour,connective,corolla,cup-shaped,distal,distinct,eglandular,elliptic-oblong,elongating,enlarged,filament,fleshy,fork,forked,form,fruit,fruiting,fully,growth,hair,hermaphroditic,heteromorphism,inflorescence,insertion,interjected,interpetalar,leaf,leaflet,leathery,length,lilac,lower,margin,marking,mature,membranous,modification,monochasial,multi-branched,multicellular,needle-like,none,odour,orange,orientation,paired,pattern,pedicel,petiole,pink,placement,plurifoliate,pore,position,present,prickle,pseudostipule,radially,rhizome,round,scale,simple-entire,smell,spot,staman,stellate,stem,stone,structure,swollen,symmetric,symmetry,sympodial,system,texture,tissue,tuber,type,unit,vegetative,vine,xylopodia,zygomorphy
63	wfo-0001026607	invalid_json_followup	NA	40	NA	41	108	74	acute,anther,apex,base,berry,branch,calyx,cell,colour,corolla,distal,filament,forked,form,fruit,fruiting,green,growth,hair,herb,inflorescence,interjected,leaf,leaflet,length,margin,membranous,mm,ovoid,pedicel,petiole,prickle,pseudostipule,rounded,shape,simple,stem,surface,terminal,texture,type	0-3,0-5,0.1-0.3,0.3-1.8,0.5-5.8,0.8-3.4,0.8-4.5,1-2,1-3.8,10-30,2-2.5,2.4-5.8,2.5-3.8,2.7-19,4-6,5.8-19.8,6-10,\u201chair-like\u201d,arrangement,attenuate,axillary,bark,basiscopic,brownish,bud,capitate,characteristic,chartaceous,clavate,cm,coarse,condition,connivent,corrugation,covering,decurrent,deep,diameter,drying,elliptic,exertion,finely,forming,fresh,generally,glabrous,glabrousnes,globose,green-white,greenish,half,height,history,lanceolate,lateral,life,like,lobe,lobing,long,make,medium,midpoint,moderately,mucilaginous,na,new,number,obtuse,odd-pinnate,ovary,ovate,peduncle,per,petiolulate,plant,primary,puberulent,pubescent,ray,ripe,rosette,seed,semierect,sessile,short,side,size,stigma,style,subtending,testal,thick,thicknes,throughout,tube,typically,unwinged,usually,value,variation,vein,violet,wall,wet,whitish,width,x							1.0-2.0,1/2,4.0-6.0,absent,appressed,articulation,blue,bract,branching,breeding,broad-based,compound-entire,connective,distinct,eglandular,elliptic-oblong,elongating,enlarged,flat,fleshy,fork,fully,hermaphroditic,heteromorphism,inflated,insertion,interpetalar,leathery,lilac,lower,marking,mature,modification,monochasial,multicellular,needle-like,none,odour,orientation,paired,pattern,pink,placement,plurifoliate,pore,position,present,present-pair,purple,radially,rhizome,rotate,round,scale,smell,spot,staman,stellate,stone,structure,swollen,symmetric,symmetry,sympodial,system,tissue,trichome,trifoliate,tuber,unit,vegetative,white,xylopodia,zygomorphy	41.0	108.0	74.0	acute,anther,apex,base,berry,branch,calyx,cell,colour,corolla,distal,filament,forked,form,fruit,fruiting,green,growth,hair,herb,inflorescence,interjected,leaf,leaflet,length,margin,membranous,mm,ovoid,pedicel,petiole,prickle,pseudostipule,rounded,shape,simple,stem,surface,terminal,texture,type	0-3,0-5,0.1-0.3,0.3-1.8,0.5-5.8,0.8-3.4,0.8-4.5,1-2,1-3.8,10-30,2-2.5,2.4-5.8,2.5-3.8,2.7-19,4-6,5.8-19.8,6-10,\u201chair-like\u201d,arrangement,attenuate,axillary,bark,basiscopic,brownish,bud,capitate,characteristic,chartaceous,clavate,cm,coarse,condition,connivent,corrugation,covering,decurrent,deep,diameter,drying,elliptic,exertion,finely,forming,fresh,generally,glabrous,glabrousnes,globose,green-white,greenish,half,height,history,lanceolate,lateral,life,like,lobe,lobing,long,make,medium,midpoint,moderately,mucilaginous,na,new,number,obtuse,odd-pinnate,ovary,ovate,peduncle,per,petiolulate,plant,primary,puberulent,pubescent,ray,ripe,rosette,seed,semierect,sessile,short,side,size,stigma,style,subtending,testal,thick,thicknes,throughout,tube,typically,unwinged,usually,value,variation,vein,violet,wall,wet,whitish,width,x	1.0-2.0,1/2,4.0-6.0,absent,appressed,articulation,blue,bract,branching,breeding,broad-based,compound-entire,connective,distinct,eglandular,elliptic-oblong,elongating,enlarged,flat,fleshy,fork,fully,hermaphroditic,heteromorphism,inflated,insertion,interpetalar,leathery,lilac,lower,marking,mature,modification,monochasial,multicellular,needle-like,none,odour,orientation,paired,pattern,pink,placement,plurifoliate,pore,position,present,present-pair,purple,radially,rhizome,rotate,round,scale,smell,spot,staman,stellate,stone,structure,swollen,symmetric,symmetry,sympodial,system,tissue,trichome,trifoliate,tuber,unit,vegetative,white,xylopodia,zygomorphy
64	wfo-0001026613	invalid_json_followup	NA	40	NA	41	95	73	absent,anther,apex,base,berry,branch,calyx,colour,cordate,corolla,distal,filament,forked,form,fruit,fruiting,green,growth,hair,herb,inflorescence,interjected,leaf,leaflet,length,margin,mature,membranous,mm,pedicel,petiole,pore,prickle,pseudostipule,purple,shape,stem,surface,terminal,texture,type	0.6-1.2,1-2,1.5-4,11-19.5,2-7.5,2.3-8,2.5-2.8,3-5,4-5,4.5-8.5,5,5-6,5-7,6-12,6.2-9.5,8-18,8.5-9,9.5-13.5,abaxially,acuminate,adaxially,age,apparently,appearance,arrangement,attenuate,axe,axillary,bark,border,bud,capitate,characteristic,chartaceous,cm,conical,connivent,corrugation,densely,diameter,drying,exertion,flower,generally,giving,glabrous,glabrousnes,half,height,history,immature,lanceolate,lateral,lengthening,life,like,lobe,lobing,long,midpoint,minute,mottled,na,new,number,odd-pinnate,ovary,ovate,peduncle,per,perfect,plant,poricidal,primary,pubescent,ray,seed,size,slit,sparsely,stigma,style,subtending,thicknes,tip,tube,unknown,unwinged,usually,value,variation,vein,width,x,yellow							1.0-2.0,1/2,5.0-6.0,appressed,articulation,asymmetric,blue,bract,branching,breeding,broad-based,cell,compound-entire,connective,distinct,eglandular,elliptic-oblong,elongating,enlarged,flat,fleshy,fork,fully,hermaphroditic,heteromorphism,inflated,insertion,interpetalar,leathery,lilac,lower,marking,modification,monochasial,multicellular,needle-like,none,odour,orientation,ovoid,paired,pattern,pink,placement,plurifoliate,position,present,present-pair,radially,rhizome,rotate,scale,simple,smell,spot,staman,stellate,stone,structure,swollen,symmetric,symmetry,sympodial,system,tissue,trichome,trifoliate,truncate,tuber,unit,vegetative,xylopodia,zygomorphy	41.0	95.0	73.0	absent,anther,apex,base,berry,branch,calyx,colour,cordate,corolla,distal,filament,forked,form,fruit,fruiting,green,growth,hair,herb,inflorescence,interjected,leaf,leaflet,length,margin,mature,membranous,mm,pedicel,petiole,pore,prickle,pseudostipule,purple,shape,stem,surface,terminal,texture,type	0.6-1.2,1-2,1.5-4,11-19.5,2-7.5,2.3-8,2.5-2.8,3-5,4-5,4.5-8.5,5,5-6,5-7,6-12,6.2-9.5,8-18,8.5-9,9.5-13.5,abaxially,acuminate,adaxially,age,apparently,appearance,arrangement,attenuate,axe,axillary,bark,border,bud,capitate,characteristic,chartaceous,cm,conical,connivent,corrugation,densely,diameter,drying,exertion,flower,generally,giving,glabrous,glabrousnes,half,height,history,immature,lanceolate,lateral,lengthening,life,like,lobe,lobing,long,midpoint,minute,mottled,na,new,number,odd-pinnate,ovary,ovate,peduncle,per,perfect,plant,poricidal,primary,pubescent,ray,seed,size,slit,sparsely,stigma,style,subtending,thicknes,tip,tube,unknown,unwinged,usually,value,variation,vein,width,x,yellow	1.0-2.0,1/2,5.0-6.0,appressed,articulation,asymmetric,blue,bract,branching,breeding,broad-based,cell,compound-entire,connective,distinct,eglandular,elliptic-oblong,elongating,enlarged,flat,fleshy,fork,fully,hermaphroditic,heteromorphism,inflated,insertion,interpetalar,leathery,lilac,lower,marking,modification,monochasial,multicellular,needle-like,none,odour,orientation,ovoid,paired,pattern,pink,placement,plurifoliate,position,present,present-pair,radially,rhizome,rotate,scale,simple,smell,spot,staman,stellate,stone,structure,swollen,symmetric,symmetry,sympodial,system,tissue,trichome,trifoliate,truncate,tuber,unit,vegetative,xylopodia,zygomorphy
65	wfo-0001026614	invalid_json_followup	NA	45	NA	36	133	76	acute,anther,apex,base,berry,broad-based,calyx,colour,corolla,filament,form,fruit,fruiting,growth,hair,inflorescence,interjected,interpetalar,leaf,leaflet,length,margin,mm,orange,pedicel,petiole,prickle,pseudostipule,shape,shrub,stem,surface,texture,tissue,type,white	.2,.8,0.2–0.3,0.4-0.7,0.5,0.5–2,1-2–4-branched,1.3-1.8,15–30,1–2,1–3,1–5,2.2,2.5,2.5–3,20–25,2–6.5,3–10,4.5–11,4.5–5.5,5,5.3-8.2,50,8–10,9–16,>,abaxially,acuminate,adaxially,armed,arrangement,articulated,bark,black,branch,brown,bud,campanulate,capitate,cayx,characteristic,clavate,cm,commonly,corrugation,cylindrical,dark,developed,diameter,distal,dried,drying,entire,erect,especially,evenly,exertion,extra-axillary,flattened-reniform,flower,foveolate,glabrescent,glabrous,glabrousnes,gland-tipped,globose,height,history,irregularly,lateral,life,linear,lobe,lobed,lobing,long,midpoint,midvein,minute,minutely,mottled,na,nearly,new,number,oblique,orange-red,ovary,ovate,ovoid,pair,peduncle,per,plant,primary,pubescent,rarely,ray,reflexed,repand,ripe,rotate-pentagonal,rounded,seed,sessile,shallowly,side,simple,size,smaller,sometimes,somewhat,soon,sparsely,spreading,stellate-pubescent,stigma,style,tapering,terminal,thicknes,tube,unarmed,usually,value,variation,vein,weakly,well,width,x,yellow,yellowish							1.2-1.4,5.5-6.0,absent,absent-inflorescence,absent-leaf,appressed,articulation,asymmetric,basal,bract,branching,breeding,cell,connective,cuneate,discrete,distinct,eglandular,enlarged,flat,fleshy,forked,fully,hermaphroditic,heteromorphism,inflated,insertion,internodal,leathery,lower,marking,mature,membranous,modification,monochasial,multi-branched,needle-like,none,odour,orientation,paired,pattern,placement,plurifoliate,pore,position,present,present-leaf,present-stem,radially,recurved,red,rhizome,round,scale,simple-entire,simple-toothed,smell,spot,staman,stellate,stone,structure,swollen,symmetric,symmetry,sympodial,system,tapered-lanceolate,triangular,trichome,tuber,unit,vegetative,xylopodia,zygomorphy	36.0	133.0	76.0	acute,anther,apex,base,berry,broad-based,calyx,colour,corolla,filament,form,fruit,fruiting,growth,hair,inflorescence,interjected,interpetalar,leaf,leaflet,length,margin,mm,orange,pedicel,petiole,prickle,pseudostipule,shape,shrub,stem,surface,texture,tissue,type,white	.2,.8,0.2–0.3,0.4-0.7,0.5,0.5–2,1-2–4-branched,1.3-1.8,15–30,1–2,1–3,1–5,2.2,2.5,2.5–3,20–25,2–6.5,3–10,4.5–11,4.5–5.5,5,5.3-8.2,50,8–10,9–16,>,abaxially,acuminate,adaxially,armed,arrangement,articulated,bark,black,branch,brown,bud,campanulate,capitate,cayx,characteristic,clavate,cm,commonly,corrugation,cylindrical,dark,developed,diameter,distal,dried,drying,entire,erect,especially,evenly,exertion,extra-axillary,flattened-reniform,flower,foveolate,glabrescent,glabrous,glabrousnes,gland-tipped,globose,height,history,irregularly,lateral,life,linear,lobe,lobed,lobing,long,midpoint,midvein,minute,minutely,mottled,na,nearly,new,number,oblique,orange-red,ovary,ovate,ovoid,pair,peduncle,per,plant,primary,pubescent,rarely,ray,reflexed,repand,ripe,rotate-pentagonal,rounded,seed,sessile,shallowly,side,simple,size,smaller,sometimes,somewhat,soon,sparsely,spreading,stellate-pubescent,stigma,style,tapering,terminal,thicknes,tube,unarmed,usually,value,variation,vein,weakly,well,width,x,yellow,yellowish	1.2-1.4,5.5-6.0,absent,absent-inflorescence,absent-leaf,appressed,articulation,asymmetric,basal,bract,branching,breeding,cell,connective,cuneate,discrete,distinct,eglandular,enlarged,flat,fleshy,forked,fully,hermaphroditic,heteromorphism,inflated,insertion,internodal,leathery,lower,marking,mature,membranous,modification,monochasial,multi-branched,needle-like,none,odour,orientation,paired,pattern,placement,plurifoliate,pore,position,present,present-leaf,present-stem,radially,recurved,red,rhizome,round,scale,simple-entire,simple-toothed,smell,spot,staman,stellate,stone,structure,swollen,symmetric,symmetry,sympodial,system,tapered-lanceolate,triangular,trichome,tuber,unit,vegetative,xylopodia,zygomorphy
66	wfo-0001026642	invalid_json_followup	NA	39	NA	38	91	76	0.75-2.0,1.2-3.5,anther,apex,base,black,blue,branch,calyx,colour,corolla,filament,form,fruit,fruiting,growth,hair,herb,inflorescence,interjected,leaf,leaflet,length,lilac,margin,mm,multicellular,pedicel,petiole,prickle,pseudostipule,shape,simple,stem,surface,terminal,texture,type	0.4-2.2,0.5,0.5-3.5,0.5-6.2,0.5-8.0,0.75-1.0,0.8-1.2,1-3,1.2-1.7,2.8-3.0,3.0-5.1,4-7,4.0-6.0,5.0-7.0,50-100,6,annual,anthesi,appearance,arrangement,axillary,bark,bipinnate,borne,branched,brown,bud,characteristic,clavate,cm,corrugation,dark,diameter,distal,drying,elliptic,equal,exertion,flattened,giving,glabrescent,glabrous,glabrousnes,globose,green-purple,height,history,lateral,lavender,life,lobe,lobing,long,midpoint,na,new,number,oblong,obtuse,ovary,ovate,pale,peduncle,per,perennial,pinnate,pitted,plant,primary,pubescent,ray,seed,shallowly,shoot,size,sparsely,stigma,style,subglabrous,thicknes,time,tube,unicellular,uniseriate,value,variation,vein,violet,width,woody,x							absent,appressed,articulation,attenuate,basal,berry,bract,branching,breeding,broad-based,cell,compound-entire,compound-lobed,connective,distinct,eglandular,elliptic-oblong,elongating,enlarged,flat,fleshy,fork,forked,fully,green,hermaphroditic,heteromorphism,inflated,insertion,interpetalar,leathery,lower,marking,mature,modification,monochasial,multi-branched,needle-like,none,odour,orientation,paired,pattern,pink,pinnatifid,placement,pore,position,present,purple,radially,rhizome,rotate,round,scale,simple-pinnatifid,smell,spot,staman,stellate,stone,structure,swollen,symmetric,symmetry,sympodial,system,tissue,trichome,tuber,unifoliate,unit,vegetative,winged,xylopodia,zygomorphy	38.0	91.0	76.0	0.75-2.0,1.2-3.5,anther,apex,base,black,blue,branch,calyx,colour,corolla,filament,form,fruit,fruiting,growth,hair,herb,inflorescence,interjected,leaf,leaflet,length,lilac,margin,mm,multicellular,pedicel,petiole,prickle,pseudostipule,shape,simple,stem,surface,terminal,texture,type	0.4-2.2,0.5,0.5-3.5,0.5-6.2,0.5-8.0,0.75-1.0,0.8-1.2,1-3,1.2-1.7,2.8-3.0,3.0-5.1,4-7,4.0-6.0,5.0-7.0,50-100,6,annual,anthesi,appearance,arrangement,axillary,bark,bipinnate,borne,branched,brown,bud,characteristic,clavate,cm,corrugation,dark,diameter,distal,drying,elliptic,equal,exertion,flattened,giving,glabrescent,glabrous,glabrousnes,globose,green-purple,height,history,lateral,lavender,life,lobe,lobing,long,midpoint,na,new,number,oblong,obtuse,ovary,ovate,pale,peduncle,per,perennial,pinnate,pitted,plant,primary,pubescent,ray,seed,shallowly,shoot,size,sparsely,stigma,style,subglabrous,thicknes,time,tube,unicellular,uniseriate,value,variation,vein,violet,width,woody,x	absent,appressed,articulation,attenuate,basal,berry,bract,branching,breeding,broad-based,cell,compound-entire,compound-lobed,connective,distinct,eglandular,elliptic-oblong,elongating,enlarged,flat,fleshy,fork,forked,fully,green,hermaphroditic,heteromorphism,inflated,insertion,interpetalar,leathery,lower,marking,mature,modification,monochasial,multi-branched,needle-like,none,odour,orientation,paired,pattern,pink,pinnatifid,placement,pore,position,present,purple,radially,rhizome,rotate,round,scale,simple-pinnatifid,smell,spot,staman,stellate,stone,structure,swollen,symmetric,symmetry,sympodial,system,tissue,trichome,tuber,unifoliate,unit,vegetative,winged,xylopodia,zygomorphy
67	wfo-0001026651	success	43	39	8	37	94	77	acute,anther,apex,base,berry,branch,calyx,colour,corolla,filament,form,fruit,fruiting,green,growth,herb,inflorescence,interjected,leaf,leaflet,length,margin,mm,pedicel,petiole,prickle,pseudostipule,rounded,shape,shrub,simple,stem,surface,terminal,texture,type,white	0.9-3,1-2,1.8,2-11.5,2-13,2-3,2-3.3,2-4,2-4.5,2-8,2.2-10,3-5,4-6,4-7.8,6-10,6-14,acuminate,appearance,arrangement,articulated,attenuate,bark,beneath,beyond,border,brochidodromous,brownish-green,bud,capitate,characteristic,chartaceous,ciliate,cm,corrugation,dark,densely,diameter,distal,drying,dull,entire,exertion,exserted,flattened,flower,giving,glabrescent,glabrous,glabrousnes,globose,height,history,lanceolate,lateral,life,light,lobe,lobing,midpoint,moderate,much-branched,na,narrowly-elliptic,new,number,oblong-ellipsoid,ovary,ovate-deltate,ovate-reniform,peduncle,pedunculate,per,plant,primary,pubescent,ray,revolute,ripe,seed,size,slightly,sometimes,stamen,stigma,style,sub-opposite,thicknes,translucent,tube,undulate,variation,vein,width,×							1.0,1.0-2.0,2-cellular,absent,appressed,articulation,asymmetric,basal,bract,branching,breeding,broad-based,cell,connective,difoliate,discrete,distinct,eglandular,elliptic-oblong,enlarged,flat,fleshy,fork,fully,geminate,geniculate,hair,hermaphroditic,heteromorphism,inflated,insertion,internodal,interpetalar,leaf-opposed,leathery,lower,marking,mature,membranous,modification,monochasial,multicellular,needle-like,none,odour,orientation,paired,pattern,placement,pore,position,present,radially,rhizome,round,scale,simple-entire,smell,spot,staman,stellate,stone,structure,swollen,symmetric,symmetry,sympodial,system,tissue,trichome,trifoliate,tuber,unbranched,unit,vegetative,xylopodia,zygomorphy	13.0	61.0	101.0	acute,base,berry,fruit,green,herb,leaf,mm,rounded,shrub,simple,terminal,white	0.9-3,1-2,1.8,2-11.5,2-13,2-3,2-3.3,2-4,2-4.5,2-8,2.2-10,3-5,4-6,4-7.8,6-10,6-14,acuminate,articulated,attenuate,beneath,beyond,brochidodromous,brownish-green,capitate,chartaceous,ciliate,cm,dark,densely,diameter,drying,dull,entire,exserted,flattened,flower,glabrescent,glabrous,globose,lanceolate,lateral,light,moderate,much-branched,na,narrowly-elliptic,oblong-ellipsoid,ovate-deltate,ovate-reniform,pedunculate,per,pubescent,revolute,ripe,slightly,sometimes,stamen,sub-opposite,translucent,undulate,×	1.0,1.0-2.0,2-cellular,absent,anther,apex,appressed,articulation,asymmetric,basal,bract,branch,branching,breeding,broad-based,calyx,cell,colour,connective,corolla,difoliate,discrete,distinct,eglandular,elliptic-oblong,enlarged,filament,flat,fleshy,fork,form,fruiting,fully,geminate,geniculate,growth,hair,hermaphroditic,heteromorphism,inflated,inflorescence,insertion,interjected,internodal,interpetalar,leaf-opposed,leaflet,leathery,length,lower,margin,marking,mature,membranous,modification,monochasial,multicellular,needle-like,none,odour,orientation,paired,pattern,pedicel,petiole,placement,pore,position,present,prickle,pseudostipule,radially,rhizome,round,scale,shape,simple-entire,smell,spot,staman,stellate,stem,stone,structure,surface,swollen,symmetric,symmetry,sympodial,system,texture,tissue,trichome,trifoliate,tuber,type,unbranched,unit,vegetative,xylopodia,zygomorphy
68	wfo-0001026656	invalid_json_followup	NA	40	NA	40	98	76	acute,anther,apex,base,blue,branch,calyx,colour,corolla,distal,filament,forked,form,fruit,fruiting,green,growth,hair,herb,inflorescence,interjected,leaf,leaflet,length,margin,membranous,mm,ovoid,pedicel,petiole,prickle,pseudostipule,purple,shape,stem,surface,terminal,texture,type,white	0-4,0.3-3,0.3-4.2,0.4-6.5,0.7-10.5,0.9-13,1-1.8,1-10,1-2,1-3.8,1.1-8.1,2-6,2.5-17,20-60,4-8,5-35,5.5-27,9-11,acuminate,appearance,arrangement,attenuate,bark,border,borne,broadly,brownish,bud,capitate,characteristic,chartaceous,clavate,cm,condition,corrugation,cuneate,dark,densely,diameter,dot,drying,elliptic,exertion,fresh,generally,giving,glabrous,glabrousnes,globose,greenish,half,height,history,lanceolate,lateral,life,light,like,lobe,lobing,long,midpoint,moderately,mottled,na,narrowly,new,number,oblique,odd-pinnate,ovary,ovate,peduncle,per,plant,primary,pubescent,ray,scattered,seed,size,stigma,style,subglabrous,subtending,symmetrical,thicknes,truncate,tube,unwinged,value,variation,vein,violet,whitish,wide,width,winged							1.0-2.0,1/2,4.0-8.0,absent,appressed,articulation,asymmetric,berry,bract,branching,breeding,broad-based,cell,compound-entire,connective,distinct,eglandular,elliptic-oblong,elongating,enlarged,flat,fleshy,fork,fully,hermaphroditic,heteromorphism,inflated,insertion,interpetalar,leathery,lilac,lower,marking,mature,modification,monochasial,multicellular,needle-like,none,odour,orientation,paired,pattern,pink,placement,plurifoliate,pore,position,present,present-pair,radially,rhizome,rotate,round,rounded,scale,simple,smell,spot,staman,stellate,stone,structure,swollen,symmetric,symmetry,sympodial,system,tissue,trichome,trifoliate,tuber,unit,vegetative,xylopodia,zygomorphy	40.0	98.0	76.0	acute,anther,apex,base,blue,branch,calyx,colour,corolla,distal,filament,forked,form,fruit,fruiting,green,growth,hair,herb,inflorescence,interjected,leaf,leaflet,length,margin,membranous,mm,ovoid,pedicel,petiole,prickle,pseudostipule,purple,shape,stem,surface,terminal,texture,type,white	0-4,0.3-3,0.3-4.2,0.4-6.5,0.7-10.5,0.9-13,1-1.8,1-10,1-2,1-3.8,1.1-8.1,2-6,2.5-17,20-60,4-8,5-35,5.5-27,9-11,acuminate,appearance,arrangement,attenuate,bark,border,borne,broadly,brownish,bud,capitate,characteristic,chartaceous,clavate,cm,condition,corrugation,cuneate,dark,densely,diameter,dot,drying,elliptic,exertion,fresh,generally,giving,glabrous,glabrousnes,globose,greenish,half,height,history,lanceolate,lateral,life,light,like,lobe,lobing,long,midpoint,moderately,mottled,na,narrowly,new,number,oblique,odd-pinnate,ovary,ovate,peduncle,per,plant,primary,pubescent,ray,scattered,seed,size,stigma,style,subglabrous,subtending,symmetrical,thicknes,truncate,tube,unwinged,value,variation,vein,violet,whitish,wide,width,winged	1.0-2.0,1/2,4.0-8.0,absent,appressed,articulation,asymmetric,berry,bract,branching,breeding,broad-based,cell,compound-entire,connective,distinct,eglandular,elliptic-oblong,elongating,enlarged,flat,fleshy,fork,fully,hermaphroditic,heteromorphism,inflated,insertion,interpetalar,leathery,lilac,lower,marking,mature,modification,monochasial,multicellular,needle-like,none,odour,orientation,paired,pattern,pink,placement,plurifoliate,pore,position,present,present-pair,radially,rhizome,rotate,round,rounded,scale,simple,smell,spot,staman,stellate,stone,structure,swollen,symmetric,symmetry,sympodial,system,tissue,trichome,trifoliate,tuber,unit,vegetative,xylopodia,zygomorphy
69	wfo-0001026663	success	41	39	7	32	115	77	1.1-2.1,anther,apex,base,berry,branch,calyx,colour,corolla,filament,fleshy,form,fruit,green,growth,hair,inflorescence,leaf,length,margin,mm,pedicel,petiole,shape,shrub,simple,stem,surface,texture,tree,type,white	-2.9,/3,0-160,1,1-3.2,1-5,1.1,1.2-2,1.6-2.3,1.9-2.6,10-26,12-14,2-12,2.1-2.6,2.8-5.3,24-45,31,4.7-25.9,5.5-8.8-9.7,5.5-9,abaxially,acuminate,adaxially,along,angled,anthesi,arrangement,attenuate,bark,becoming,blunt-tipped,branched,brown,bud,capitate,characteristic,cm,conical,dark,densely,diameter,distributed,drying,echinoid,echinoid-pubescent,elongated,entire,exertion,exserted,flower,free,glabrescent,glabrous,glabrousnes,globose,granular,greenish-brown,grooved,height,history,immature,lanceolate,less,life,light,lobing,long,long-stalked,longitudinally,many,midrib,multangulate,na,new,obtuse,ovary,ovate-lanceolate,pale,peduncle,perennial,plant,poricidal,porrect-stellate,primary,pseud-terminal,pubescent,rich,scabrous,seed,sessile,short,short-stalked,side,size,small,soon,spaced,sparsely,stigma,strongly,style,subglobose,terete,time,tip,tomentose,touching,tube,unarmed,vein,violet,way,whitish,x,yellow							2.9-5.0,absent,acute,appressed,articulation,basal,blue,bract,branching,breeding,broad-based,cell,connective,dichasial,distinct,eglandular,elliptic-oblong,elongating,enlarged,flat,fork,fruiting,fully,hermaphroditic,heteromorphism,inflated,insertion,interjected,interpetalar,leaflet,leathery,lilac,lower,marking,mature,membranous,modification,multi-branched,multicellular,needle-like,none,odour,orientation,paired,pattern,pink,placement,plurifoliate,pore,position,present-single,prickle,pseudostipule,purple,radially,rhizome,round,scale,simple-entire,smell,spot,staman,stellate,stone,structure,symmetric,symmetry,sympodial,system,terminal,tissue,trichome,tuber,unit,vegetative,xylopodia,zygomorphy	14.0	95.0	95.0	1.1-2.1,apex,base,berry,calyx,fleshy,fruit,green,hair,mm,shrub,simple,tree,white	-2.9,/3,0-160,1,1-3.2,1-5,1.1,1.2-2,1.6-2.3,1.9-2.6,10-26,12-14,2-12,2.1-2.6,2.8-5.3,24-45,31,4.7-25.9,5.5-8.8-9.7,5.5-9,abaxially,acuminate,adaxially,along,angled,anthesi,attenuate,becoming,blunt-tipped,branched,brown,capitate,cm,conical,dark,densely,diameter,distributed,drying,echinoid,echinoid-pubescent,elongated,entire,exserted,flower,free,glabrescent,glabrous,globose,granular,greenish-brown,grooved,immature,lanceolate,less,light,long,long-stalked,longitudinally,many,midrib,multangulate,na,obtuse,ovate-lanceolate,pale,perennial,poricidal,porrect-stellate,pseud-terminal,pubescent,rich,scabrous,sessile,short,short-stalked,side,small,soon,spaced,sparsely,strongly,subglobose,terete,time,tip,tomentose,touching,unarmed,vein,violet,way,whitish,x,yellow	2.9-5.0,absent,acute,anther,appressed,articulation,basal,blue,bract,branch,branching,breeding,broad-based,cell,colour,connective,corolla,dichasial,distinct,eglandular,elliptic-oblong,elongating,enlarged,filament,flat,fork,form,fruiting,fully,growth,hermaphroditic,heteromorphism,inflated,inflorescence,insertion,interjected,interpetalar,leaf,leaflet,leathery,length,lilac,lower,margin,marking,mature,membranous,modification,multi-branched,multicellular,needle-like,none,odour,orientation,paired,pattern,pedicel,petiole,pink,placement,plurifoliate,pore,position,present-single,prickle,pseudostipule,purple,radially,rhizome,round,scale,shape,simple-entire,smell,spot,staman,stellate,stem,stone,structure,surface,symmetric,symmetry,sympodial,system,terminal,texture,tissue,trichome,tuber,type,unit,vegetative,xylopodia,zygomorphy
70	wfo-0001026686	success	44	40	9	35	95	79	anther,apex,base,berry,branch,calyx,colour,corolla,distal,filament,forked,form,fruit,fruiting,green,growth,herb,inflorescence,interjected,leaf,leaflet,length,margin,mm,ovoid,pedicel,petiole,prickle,pseudostipule,shape,stem,surface,terminal,texture,type	.4,0.6-0.9,1-2,1-2.5,1.2-3.4,1.5-7,1.7-2.5,10-28,2-10,2.4-3.6,2.5-8,3-4,3.7-8,4-6,5,5-16.5,5-8,7-9,8-27,acuminate,appearance,arrangement,articulated,axillary,bark,border,brownish,bud,capitate,characteristic,chartaceous,cm,condition,conical,connivent,corrugation,densely,diameter,drying,elliptic-lanceolate,exertion,fresh,generally,giving,glabrous,glabrousnes,green-white,greenish,half,height,history,lanceolate,lateral,life,light,lobe,lobing,long,middle,midpoint,minute,mucilaginous,na,new,number,obtuse,odd-pinnate,ovary,peduncle,per,plant,primary,pubescent,purple-violet,ray,ripe,round,seed,size,sparsely,stigma,style,subtending,thicknes,throughout,tube,usually,variation,vein,wet,whitish,wide,width,x,¼							1.0-2.0,1/2,5.0-8.0,absent,acute,appressed,articulation,blue,bract,branching,breeding,broad-based,cell,compound-entire,connective,cuneate,distinct,eglandular,elliptic-oblong,elongating,enlarged,flat,fleshy,fork,fully,hair,hermaphroditic,heteromorphism,inflated,insertion,interpetalar,leathery,lilac,lower,marking,mature,membranous,modification,monochasial,multicellular,needle-like,none,odour,orientation,paired,pattern,pink,placement,plurifoliate,pore,position,present,present-pair,purple,radially,rhizome,rotate,rounded,scale,simple,smell,spot,staman,stellate,stone,structure,swollen,symmetric,symmetry,sympodial,system,tissue,trichome,trifoliate,tuber,unit,vegetative,xylopodia,zygomorphy	8.0	62.0	106.0	berry,distal,forked,green,herb,mm,ovoid,terminal	.4,0.6-0.9,1-2,1-2.5,1.2-3.4,1.5-7,1.7-2.5,10-28,2-10,2.4-3.6,2.5-8,3-4,3.7-8,4-6,5,5-16.5,5-8,7-9,8-27,acuminate,articulated,axillary,brownish,bud,capitate,chartaceous,cm,condition,conical,connivent,densely,drying,elliptic-lanceolate,fresh,generally,glabrous,green-white,greenish,half,lanceolate,light,long,middle,minute,mucilaginous,na,obtuse,odd-pinnate,plant,pubescent,purple-violet,ripe,round,sparsely,subtending,throughout,usually,wet,whitish,wide,x,¼	1.0-2.0,1/2,5.0-8.0,absent,acute,anther,apex,appressed,articulation,base,blue,bract,branch,branching,breeding,broad-based,calyx,cell,colour,compound-entire,connective,corolla,cuneate,distinct,eglandular,elliptic-oblong,elongating,enlarged,filament,flat,fleshy,fork,form,fruit,fruiting,fully,growth,hair,hermaphroditic,heteromorphism,inflated,inflorescence,insertion,interjected,interpetalar,leaf,leaflet,leathery,length,lilac,lower,margin,marking,mature,membranous,modification,monochasial,multicellular,needle-like,none,odour,orientation,paired,pattern,pedicel,petiole,pink,placement,plurifoliate,pore,position,present,present-pair,prickle,pseudostipule,purple,radially,rhizome,rotate,rounded,scale,shape,simple,smell,spot,staman,stellate,stem,stone,structure,surface,swollen,symmetric,symmetry,sympodial,system,texture,tissue,trichome,trifoliate,tuber,type,unit,vegetative,xylopodia,zygomorphy
71	wfo-0001026696	success	36	39	8	35	83	79	acute,anther,apex,base,branch,calyx,colour,corolla,cuneate,distal,filament,form,fruit,fruiting,green,growth,inflorescence,interjected,leaf,leaflet,length,margin,mm,monochasial,pedicel,petiole,prickle,pseudostipule,rounded,shape,stem,surface,terminal,texture,type	0.3-4.5,0.8-7,0.9-7.2,1,1-1.3,1-4,1.3-2.1,2-17,3-17,3-3.5,4-16,9,abaxially,adaxially,appearance,arrangement,articulate,bark,border,branched,broadly,bud,characteristic,cm,corrugation,cyme,decurrent,densely,diameter,dichasial,dichasially,drying,ebracteate,entire,exertion,giving,glabrousnes,globose,green-white,height,herbaceous,history,lanceolate,lateral,life,light,light-yellow,linear,lobe,lobing,long,midpoint,mucilaginous,na,new,number,oblong,obtuse,odd-pinnate,often,ovary,ovate,ovoid,peduncle,per,perennial,plant,primary,pubescent,ray,seed,sinuate,size,stigma,style,thicknes,throughout,tube,variation,vein,white-cream,wide,width							1.0-4.0,1/2,1/4-1/2,3.0-3.5,absent,appressed,articulation,basal,berry,bract,branching,breeding,broad-based,cell,connective,distinct,eglandular,elliptic-oblong,elongating,enlarged,flat,fleshy,fork,forked,fully,hair,herb,hermaphroditic,heteromorphism,inflated,insertion,interpetalar,leathery,lower,marking,mature,membranous,modification,multi-branched,multicellular,needle-like,none,odour,orientation,paired,pattern,placement,plurifoliate,pore,position,present,present-pair,radially,rhizome,round,scale,simple,simple-entire,smell,spot,staman,stellate,stone,structure,swollen,symmetric,symmetry,sympodial,system,tissue,trichome,trifoliate,tuber,unit,vegetative,white,xylopodia,yellow,zygomorphy	6.0	48.0	108.0	acute,cuneate,green,mm,monochasial,rounded	0.3-4.5,0.8-7,0.9-7.2,1,1-1.3,1-4,1.3-2.1,2-17,3-17,3-3.5,4-16,9,abaxially,adaxially,articulate,branched,broadly,cm,cyme,decurrent,densely,diameter,dichasial,dichasially,ebracteate,entire,globose,green-white,herbaceous,lanceolate,light,light-yellow,linear,long,mucilaginous,na,oblong,obtuse,odd-pinnate,often,ovate,ovoid,perennial,pubescent,sinuate,throughout,white-cream,wide	1.0-4.0,1/2,1/4-1/2,3.0-3.5,absent,anther,apex,appressed,articulation,basal,base,berry,bract,branch,branching,breeding,broad-based,calyx,cell,colour,connective,corolla,distal,distinct,eglandular,elliptic-oblong,elongating,enlarged,filament,flat,fleshy,fork,forked,form,fruit,fruiting,fully,growth,hair,herb,hermaphroditic,heteromorphism,inflated,inflorescence,insertion,interjected,interpetalar,leaf,leaflet,leathery,length,lower,margin,marking,mature,membranous,modification,multi-branched,multicellular,needle-like,none,odour,orientation,paired,pattern,pedicel,petiole,placement,plurifoliate,pore,position,present,present-pair,prickle,pseudostipule,radially,rhizome,round,scale,shape,simple,simple-entire,smell,spot,staman,stellate,stem,stone,structure,surface,swollen,symmetric,symmetry,sympodial,system,terminal,texture,tissue,trichome,trifoliate,tuber,type,unit,vegetative,white,xylopodia,yellow,zygomorphy
72	wfo-0001026706	success	40	40	7	31	97	76	acute,anther,apex,base,berry,branch,calyx,colour,corolla,cuneate,filament,fleshy,form,fruit,green,growth,inflorescence,leaf,length,margin,mm,pedicel,petiole,shape,shrub,stem,surface,texture,tree,type,white	0-240,0.8-1.2,0.9-2,1-2.2,1-5,1.5-3,10-15,12,14-32,2.5-3,2.7-4,3.1-3.8,4,4.2-12,4.5-5.5,5.3-6.4,6-10,6.1-15.4,abaxially,adaxially,appearing,arrangement,attenuate,bark,blunt-tipped,branched,brown,bud,capitate,characteristic,cm,crisped,dark,diameter,entire,exertion,exserted,flower,glabrate,glabrousnes,globose,golden,grayish,height,herbarium,history,lanceolate,lateral,life,lobing,main,many,midrib,new,oblong,obtuse,occasionally,ovary,ovate,ovate-elliptic,ovate-lanceolate,pale,peduncle,perennial,plant,primary,pseudoterminally,reddish,reticulate-punctate,seed,side,simple,size,slightly,small,softly,soon,specimen,stigma,strongly,style,subconical,subglobose,suborbicular,sulcate,tall,time,tomentose-pubescent,trunk,unarmed,vein,velutinous,wavy,whitish,x,yellow,yellowish-tan							0.9-2.0,3.0-4.6,absent,appressed,articulation,basal,bract,branching,breeding,bristle,broad-based,cell,connective,coriaceous,dichasial,distinct,eglandular,elliptic-oblong,elongating,enlarged,flat,fork,fruiting,fully,hair,hermaphroditic,heteromorphism,inflated,insertion,interjected,interpetalar,leaflet,leathery,lower,marking,mature,modification,multi-branched,needle-like,none,odour,orientation,paired,pattern,placement,plurifoliate,pore,position,present,prickle,pseudostipule,radially,rhizome,round,scale,simple-entire,smell,spot,staman,stellate,stone,straw-like,structure,symmetric,symmetry,sympodial,system,terminal,thick,tissue,trichome,tuber,unit,vegetative,xylopodia,zygomorphy	12.0	78.0	95.0	acute,apex,berry,calyx,cuneate,fleshy,fruit,green,mm,shrub,tree,white	0-240,0.8-1.2,0.9-2,1-2.2,1-5,1.5-3,10-15,12,14-32,2.5-3,2.7-4,3.1-3.8,4,4.2-12,4.5-5.5,5.3-6.4,6-10,6.1-15.4,abaxially,adaxially,appearing,attenuate,blunt-tipped,branched,brown,capitate,cm,crisped,dark,diameter,entire,exserted,flower,glabrate,globose,golden,grayish,herbarium,lanceolate,lateral,main,many,midrib,oblong,obtuse,occasionally,ovate,ovate-elliptic,ovate-lanceolate,pale,perennial,pseudoterminally,reddish,reticulate-punctate,side,simple,slightly,small,softly,soon,specimen,strongly,subconical,subglobose,suborbicular,sulcate,tall,time,tomentose-pubescent,trunk,unarmed,vein,velutinous,wavy,whitish,x,yellow,yellowish-tan	0.9-2.0,3.0-4.6,absent,anther,appressed,articulation,basal,base,bract,branch,branching,breeding,bristle,broad-based,cell,colour,connective,coriaceous,corolla,dichasial,distinct,eglandular,elliptic-oblong,elongating,enlarged,filament,flat,fork,form,fruiting,fully,growth,hair,hermaphroditic,heteromorphism,inflated,inflorescence,insertion,interjected,interpetalar,leaf,leaflet,leathery,length,lower,margin,marking,mature,modification,multi-branched,needle-like,none,odour,orientation,paired,pattern,pedicel,petiole,placement,plurifoliate,pore,position,present,prickle,pseudostipule,radially,rhizome,round,scale,shape,simple-entire,smell,spot,staman,stellate,stem,stone,straw-like,structure,surface,symmetric,symmetry,sympodial,system,terminal,texture,thick,tissue,trichome,tuber,type,unit,vegetative,xylopodia,zygomorphy
73	wfo-0001026707	invalid_json_followup	NA	41	NA	37	111	79	anther,apex,attenuate,base,berry,branch,calyx,colour,corolla,filament,form,fruit,fruiting,green,growth,inflorescence,interjected,leaf,leaflet,length,margin,mm,pedicel,petiole,prickle,pseudostipule,shape,shrub,stem,straight,surface,terminal,texture,tree,trichome,type,white	.5,.8,/3,0-20,0-5,0.05-0.15,0.3-0.8,0.5-1,0.5-3,0.6-0.7,0.6-0.8,0.7-1,0.7-1.4,1-1.7,1.5-1.8,1.6-2,1/3,11-16,2-2.3,2.5-6,3-4,3-4.5,3-7,4,5-25,8-15,?,abaxially,acute,apically,apparently,arrangement,articulated,bark,branched,broad-deltate,bud,characteristic,chartaceous,clustered,cm,concolorous,corrugation,cuspidate,densely,diameter,discolorous,distal,drying,entire,erect,exertion,flattened-reniform,glabrous,glabrousnes,gray,height,history,juvenile,lateral,life,lobing,long,mauve,midpoint,moderately,na,narrow-deltate,narrow-oblong,new,number,obtuse,orange-brown,ovary,peduncle,per,perennial,plant,poricidal,porrect,prickly,primary,pubescent,ray,red-brown,rounded,seed,size,small,sometimes,sparsely,spherical,stalked,stellate-pubescent,stigma,style,tapering,terete,thicknes,tip,tube,unarmed,upper,value,variation,vein,way,weakly,wide,width,yellow-green							0.8,3.0-4.0,absent,absent-inflorescence,absent-leaf,absent-stem,appressed,articulation,basal,blue,bract,branching,breeding,broad-based,cell,connective,dichasial,discrete,distinct,eglandular,enlarged,flat,fleshy,fork,forked,fully,hair,hermaphroditic,heteromorphism,inflated,insertion,internodal,interpetalar,leathery,lilac,lower,marking,mature,membranous,modification,needle-like,none,odour,orientation,paired,pattern,pink,placement,plurifoliate,pore,position,present,present-stem,purple,radially,rhizome,round,scale,simple-entire,smell,spot,staman,stellate,stone,structure,swollen,symmetric,symmetry,sympodial,system,tapered-lanceolate,tissue,triangular,tuber,unbranched,unit,vegetative,xylopodia,zygomorphy	37.0	111.0	79.0	anther,apex,attenuate,base,berry,branch,calyx,colour,corolla,filament,form,fruit,fruiting,green,growth,inflorescence,interjected,leaf,leaflet,length,margin,mm,pedicel,petiole,prickle,pseudostipule,shape,shrub,stem,straight,surface,terminal,texture,tree,trichome,type,white	.5,.8,/3,0-20,0-5,0.05-0.15,0.3-0.8,0.5-1,0.5-3,0.6-0.7,0.6-0.8,0.7-1,0.7-1.4,1-1.7,1.5-1.8,1.6-2,1/3,11-16,2-2.3,2.5-6,3-4,3-4.5,3-7,4,5-25,8-15,?,abaxially,acute,apically,apparently,arrangement,articulated,bark,branched,broad-deltate,bud,characteristic,chartaceous,clustered,cm,concolorous,corrugation,cuspidate,densely,diameter,discolorous,distal,drying,entire,erect,exertion,flattened-reniform,glabrous,glabrousnes,gray,height,history,juvenile,lateral,life,lobing,long,mauve,midpoint,moderately,na,narrow-deltate,narrow-oblong,new,number,obtuse,orange-brown,ovary,peduncle,per,perennial,plant,poricidal,porrect,prickly,primary,pubescent,ray,red-brown,rounded,seed,size,small,sometimes,sparsely,spherical,stalked,stellate-pubescent,stigma,style,tapering,terete,thicknes,tip,tube,unarmed,upper,value,variation,vein,way,weakly,wide,width,yellow-green	0.8,3.0-4.0,absent,absent-inflorescence,absent-leaf,absent-stem,appressed,articulation,basal,blue,bract,branching,breeding,broad-based,cell,connective,dichasial,discrete,distinct,eglandular,enlarged,flat,fleshy,fork,forked,fully,hair,hermaphroditic,heteromorphism,inflated,insertion,internodal,interpetalar,leathery,lilac,lower,marking,mature,membranous,modification,needle-like,none,odour,orientation,paired,pattern,pink,placement,plurifoliate,pore,position,present,present-stem,purple,radially,rhizome,round,scale,simple-entire,smell,spot,staman,stellate,stone,structure,swollen,symmetric,symmetry,sympodial,system,tapered-lanceolate,tissue,triangular,tuber,unbranched,unit,vegetative,xylopodia,zygomorphy
74	wfo-0001026711	invalid_json_followup	NA	41	NA	40	147	77	3.5-5.2,anther,apex,base,berry,branch,calyx,cell,colour,corolla,filament,form,fruit,fruiting,growth,inflorescence,interjected,leaf,leaflet,length,lower,margin,mm,orange,pedicel,petiole,prickle,pseudostipule,purple,red,shape,shrub,spreading,stellate,stem,surface,terminal,texture,trichome,type	-5,-7,.8,0-0.2,0-25,0-4,0-5,0-6,0.15,0.2-0.3,0.3-1,0.5-1.5,0.7-0.9,0.7-0.9-1.1,0.7-1.1,0.7-1.4,0.75-1,0.8-2.2,0.9-1.5,1-2,1-2-4-6,1.5-2.2,1.7-4,1/2-2/3,1/3,1/4,2-2.2,2-3.5,2-6,2.1-2.5,3-4,3-4.5,3-5,3-7,4-8,4.5-7,7-8,abaxially,acuminate,acute,ame,apically,apparently,arrangement,articulated,bark,branched,brown,bud,c.,characteristic,cm,concolorous,connivent,corrugation,cuneate,curved,deltate,densely,diameter,discolorous,distal,distance,drying,dull,elliptic,erect,evenly,exertion,extending,flattened-reniform,flower,glabrous,glabrousnes,green,height,history,infructescence,lateral,life,lobe,lobed,lobing,long,maturity,mauve,midpoint,midvein,na,narrow-deltate,new,number,obtuse,occasionally,one,open,orange-brown,outline,ovary,pair,pale,peduncle,per,perennial,pit,plant,poricidal,porrect,prickly,primary,raised,ray,reduced,rounded,seed,shallowly,side,size,slender,small,smooth,sometimes,spherical,stalk,stalked,stellate-pubescent,stigma,style,tapering,thicknes,time,tip,tube,unarmed,uniform,upper,value,variation,variously,vein,way,weakly,wide,width,yellow,yellow-green,young							0.5,absent,absent-inflorescence,absent-leaf,absent-stem,acicular,appressed,articulation,basal,blue,bract,branching,breeding,broad-based,connective,dichasial,difoliate,discrete,distinct,eglandular,enlarged,flat,fleshy,fork,fully,hair,hermaphroditic,heteromorphism,inflated,insertion,internodal,interpetalar,leathery,lilac,marking,mature,membranous,modification,needle-like,non-geminate,none,odour,orientation,paired,pattern,pink,placement,pore,position,present,present-inflorescence,present-leaf,present-stem,radially,random,rhizome,round,scale,simple-toothed,smell,spot,staman,stone,structure,swollen,symmetric,symmetry,sympodial,system,tapered-lanceolate,tissue,tuber,unbranched,unit,vegetative,xylopodia,zygomorphy	40.0	147.0	77.0	3.5-5.2,anther,apex,base,berry,branch,calyx,cell,colour,corolla,filament,form,fruit,fruiting,growth,inflorescence,interjected,leaf,leaflet,length,lower,margin,mm,orange,pedicel,petiole,prickle,pseudostipule,purple,red,shape,shrub,spreading,stellate,stem,surface,terminal,texture,trichome,type	-5,-7,.8,0-0.2,0-25,0-4,0-5,0-6,0.15,0.2-0.3,0.3-1,0.5-1.5,0.7-0.9,0.7-0.9-1.1,0.7-1.1,0.7-1.4,0.75-1,0.8-2.2,0.9-1.5,1-2,1-2-4-6,1.5-2.2,1.7-4,1/2-2/3,1/3,1/4,2-2.2,2-3.5,2-6,2.1-2.5,3-4,3-4.5,3-5,3-7,4-8,4.5-7,7-8,abaxially,acuminate,acute,ame,apically,apparently,arrangement,articulated,bark,branched,brown,bud,c.,characteristic,cm,concolorous,connivent,corrugation,cuneate,curved,deltate,densely,diameter,discolorous,distal,distance,drying,dull,elliptic,erect,evenly,exertion,extending,flattened-reniform,flower,glabrous,glabrousnes,green,height,history,infructescence,lateral,life,lobe,lobed,lobing,long,maturity,mauve,midpoint,midvein,na,narrow-deltate,new,number,obtuse,occasionally,one,open,orange-brown,outline,ovary,pair,pale,peduncle,per,perennial,pit,plant,poricidal,porrect,prickly,primary,raised,ray,reduced,rounded,seed,shallowly,side,size,slender,small,smooth,sometimes,spherical,stalk,stalked,stellate-pubescent,stigma,style,tapering,thicknes,time,tip,tube,unarmed,uniform,upper,value,variation,variously,vein,way,weakly,wide,width,yellow,yellow-green,young	0.5,absent,absent-inflorescence,absent-leaf,absent-stem,acicular,appressed,articulation,basal,blue,bract,branching,breeding,broad-based,connective,dichasial,difoliate,discrete,distinct,eglandular,enlarged,flat,fleshy,fork,fully,hair,hermaphroditic,heteromorphism,inflated,insertion,internodal,interpetalar,leathery,lilac,marking,mature,membranous,modification,needle-like,non-geminate,none,odour,orientation,paired,pattern,pink,placement,pore,position,present,present-inflorescence,present-leaf,present-stem,radially,random,rhizome,round,scale,simple-toothed,smell,spot,staman,stone,structure,swollen,symmetric,symmetry,sympodial,system,tapered-lanceolate,tissue,tuber,unbranched,unit,vegetative,xylopodia,zygomorphy
75	wfo-0001026717	invalid_json_followup	NA	40	NA	40	111	73	anther,apex,base,berry,branch,calyx,cell,colour,corolla,distal,filament,flat,forked,form,fruit,fruiting,green,growth,hair,herb,inflorescence,interjected,leaf,leaflet,length,margin,membranous,mm,ovoid,pedicel,petiole,prickle,pseudostipule,purple,shape,stem,surface,terminal,texture,type	0.3-0.6,0.6-1.5,0.8,1-2,1-2.5,1.3-2.5,1.4-2.2,1.8-3,13-28,14-22,2.5-4.5,2.5-5.5,3-4,3-6,3.3-11,4-6,4-8,4-9,5,5-11,5-13.5,5.3-9,7-11,\u201chair-like\u201d,abaxially,acuminate,adaxially,arrangement,attenuate,axillary,bark,brownish,bud,capitate,characteristic,chartaceous,cm,condition,conical,corrugation,covering,dark,diameter,drying,exertion,flower,fresh,generally,glabrous,glabrousnes,green-white,greenish,half,height,history,lanceolate,lateral,life,light,like,lobe,lobing,long,make,medium,midpoint,minute,mottled,mucilaginous,na,narrow,new,number,obtuse,odd-pinnate,orbicular,ovary,ovate,peduncle,per,plant,primary,pubescent,ray,ripe,round,seed,sessile,size,sparsely,stigma,straight,style,subtending,testal,thick,thicknes,throughout,tube,usually,value,variation,vein,violet,wall,wet,whitish,wide,width,wing,x							1.0-2.0,1/2,3.0-6.0,absent,acute,appressed,articulation,blue,bract,branching,breeding,broad-based,compound-entire,connective,distinct,eglandular,elliptic-oblong,elongating,enlarged,fleshy,fork,fully,hermaphroditic,heteromorphism,inflated,insertion,interpetalar,leathery,lilac,lower,marking,mature,modification,monochasial,multicellular,needle-like,none,odour,orientation,paired,pattern,pink,placement,plurifoliate,pore,position,present,present-pair,radially,rhizome,rotate,rounded,scale,simple,smell,spot,staman,stellate,stone,structure,swollen,symmetric,symmetry,sympodial,system,tissue,trichome,trifoliate,tuber,unit,vegetative,xylopodia,zygomorphy	40.0	111.0	73.0	anther,apex,base,berry,branch,calyx,cell,colour,corolla,distal,filament,flat,forked,form,fruit,fruiting,green,growth,hair,herb,inflorescence,interjected,leaf,leaflet,length,margin,membranous,mm,ovoid,pedicel,petiole,prickle,pseudostipule,purple,shape,stem,surface,terminal,texture,type	0.3-0.6,0.6-1.5,0.8,1-2,1-2.5,1.3-2.5,1.4-2.2,1.8-3,13-28,14-22,2.5-4.5,2.5-5.5,3-4,3-6,3.3-11,4-6,4-8,4-9,5,5-11,5-13.5,5.3-9,7-11,\u201chair-like\u201d,abaxially,acuminate,adaxially,arrangement,attenuate,axillary,bark,brownish,bud,capitate,characteristic,chartaceous,cm,condition,conical,corrugation,covering,dark,diameter,drying,exertion,flower,fresh,generally,glabrous,glabrousnes,green-white,greenish,half,height,history,lanceolate,lateral,life,light,like,lobe,lobing,long,make,medium,midpoint,minute,mottled,mucilaginous,na,narrow,new,number,obtuse,odd-pinnate,orbicular,ovary,ovate,peduncle,per,plant,primary,pubescent,ray,ripe,round,seed,sessile,size,sparsely,stigma,straight,style,subtending,testal,thick,thicknes,throughout,tube,usually,value,variation,vein,violet,wall,wet,whitish,wide,width,wing,x	1.0-2.0,1/2,3.0-6.0,absent,acute,appressed,articulation,blue,bract,branching,breeding,broad-based,compound-entire,connective,distinct,eglandular,elliptic-oblong,elongating,enlarged,fleshy,fork,fully,hermaphroditic,heteromorphism,inflated,insertion,interpetalar,leathery,lilac,lower,marking,mature,modification,monochasial,multicellular,needle-like,none,odour,orientation,paired,pattern,pink,placement,plurifoliate,pore,position,present,present-pair,radially,rhizome,rotate,rounded,scale,simple,smell,spot,staman,stellate,stone,structure,swollen,symmetric,symmetry,sympodial,system,tissue,trichome,trifoliate,tuber,unit,vegetative,xylopodia,zygomorphy
76	wfo-0001026725	invalid_json_followup	NA	38	NA	34	103	70	acute,anther,apex,base,berry,calyx,colour,corolla,filament,form,fruit,fruiting,green,growth,inflorescence,interjected,leaf,leaflet,length,margin,mm,pedicel,petiole,prickle,pseudostipule,shape,shrub,simple,stem,surface,texture,type,white,winged	.3,.5,/4,0.2,0.7-1.2,1-1.2,1-1.5,1-4.5,1-5,1.2-1.7,1.6-2,2,3.6-7.7,5-20-flowered,5-6,8-18.6,alternate,appearance,arrangement,bark,beneath,black,bluish,border,branch,broadly,bud,capitate,characteristic,cm,corrugation,cracking,cup-shaped,dark,dia,diameter,distal,drying,ellipsoid,elliptic,exertion,extremely,flattened-reniform,giving,glabrous,glabrousnes,glandular-papillose,globose,greenish-white,height,history,large,lateral,less,life,lobe,lobed,lobing,long,midpoint,minutely,na,new,number,onto,ovary,ovate,ovoid,paler,papillose,peduncle,per,pitted,planar,plant,primary,pubescent,ray,reddish-brown,reflexed,rounded,seed,shaped,short,size,slender,slightly,stigma,stretching,style,subshrub,tapering,tear-drop,terminal,thicknes,tube,value,variation,vein,way,width,woody,x							0.3,4.5,absent,appressed,articulation,basal,bract,branching,breeding,broad-based,cell,connective,difoliate,discrete,distinct,eglandular,elliptic-oblong,enlarged,flat,fleshy,geminate,hair,heteromorphism,inflated,insertion,interpetalar,leaf-opposed,leathery,lower,marking,mature,membranous,modification,monochasial,multicellular,needle-like,none,odour,orientation,paired,pattern,placement,plurifoliate,pore,position,present,radially,rhizome,round,scale,simple-entire,smell,spot,staman,stellate,stone,structure,swollen,symmetric,symmetry,sympodial,system,tissue,trichome,tuber,unbranched,unit,vegetative,xylopodia,zygomorphy	34.0	103.0	70.0	acute,anther,apex,base,berry,calyx,colour,corolla,filament,form,fruit,fruiting,green,growth,inflorescence,interjected,leaf,leaflet,length,margin,mm,pedicel,petiole,prickle,pseudostipule,shape,shrub,simple,stem,surface,texture,type,white,winged	.3,.5,/4,0.2,0.7-1.2,1-1.2,1-1.5,1-4.5,1-5,1.2-1.7,1.6-2,2,3.6-7.7,5-20-flowered,5-6,8-18.6,alternate,appearance,arrangement,bark,beneath,black,bluish,border,branch,broadly,bud,capitate,characteristic,cm,corrugation,cracking,cup-shaped,dark,dia,diameter,distal,drying,ellipsoid,elliptic,exertion,extremely,flattened-reniform,giving,glabrous,glabrousnes,glandular-papillose,globose,greenish-white,height,history,large,lateral,less,life,lobe,lobed,lobing,long,midpoint,minutely,na,new,number,onto,ovary,ovate,ovoid,paler,papillose,peduncle,per,pitted,planar,plant,primary,pubescent,ray,reddish-brown,reflexed,rounded,seed,shaped,short,size,slender,slightly,stigma,stretching,style,subshrub,tapering,tear-drop,terminal,thicknes,tube,value,variation,vein,way,width,woody,x	0.3,4.5,absent,appressed,articulation,basal,bract,branching,breeding,broad-based,cell,connective,difoliate,discrete,distinct,eglandular,elliptic-oblong,enlarged,flat,fleshy,geminate,hair,heteromorphism,inflated,insertion,interpetalar,leaf-opposed,leathery,lower,marking,mature,membranous,modification,monochasial,multicellular,needle-like,none,odour,orientation,paired,pattern,placement,plurifoliate,pore,position,present,radially,rhizome,round,scale,simple-entire,smell,spot,staman,stellate,stone,structure,swollen,symmetric,symmetry,sympodial,system,tissue,trichome,tuber,unbranched,unit,vegetative,xylopodia,zygomorphy
77	wfo-0001026733	invalid_json_followup	NA	38	NA	41	109	70	anther,apex,basal,base,branch,calyx,colour,cordate,corolla,filament,forked,form,fruit,fruiting,fusiform,glandular,green,growth,hair,inflorescence,interjected,leaf,leaflet,length,margin,mm,pedicel,petiole,prickle,pseudostipule,shape,simple,stem,surface,terminal,texture,tree,truncate,type,unbranched,yellow	0.3-2,0.5-2,1-3,1-7,1.5-14,10-20,15-20-50,2-2.5,2.5-7.5,25-40,3-15,3-3.5,4,4-23,4-5,5-8,abaxially,acuminate,acute,acute-acuminate,adaxially,arrangement,axe,bark,bud,capitate,characteristic,chartaceous,cm,color,connivent,corrugation,curled,deltate,dense,densely,diameter,distal,drying,eglandular-pubescent,ellipsoidal,elliptic-ovate,entire,exertion,flattened,flower,glabrate,glabrous,glabrousnes,gland-tipped,glandular-,glandular-puberulent,greyish,height,hirsute,history,immature,lanceolate,lateral,life,lobe,lobing,long,longitudinal,midpoint,moderately,na,narrowly,new,number,oblique,oval,ovary,ovate,ovoid,peduncle,per,perennial,perfect,pilose,plant,primary,pubescent-pilose,ray,ripe,round,seed,shining,size,smooth,sometimes,stigma,stripe,style,submarginally,thicknes,triangular,tube,unknown,value,variation,vein,villous,white,white-puberulent,wide,width,x,yellowish							4.0-7.0,absent,appressed,articulation,axillary,berry,bract,branching,breeding,broad-based,cell,connective,dendritic,discrete,distinct,eglandular,ellipsoid,enlarged,flat,fleshy,fork,fully,hermaphroditic,heteromorphism,inflated,insertion,interpetalar,leathery,lower,marking,mature,membranous,modification,multicellular,near-basal,needle-like,none,odour,orientation,paired,pattern,placement,plurifoliate,pore,position,present,radially,rhizome,scale,simple-entire,smell,spot,staman,stellate,stone,structure,swollen,symmetric,symmetry,sympodial,system,tapered-lanceolate,tissue,trichome,trifoliate,tuber,unit,vegetative,xylopodia,zygomorphy	41.0	109.0	70.0	anther,apex,basal,base,branch,calyx,colour,cordate,corolla,filament,forked,form,fruit,fruiting,fusiform,glandular,green,growth,hair,inflorescence,interjected,leaf,leaflet,length,margin,mm,pedicel,petiole,prickle,pseudostipule,shape,simple,stem,surface,terminal,texture,tree,truncate,type,unbranched,yellow	0.3-2,0.5-2,1-3,1-7,1.5-14,10-20,15-20-50,2-2.5,2.5-7.5,25-40,3-15,3-3.5,4,4-23,4-5,5-8,abaxially,acuminate,acute,acute-acuminate,adaxially,arrangement,axe,bark,bud,capitate,characteristic,chartaceous,cm,color,connivent,corrugation,curled,deltate,dense,densely,diameter,distal,drying,eglandular-pubescent,ellipsoidal,elliptic-ovate,entire,exertion,flattened,flower,glabrate,glabrous,glabrousnes,gland-tipped,glandular-,glandular-puberulent,greyish,height,hirsute,history,immature,lanceolate,lateral,life,lobe,lobing,long,longitudinal,midpoint,moderately,na,narrowly,new,number,oblique,oval,ovary,ovate,ovoid,peduncle,per,perennial,perfect,pilose,plant,primary,pubescent-pilose,ray,ripe,round,seed,shining,size,smooth,sometimes,stigma,stripe,style,submarginally,thicknes,triangular,tube,unknown,value,variation,vein,villous,white,white-puberulent,wide,width,x,yellowish	4.0-7.0,absent,appressed,articulation,axillary,berry,bract,branching,breeding,broad-based,cell,connective,dendritic,discrete,distinct,eglandular,ellipsoid,enlarged,flat,fleshy,fork,fully,hermaphroditic,heteromorphism,inflated,insertion,interpetalar,leathery,lower,marking,mature,membranous,modification,multicellular,near-basal,needle-like,none,odour,orientation,paired,pattern,placement,plurifoliate,pore,position,present,radially,rhizome,scale,simple-entire,smell,spot,staman,stellate,stone,structure,swollen,symmetric,symmetry,sympodial,system,tapered-lanceolate,tissue,trichome,trifoliate,tuber,unit,vegetative,xylopodia,zygomorphy
78	wfo-0001026734	invalid_json_followup	NA	39	NA	39	117	75	0.6,absent,anther,apex,base,berry,calyx,colour,corolla,cuneate,filament,form,fruit,fruiting,growth,inflorescence,interjected,internodal,leaf,leaflet,length,margin,mature,mm,pedicel,petiole,prickle,pseudostipule,purple,shape,shrub,simple,stem,surface,texture,trichome,type,unbranched,white	0.3,0.5,0.7-0.9,0.8-1,1,1-3,1.6-2,1.8-3,2-2.4,2-3,2.2-7,2.3-5,2.5-3,3,3-8,5-9,abaxial,acuminate,anthesi,arrangement,bark,becoming,branch,branched,bright,broadly,brown,bud,camptodromous,characteristic,chartaceous,clavate,cm,congested,corrugation,cylindrical,cyme,dark,densely,diameter,discolorous,distal,distally,drying,elliptic,emergent,entire,exertion,flattened,flower,glabrescent,glabrous,glabrousnes,globose,green,height,history,immature,irregular,lanceolate,lateral,less,life,lobe,lobed,lobing,long,long-attenuate,maturity,membranaceous,midpoint,midrib,moderately,much,na,narrow,new,number,oblong,observed,obtuse,ovary,pale,peduncle,per,pit,plane,plant,porrect-stellate,primary,pubescent,purplish,ray,reniform,scandent,seed,sessile,short-stalked,size,slightly,sometimes,sparsely,spreading,stigma,style,subopposite,subsessile,terminal,thicknes,tube,value,variation,vein,wide,width,yellowish,¾							-,1.6-2.0,adaxially,appressed,articulation,asymmetric,basal,black,bract,branching,breeding,broad-based,cell,cone,connective,distinct,eglandular,elliptic-oblong,elongating,enlarged,flat,fleshy,forked,fully,glandular,hair,hermaphroditic,heteromorphism,inflated,insertion,inside,interpetalar,leaf-opposed,leathery,lower,marking,membranous,modification,multicellular,needle-like,none,odour,orientation,paired,pattern,placement,plurifoliate,pore,position,present,radially,rhizome,round,rounded,scale,simple-entire,smell,spot,staman,stellate,stone,structure,symmetric,symmetry,sympodial,system,tissue,trifoliate,tuber,unit,vegetative,vine,woody,xylopodia,zygomorphy	39.0	117.0	75.0	0.6,absent,anther,apex,base,berry,calyx,colour,corolla,cuneate,filament,form,fruit,fruiting,growth,inflorescence,interjected,internodal,leaf,leaflet,length,margin,mature,mm,pedicel,petiole,prickle,pseudostipule,purple,shape,shrub,simple,stem,surface,texture,trichome,type,unbranched,white	0.3,0.5,0.7-0.9,0.8-1,1,1-3,1.6-2,1.8-3,2-2.4,2-3,2.2-7,2.3-5,2.5-3,3,3-8,5-9,abaxial,acuminate,anthesi,arrangement,bark,becoming,branch,branched,bright,broadly,brown,bud,camptodromous,characteristic,chartaceous,clavate,cm,congested,corrugation,cylindrical,cyme,dark,densely,diameter,discolorous,distal,distally,drying,elliptic,emergent,entire,exertion,flattened,flower,glabrescent,glabrous,glabrousnes,globose,green,height,history,immature,irregular,lanceolate,lateral,less,life,lobe,lobed,lobing,long,long-attenuate,maturity,membranaceous,midpoint,midrib,moderately,much,na,narrow,new,number,oblong,observed,obtuse,ovary,pale,peduncle,per,pit,plane,plant,porrect-stellate,primary,pubescent,purplish,ray,reniform,scandent,seed,sessile,short-stalked,size,slightly,sometimes,sparsely,spreading,stigma,style,subopposite,subsessile,terminal,thicknes,tube,value,variation,vein,wide,width,yellowish,¾	-,1.6-2.0,adaxially,appressed,articulation,asymmetric,basal,black,bract,branching,breeding,broad-based,cell,cone,connective,distinct,eglandular,elliptic-oblong,elongating,enlarged,flat,fleshy,forked,fully,glandular,hair,hermaphroditic,heteromorphism,inflated,insertion,inside,interpetalar,leaf-opposed,leathery,lower,marking,membranous,modification,multicellular,needle-like,none,odour,orientation,paired,pattern,placement,plurifoliate,pore,position,present,radially,rhizome,round,rounded,scale,simple-entire,smell,spot,staman,stellate,stone,structure,symmetric,symmetry,sympodial,system,tissue,trifoliate,tuber,unit,vegetative,vine,woody,xylopodia,zygomorphy
79	wfo-0001026740	success	32	37	6	39	96	72	anther,apex,basal,base,calyx,colour,cordate,corolla,eglandular,filament,fleshy,form,fruit,growth,hair,inflorescence,interjected,leaf,leaflet,length,margin,mature,mm,pedicel,petiole,present,prickle,pseudostipule,purple,shape,simple,stem,surface,texture,tree,truncate,type,unbranched,yellow	0-10,0.5-1,1-5,10-20,10-30,2-3,2.5-27,2.5-4.5,2.5-6,20-50,3-15,3-3.5,4-5,4.5-10,6-10,abaxially,acuminate,acute,adaxially,also,apiculate,appearance,arrangement,bark,border,branch,branched,bud,characteristic,cm,connivent,corky,corrugation,curled,darker,deltate,densely,diameter,distal,drying,ellipsoidal,elliptic,entire,flattened,flower,giving,glabrate,glabrous,glabrousnes,glandular-puberulent,greenish,height,history,immature,lanceolate,lateral,life,lobe,lobing,long,midpoint,moderately,na,new,number,oblong,obtuse,often,ovary,ovate,ovoid,peduncle,per,perennial,pilose,plant,puberulent,ray,reticulate,seed,size,sparsely,stigma,stripe,style,terminal,thicknes,tube,variation,vein,violet,white-puberulent,whitish,width,woody,x							5.0-8.0,absent,appressed,articulation,axillary,berry,blue,bract,branching,breeding,broad-based,cell,connective,coriaceous,dendritic,discrete,distinct,ellipsoid,enlarged,flat,forked,fruiting,fully,green,hermaphroditic,heteromorphism,inflated,insertion,internodal,interpetalar,leathery,lilac,lower,marking,modification,multicellular,near-basal,needle-like,none,odour,orientation,paired,pattern,pink,placement,pore,position,radially,rhizome,scale,simple-entire,smell,spot,staman,stellate,stone,structure,swollen,symmetric,symmetry,sympodial,system,tapered-lanceolate,tissue,trichome,trifoliate,tuber,unit,vegetative,white,xylopodia,zygomorphy	16.0	60.0	95.0	apex,basal,cordate,eglandular,fleshy,fruit,hair,mature,mm,present,purple,simple,tree,truncate,unbranched,yellow	0-10,0.5-1,1-5,10-20,10-30,2-3,2.5-27,2.5-4.5,2.5-6,20-50,3-15,3-3.5,4-5,4.5-10,6-10,abaxially,acuminate,acute,adaxially,also,apiculate,branched,cm,connivent,corky,curled,darker,deltate,densely,ellipsoidal,elliptic,entire,flattened,flower,glabrate,glabrous,glandular-puberulent,greenish,immature,lanceolate,lobe,long,moderately,na,oblong,obtuse,often,ovate,ovoid,perennial,pilose,puberulent,reticulate,sparsely,stripe,violet,white-puberulent,whitish,woody,x	5.0-8.0,absent,anther,appressed,articulation,axillary,base,berry,blue,bract,branching,breeding,broad-based,calyx,cell,colour,connective,coriaceous,corolla,dendritic,discrete,distinct,ellipsoid,enlarged,filament,flat,forked,form,fruiting,fully,green,growth,hermaphroditic,heteromorphism,inflated,inflorescence,insertion,interjected,internodal,interpetalar,leaf,leaflet,leathery,length,lilac,lower,margin,marking,modification,multicellular,near-basal,needle-like,none,odour,orientation,paired,pattern,pedicel,petiole,pink,placement,pore,position,prickle,pseudostipule,radially,rhizome,scale,shape,simple-entire,smell,spot,staman,stellate,stem,stone,structure,surface,swollen,symmetric,symmetry,sympodial,system,tapered-lanceolate,texture,tissue,trichome,trifoliate,tuber,type,unit,vegetative,white,xylopodia,zygomorphy
80	wfo-0001026752	success	32	37	6	38	95	76	anther,apex,base,calyx,colour,cordate,corolla,cuneate,filament,fleshy,forked,form,fruit,fruiting,green,growth,inflorescence,interjected,leaf,leaflet,length,margin,mm,pedicel,petiole,prickle,pseudostipule,shape,simple,stem,surface,texture,tree,truncate,type,unbranched,white,yellow	-4,1,1-12,1-5,1-6,1.5-2.5,10-20-25,2-2.5,2.5-20,2.5-5,3.5-4,4-45,4-5,abaxially,abruptly,acute,adaxially,apiculate,appearance,arrangement,bark,basal,black,border,branch,branched,bud,capitate,characteristic,chartaceous,cm,corrugation,darker,deltate,densely,diameter,distal,drying,ellipsoidal,elliptic-oblong,elliptic-ovate,entire,exertion,flattened,giving,glabrous,glabrousnes,globose,greenish-brown,height,history,immature,lanceolate,lateral,life,lobe,lobing,midpoint,na,narrowly,new,number,obtuse,ovary,ovoid,peduncle,per,perennial,pilose,plant,possibly,primary,pubescent,pubescent-pilose,purplish,rarely,rather,ray,ripe,seed,short-acuminate,size,stigma,stripe,style,terminal,thicknes,triangular,tube,variation,vein,violet,whitish,width,x							3.0-4.0,absent,appressed,articulation,axillary,berry,blue,bract,branching,breeding,broad-based,cell,connective,dendritic,discrete,distinct,eglandular,ellipsoid,elongating,enlarged,flat,fully,hair,hermaphroditic,heteromorphism,inflated,insertion,internodal,interpetalar,leathery,lilac,lower,marking,mature,membranous,modification,multi-branched,multicellular,near-basal,needle-like,none,odour,orientation,paired,pattern,pink,placement,pore,position,present,purple,radially,rhizome,round,scale,simple-entire,smell,spot,staman,stellate,stone,structure,swollen,symmetric,symmetry,sympodial,system,tapered-lanceolate,tissue,trichome,trifoliate,tuber,unit,vegetative,xylopodia,zygomorphy	13.0	57.0	101.0	apex,cordate,cuneate,fleshy,forked,green,mm,simple,tree,truncate,unbranched,white,yellow	-4,1,1-12,1-5,1-6,1.5-2.5,10-20-25,2-2.5,2.5-20,2.5-5,3.5-4,4-45,4-5,abaxially,abruptly,acute,adaxially,apiculate,basal,black,branched,capitate,chartaceous,cm,darker,deltate,densely,ellipsoidal,elliptic-oblong,elliptic-ovate,entire,flattened,glabrous,globose,greenish-brown,immature,lanceolate,lobe,na,narrowly,obtuse,ovoid,perennial,pilose,possibly,pubescent,pubescent-pilose,purplish,rarely,rather,ripe,short-acuminate,stripe,triangular,violet,whitish,x	3.0-4.0,absent,anther,appressed,articulation,axillary,base,berry,blue,bract,branching,breeding,broad-based,calyx,cell,colour,connective,corolla,dendritic,discrete,distinct,eglandular,ellipsoid,elongating,enlarged,filament,flat,form,fruit,fruiting,fully,growth,hair,hermaphroditic,heteromorphism,inflated,inflorescence,insertion,interjected,internodal,interpetalar,leaf,leaflet,leathery,length,lilac,lower,margin,marking,mature,membranous,modification,multi-branched,multicellular,near-basal,needle-like,none,odour,orientation,paired,pattern,pedicel,petiole,pink,placement,pore,position,present,prickle,pseudostipule,purple,radially,rhizome,round,scale,shape,simple-entire,smell,spot,staman,stellate,stem,stone,structure,surface,swollen,symmetric,symmetry,sympodial,system,tapered-lanceolate,texture,tissue,trichome,trifoliate,tuber,type,unit,vegetative,xylopodia,zygomorphy
81	wfo-0001026754	success	37	38	6	31	69	82	anther,apex,asymmetric,base,berry,branch,colour,corolla,filament,form,fruit,growth,inflorescence,leaf,length,margin,membranous,mm,pedicel,petiole,shape,simple,stem,surface,terminal,texture,truncate,type,vine,white,woody	0.5-1,0.9-1.1,1-6,1/2,2-2.5,2.5-3.5,2/3,5,5-lobed,5.5-9,7-9,acute,arrangement,bark,broadly,brown,bud,characteristic,clavate,cm,corrugation,deeply,densely,diameter,drying,ellipsoid,elliptic,entire,exerted,exertion,glabrous,glabrousnes,globose,halfway,height,history,later,lateral,life,lobed,lobing,minute,minutely,na,narrowly,new,number,oblique,ovary,pair,peduncle,per,plant,primary,puberulent,pubescent,scandent,seed,size,slender,sparsely,spreading,stigma,style,tube,vein,way,x,yellowish							0.5-1.0,5.0,absent,appressed,articulation,basal,bract,branched,branching,breeding,broad-based,calyx,cell,connective,cup-shaped,dendritic,distinct,eglandular,elliptic-oblong,elongating,enlarged,fleshy,fork,forked,fruiting,fully,hair,hermaphroditic,heteromorphism,inflated,insertion,interjected,internodal,interpetalar,leaflet,leathery,lower,marking,mature,modification,monochasial,multi-branched,multicellular,needle-like,none,odour,orientation,paired,pattern,placement,plurifoliate,pore,position,present,prickle,pseudostipule,radially,rhizome,rotate,round,scale,simple-entire,simple-lobed,simple-pinnatifid,smell,spot,staman,stellate,stone,structure,swollen,symmetric,symmetry,sympodial,system,tissue,trichome,tuber,unit,vegetative,xylopodia,zygomorphy	11.0	44.0	102.0	asymmetric,base,berry,membranous,mm,simple,terminal,truncate,vine,white,woody	0.5-1,0.9-1.1,1-6,1/2,2-2.5,2.5-3.5,2/3,5,5-lobed,5.5-9,7-9,acute,broadly,brown,clavate,cm,deeply,densely,diameter,ellipsoid,elliptic,entire,exerted,glabrous,globose,halfway,later,lateral,lobed,minute,minutely,na,narrowly,oblique,pair,puberulent,pubescent,scandent,slender,sparsely,spreading,way,x,yellowish	0.5-1.0,5.0,absent,anther,apex,appressed,articulation,basal,bract,branch,branched,branching,breeding,broad-based,calyx,cell,colour,connective,corolla,cup-shaped,dendritic,distinct,eglandular,elliptic-oblong,elongating,enlarged,filament,fleshy,fork,forked,form,fruit,fruiting,fully,growth,hair,hermaphroditic,heteromorphism,inflated,inflorescence,insertion,interjected,internodal,interpetalar,leaf,leaflet,leathery,length,lower,margin,marking,mature,modification,monochasial,multi-branched,multicellular,needle-like,none,odour,orientation,paired,pattern,pedicel,petiole,placement,plurifoliate,pore,position,present,prickle,pseudostipule,radially,rhizome,rotate,round,scale,shape,simple-entire,simple-lobed,simple-pinnatifid,smell,spot,staman,stellate,stem,stone,structure,surface,swollen,symmetric,symmetry,sympodial,system,texture,tissue,trichome,tuber,type,unit,vegetative,xylopodia,zygomorphy
82	wfo-0001026756	success	40	38	8	33	84	77	acute,anther,apex,base,berry,calyx,colour,corolla,difoliate,filament,form,fruit,fruiting,green,growth,inflorescence,leaf,length,margin,mm,pedicel,petiole,prickle,shape,shrub,simple,stem,surface,texture,tree,type,unifoliate,white	0-7-1.2,0.25-0.5,0.5,0.5-3,1.5-1.7,1.5-10,1.5-2,1.8-3,3-4,3.5-8.5,5-10,5-10-flowered,5-5.5,6-10,6-16,appearance,arrangement,attenuate,bark,bilobed,border,branch,broadly,brown,bud,characteristic,cm,conical,corrugation,dark,densely,dia,diameter,drying,elliptic,erect,exertion,exserted,giving,glabrous,glabrousnes,globose,grayish-brown,height,history,lateral,life,lobe,lobing,long,main,midpoint,minutely,na,nearly,new,ovary,ovate,ovoid-reniform,pair,pale,peduncle,perennial,pinkish-white,pitted,plant,primary,pubescent,ray,seed,shaped,size,sparsely,stigma,strongly,style,tear-drop,thick,thicknes,tube,variation,vein,wide,width							0.25,3.0-4.0,absent,appressed,articulation,basal,blue,bract,branched,branching,breeding,broad-based,cell,connective,coriaceous,dendritic,discrete,distinct,eglandular,elliptic-oblong,enlarged,flat,fleshy,geminate,hair,hard,heteromorphism,inflated,insertion,interjected,interpetalar,leaf-opposed,leaflet,lilac,lower,marking,mature,modification,monochasial,multicellular,needle-like,none,odour,orientation,paired,pattern,pink,placement,pore,position,present,pseudostipule,purple,radially,rhizome,round,scale,simple-entire,smell,spot,staman,stellate,stone,structure,swollen,symmetric,symmetry,sympodial,system,tissue,trichome,tuber,unbranched,unit,vegetative,xylopodia,zygomorphy	11.0	51.0	99.0	acute,base,berry,difoliate,green,mm,shrub,simple,tree,unifoliate,white	0-7-1.2,0.25-0.5,0.5,0.5-3,1.5-1.7,1.5-10,1.5-2,1.8-3,3-4,3.5-8.5,5-10,5-10-flowered,5-5.5,6-10,6-16,attenuate,bilobed,broadly,brown,cm,conical,dark,densely,dia,elliptic,erect,exserted,glabrous,globose,grayish-brown,lateral,long,main,minutely,na,nearly,ovate,ovoid-reniform,pair,pale,perennial,pinkish-white,pitted,pubescent,shaped,sparsely,strongly,tear-drop,thick,vein,wide	0.25,3.0-4.0,absent,anther,apex,appressed,articulation,basal,blue,bract,branched,branching,breeding,broad-based,calyx,cell,colour,connective,coriaceous,corolla,dendritic,discrete,distinct,eglandular,elliptic-oblong,enlarged,filament,flat,fleshy,form,fruit,fruiting,geminate,growth,hair,hard,heteromorphism,inflated,inflorescence,insertion,interjected,interpetalar,leaf,leaf-opposed,leaflet,length,lilac,lower,margin,marking,mature,modification,monochasial,multicellular,needle-like,none,odour,orientation,paired,pattern,pedicel,petiole,pink,placement,pore,position,present,prickle,pseudostipule,purple,radially,rhizome,round,scale,shape,simple-entire,smell,spot,staman,stellate,stem,stone,structure,surface,swollen,symmetric,symmetry,sympodial,system,texture,tissue,trichome,tuber,type,unbranched,unit,vegetative,xylopodia,zygomorphy
83	wfo-0001026777	invalid_json_followup	NA	38	NA	36	109	69	0.25-0.5,acute,anther,apex,base,berry,blue,branching,calyx,colour,corolla,filament,form,fruit,fruiting,green,growth,inflorescence,interjected,leaf,leaflet,length,margin,mm,pedicel,petiole,prickle,pseudostipule,shape,shrub,stem,surface,texture,trichome,type,white	.5,0.5-1,0.5-1.5,1-1.3,1-10,1-2,1-4,1.2-1.8,1.5-3,2-4,2-4.5,3-3.5,4-8,5-14,5-50-flowered,5-7,acuminate,alternate,arrangement,axil,bark,beneath,branch,brown,bud,capitate,characteristic,cm,corrugation,cup,decurrent,deflexed,dense,dia,diameter,distal,drying,elliptic,end,exertion,exserted,fide,filiform,flattened,flattened-reniform,flexuous,glabrate,glabrous,glabrousnes,globose,greyish,height,history,lateral,life,lobe,lobed,lobing,long,main,midpoint,minutely,na,narrowly,near,nearly,new,number,occasionally,often,older,onto,opposite,ovary,overtopping,pair,papillose,peduncle,per,plant,primary,pubescent,ray,russet,seed,shaped,shiny,size,slightly,smooth,soon,sparsely,stigma,straight,style,tear-drop,terminal,thicknes,tube,tuft,uniseriate,value,variation,vein,vellozo,width,x,yellowish,young							3.0-3.5,absent,appressed,articulation,basal,bract,breeding,broad-based,cell,connective,difoliate,discrete,distinct,eglandular,elliptic-oblong,enlarged,flat,fleshy,forked,geminate,hair,heteromorphism,inflated,insertion,interpetalar,leaf-opposed,leathery,lower,marking,mature,membranous,modification,monochasial,multicellular,needle-like,none,odour,orientation,paired,pattern,placement,pore,position,present,radially,rhizome,round,scale,simple,simple-entire,smell,spot,staman,stellate,stone,structure,swollen,symmetric,symmetry,sympodial,system,tissue,tuber,unbranched,unit,vegetative,winged,xylopodia,zygomorphy	36.0	109.0	69.0	0.25-0.5,acute,anther,apex,base,berry,blue,branching,calyx,colour,corolla,filament,form,fruit,fruiting,green,growth,inflorescence,interjected,leaf,leaflet,length,margin,mm,pedicel,petiole,prickle,pseudostipule,shape,shrub,stem,surface,texture,trichome,type,white	.5,0.5-1,0.5-1.5,1-1.3,1-10,1-2,1-4,1.2-1.8,1.5-3,2-4,2-4.5,3-3.5,4-8,5-14,5-50-flowered,5-7,acuminate,alternate,arrangement,axil,bark,beneath,branch,brown,bud,capitate,characteristic,cm,corrugation,cup,decurrent,deflexed,dense,dia,diameter,distal,drying,elliptic,end,exertion,exserted,fide,filiform,flattened,flattened-reniform,flexuous,glabrate,glabrous,glabrousnes,globose,greyish,height,history,lateral,life,lobe,lobed,lobing,long,main,midpoint,minutely,na,narrowly,near,nearly,new,number,occasionally,often,older,onto,opposite,ovary,overtopping,pair,papillose,peduncle,per,plant,primary,pubescent,ray,russet,seed,shaped,shiny,size,slightly,smooth,soon,sparsely,stigma,straight,style,tear-drop,terminal,thicknes,tube,tuft,uniseriate,value,variation,vein,vellozo,width,x,yellowish,young	3.0-3.5,absent,appressed,articulation,basal,bract,breeding,broad-based,cell,connective,difoliate,discrete,distinct,eglandular,elliptic-oblong,enlarged,flat,fleshy,forked,geminate,hair,heteromorphism,inflated,insertion,interpetalar,leaf-opposed,leathery,lower,marking,mature,membranous,modification,monochasial,multicellular,needle-like,none,odour,orientation,paired,pattern,placement,pore,position,present,radially,rhizome,round,scale,simple,simple-entire,smell,spot,staman,stellate,stone,structure,swollen,symmetric,symmetry,sympodial,system,tissue,tuber,unbranched,unit,vegetative,winged,xylopodia,zygomorphy
84	wfo-0001026819	invalid_json_followup	NA	40	NA	38	127	74	anther,apex,base,blue,branch,calyx,cell,colour,corolla,cuneate,distal,filament,forked,form,fruit,green,growth,hair,herb,inflorescence,interjected,leaf,leaflet,length,margin,membranous,mm,pedicel,petiole,prickle,pseudostipule,purple,shape,stem,surface,terminal,texture,type	0-27,0.3-4.7,0.5-1.5,1-2,1.2-36,1.5-10,1.5-12,1.5-3.0,1.5-3.3,1.6-3.5,10-26,2.5-5,3-120,3-18,3-20,3-35,3-38,4,4-7,5-30,6-11,abaxially,acuminate,acute,arrangement,articulated,attenuate,bark,borne,broadly,brownish,bud,capitate,characteristic,chartaceous,clavate,cm,condition,connate,connivent,corrugation,covering,dark,densely,diameter,dot,drying,elliptic,especially,exertion,flower,fresh,generally,glabrous,glabrousnes,glaucous,globose,green-white,greenish,greenish-yellow,hair-like,half,height,history,lanceolate,lateral,life,light,like,lobing,long,make,middle,midpoint,moderately,mottled,mucilaginous,na,narrowly,new,non-glandular,number,oblique,odd-pinnate,ovary,ovate,ovoid,peduncle,per,plant,primary,pubescent,ray,scattered,seed,short,size,slightly,sometimes,somewhat,star,stigma,stripe,style,subglabrous,subtending,symmetrical,testal,thick,thicknes,throughout,tinged,truncate,tube,unwinged,value,variation,vein,violet,wall,wet,white,whitish,wide,width,wing,within							1.0-2.0,1/2,4.0-7.0,absent,appressed,articulation,berry,bract,branching,breeding,broad-based,compound-entire,connective,distinct,eglandular,elliptic-oblong,elongating,enlarged,flat,fleshy,fork,fruiting,fully,hermaphroditic,heteromorphism,inflated,insertion,interpetalar,leathery,lilac,lower,marking,mature,modification,monochasial,multicellular,needle-like,none,odour,orientation,paired,pattern,pink,placement,plurifoliate,pore,position,present,present-pair,radially,rhizome,rotate,round,scale,simple,smell,spot,staman,stellate,stone,structure,swollen,symmetric,symmetry,sympodial,system,tissue,trichome,trifoliate,tuber,unit,vegetative,xylopodia,zygomorphy	38.0	127.0	74.0	anther,apex,base,blue,branch,calyx,cell,colour,corolla,cuneate,distal,filament,forked,form,fruit,green,growth,hair,herb,inflorescence,interjected,leaf,leaflet,length,margin,membranous,mm,pedicel,petiole,prickle,pseudostipule,purple,shape,stem,surface,terminal,texture,type	0-27,0.3-4.7,0.5-1.5,1-2,1.2-36,1.5-10,1.5-12,1.5-3.0,1.5-3.3,1.6-3.5,10-26,2.5-5,3-120,3-18,3-20,3-35,3-38,4,4-7,5-30,6-11,abaxially,acuminate,acute,arrangement,articulated,attenuate,bark,borne,broadly,brownish,bud,capitate,characteristic,chartaceous,clavate,cm,condition,connate,connivent,corrugation,covering,dark,densely,diameter,dot,drying,elliptic,especially,exertion,flower,fresh,generally,glabrous,glabrousnes,glaucous,globose,green-white,greenish,greenish-yellow,hair-like,half,height,history,lanceolate,lateral,life,light,like,lobing,long,make,middle,midpoint,moderately,mottled,mucilaginous,na,narrowly,new,non-glandular,number,oblique,odd-pinnate,ovary,ovate,ovoid,peduncle,per,plant,primary,pubescent,ray,scattered,seed,short,size,slightly,sometimes,somewhat,star,stigma,stripe,style,subglabrous,subtending,symmetrical,testal,thick,thicknes,throughout,tinged,truncate,tube,unwinged,value,variation,vein,violet,wall,wet,white,whitish,wide,width,wing,within	1.0-2.0,1/2,4.0-7.0,absent,appressed,articulation,berry,bract,branching,breeding,broad-based,compound-entire,connective,distinct,eglandular,elliptic-oblong,elongating,enlarged,flat,fleshy,fork,fruiting,fully,hermaphroditic,heteromorphism,inflated,insertion,interpetalar,leathery,lilac,lower,marking,mature,modification,monochasial,multicellular,needle-like,none,odour,orientation,paired,pattern,pink,placement,plurifoliate,pore,position,present,present-pair,radially,rhizome,rotate,round,scale,simple,smell,spot,staman,stellate,stone,structure,swollen,symmetric,symmetry,sympodial,system,tissue,trichome,trifoliate,tuber,unit,vegetative,xylopodia,zygomorphy
85	wfo-0001026821	invalid_json_followup	NA	40	NA	38	113	75	anther,apex,appressed,base,berry,calyx,colour,cordate,corolla,filament,forked,form,fruit,green,growth,hair,herb,inflorescence,interjected,leaf,leaf-opposed,leaflet,length,margin,mature,membranous,mm,pedicel,petiole,prickle,pseudostipule,rounded,shape,stem,surface,texture,type,white	.2,0.2-1.5,0.3-1.2,0.3-2.5,0.4-1.5,0.5-1.2,0.5-3.5,0.7-1.8,0.8-1,1-1.5,1-2,1-3,1-5,1.2-1.5,1.5-2.5,10-15,2-3.5,2-celled,2.5-18,3-11,3-18,3-6,3-7,3-branched,4-4.5,5-12,5-20,5-34,\u201cbayonet\u201d,\u201cpuberulent\u201d,acuminate,angular,apically,appearance,arrangement,border,broadly,brown,bud,characteristic,cm,corrugation,dark,deltate,diameter,distal,drying,due,ellipsoidal,exertion,flattened,flower,frequent,gglobose,giving,glabrous,height,history,incurved,lanceolate,lateral,life,light,lobe,lobing,long,long-attenuate,many,midpoint,na,narrowly,number,oblique,oblong,obtuse,odd-pinnate,ovary,pale,peduncle,per,pilose,plant,primary,puberulent,pubescent,rarely,ray,remnant,scandent,seed,short,size,slender,small,somewhat,sparsely,stigma,stripe,style,subglabrous,terminal,thickening,thicknes,truncate,tube,unbranched,value,variation,vein,wall,width,winged,x							1.0-1.5,2-cellular,2.0-3.5,absent,articulation,asymmetric,basal,bayonet,bract,branching,breeding,broad-based,cell,compound-entire,connective,distinct,ellipsoid,elliptic-oblong,elongating,enlarged,flat,fleshy,fruiting,fully,glandular,herbaceous,hermaphroditic,heteromorphism,inflated,insertion,interpetalar,leathery,lower,marking,modification,monochasial,multi-branched,multicellular,needle-like,none,odour,orientation,paired,pattern,placement,plurifoliate,pore,position,present,present-pair,radially,rhizome,round,scale,simple,smell,spot,staman,stellate,stone,structure,swollen,symmetric,symmetry,sympodial,system,tissue,trichome,trifoliate,tuber,unit,vegetative,vine,xylopodia,zygomorphy	38.0	113.0	75.0	anther,apex,appressed,base,berry,calyx,colour,cordate,corolla,filament,forked,form,fruit,green,growth,hair,herb,inflorescence,interjected,leaf,leaf-opposed,leaflet,length,margin,mature,membranous,mm,pedicel,petiole,prickle,pseudostipule,rounded,shape,stem,surface,texture,type,white	.2,0.2-1.5,0.3-1.2,0.3-2.5,0.4-1.5,0.5-1.2,0.5-3.5,0.7-1.8,0.8-1,1-1.5,1-2,1-3,1-5,1.2-1.5,1.5-2.5,10-15,2-3.5,2-celled,2.5-18,3-11,3-18,3-6,3-7,3-branched,4-4.5,5-12,5-20,5-34,\u201cbayonet\u201d,\u201cpuberulent\u201d,acuminate,angular,apically,appearance,arrangement,border,broadly,brown,bud,characteristic,cm,corrugation,dark,deltate,diameter,distal,drying,due,ellipsoidal,exertion,flattened,flower,frequent,gglobose,giving,glabrous,height,history,incurved,lanceolate,lateral,life,light,lobe,lobing,long,long-attenuate,many,midpoint,na,narrowly,number,oblique,oblong,obtuse,odd-pinnate,ovary,pale,peduncle,per,pilose,plant,primary,puberulent,pubescent,rarely,ray,remnant,scandent,seed,short,size,slender,small,somewhat,sparsely,stigma,stripe,style,subglabrous,terminal,thickening,thicknes,truncate,tube,unbranched,value,variation,vein,wall,width,winged,x	1.0-1.5,2-cellular,2.0-3.5,absent,articulation,asymmetric,basal,bayonet,bract,branching,breeding,broad-based,cell,compound-entire,connective,distinct,ellipsoid,elliptic-oblong,elongating,enlarged,flat,fleshy,fruiting,fully,glandular,herbaceous,hermaphroditic,heteromorphism,inflated,insertion,interpetalar,leathery,lower,marking,modification,monochasial,multi-branched,multicellular,needle-like,none,odour,orientation,paired,pattern,placement,plurifoliate,pore,position,present,present-pair,radially,rhizome,round,scale,simple,smell,spot,staman,stellate,stone,structure,swollen,symmetric,symmetry,sympodial,system,tissue,trichome,trifoliate,tuber,unit,vegetative,vine,xylopodia,zygomorphy
86	wfo-0001026827	success	37	39	5	36	100	72	acute,anther,apex,base,branch,calyx,colour,corolla,filament,form,fruit,fruiting,growth,inflorescence,interjected,internodal,leaf,leaflet,length,margin,mm,pedicel,petiole,pore,prickle,pseudostipule,shape,shrub,simple,stem,surface,terminal,texture,trichome,type,white	/3,0.2-0.5,0.4-0.6,0.5-2,0.6-1,1-1.1,1-1.5,1-2.1,1.3-1.6,1.5-2,2-2.2,2-4,3-9,5-6,7-9,adaxially,age,and/or,anthesi,appearance,appearing,arachnoid,arrangement,attenuate,bark,border,branched,broadly,bud,characteristic,clavate,cm,conical,corrugation,deciduous,deltate,dendritic,densely,diameter,distal,drying,ellipsoid,erect,exerted,exertion,flower,giving,glabrescent,glabrous,glabrousnes,height,history,irregularly,lamina,lanceolate,lateral,lengthening,less,life,like,lobe,lobing,midpoint,na,narrowly,new,nodding,number,oblanceolate,ovary,pair,paler,peduncle,per,plant,poricidal,primary,pubescent,ray,reddish,revolute,seed,size,slender,slit,soon,sparsely,stigma,stout,strongly,style,thicknes,tip,tube,uniseriate,variation,vein,way,width,x							0.25-0.5,3.0-3.5,absent,appressed,articulation,basal,berry,bract,branching,breeding,broad-based,cell,connective,difoliate,discrete,distinct,eglandular,elliptic-oblong,enlarged,flat,fleshy,fork,fully,geminate,green,hair,hermaphroditic,heteromorphism,inflated,insertion,interpetalar,leathery,lower,marking,mature,membranous,modification,monochasial,multicellular,needle-like,none,odour,orientation,paired,pattern,placement,plurifoliate,position,present,radially,rhizome,round,scale,simple-entire,smell,spot,staman,stellate,stone,structure,swollen,symmetric,symmetry,sympodial,system,tissue,tuber,unbranched,unit,vegetative,xylopodia,zygomorphy	12.0	64.0	96.0	acute,base,calyx,inflorescence,internodal,mm,pore,shrub,simple,terminal,trichome,white	/3,0.2-0.5,0.4-0.6,0.5-2,0.6-1,1-1.1,1-1.5,1-2.1,1.3-1.6,1.5-2,2-2.2,2-4,3-9,5-6,7-9,adaxially,age,and/or,anthesi,appearing,arachnoid,attenuate,branched,broadly,clavate,cm,conical,deciduous,deltate,dendritic,densely,ellipsoid,erect,exerted,flower,glabrescent,glabrous,irregularly,lamina,lanceolate,lengthening,less,like,na,narrowly,nodding,oblanceolate,pair,paler,poricidal,pubescent,reddish,revolute,slender,slit,soon,sparsely,stout,strongly,tip,tube,uniseriate,way,x	0.25-0.5,3.0-3.5,absent,anther,apex,appressed,articulation,basal,berry,bract,branch,branching,breeding,broad-based,cell,colour,connective,corolla,difoliate,discrete,distinct,eglandular,elliptic-oblong,enlarged,filament,flat,fleshy,fork,form,fruit,fruiting,fully,geminate,green,growth,hair,hermaphroditic,heteromorphism,inflated,insertion,interjected,interpetalar,leaf,leaflet,leathery,length,lower,margin,marking,mature,membranous,modification,monochasial,multicellular,needle-like,none,odour,orientation,paired,pattern,pedicel,petiole,placement,plurifoliate,position,present,prickle,pseudostipule,radially,rhizome,round,scale,shape,simple-entire,smell,spot,staman,stellate,stem,stone,structure,surface,swollen,symmetric,symmetry,sympodial,system,texture,tissue,tuber,type,unbranched,unit,vegetative,xylopodia,zygomorphy
87	wfo-0001026830	invalid_json_followup	NA	40	NA	41	106	72	acute,anther,apex,base,berry,branch,calyx,colour,coriaceous,corolla,distal,filament,forked,form,fruit,fruiting,green,growth,hair,herb,inflorescence,interjected,leaf,leaflet,length,margin,mm,pedicel,petiole,prickle,pseudostipule,purple,rounded,shape,simple,stem,surface,terminal,texture,type,white	0-10,0.3-1.3,0.4-1,0.5-1.0,0.9-1.9,1-11,1-2,1.1-2.7,1.4-4,10-57,2.5-5,2.7-8,3.5-8.5,4-14.5,4-7,4.4-14.5,5-11,6-13,abaxially,acuminate,adaxially,appearance,arrangement,attenuate,axillary,bark,brown,brownish,bud,capitate,characteristic,ciliate,clavate,cm,condition,corrugation,deep,diameter,drying,elliptic,erect,exertion,finely,fresh,generally,giving,glabrescent,glabrous,glabrousnes,globose,green-white,greenish,half,height,history,lanceolate,lateral,life,light,linear,lobe,lobing,long,medium,midpoint,moderately,mucilaginous,na,new,number,odd-pinnate,ovary,ovate,ovoid,peduncle,per,plant,primary,puberulent,pubescent,ray,ripe,seed,sessile,short,size,stigma,stripe,style,subglabrous,subtending,thicknes,throughout,tube,typically,unwinged,usually,value,variation,vein,wet,whitish,width,x,yellow,yellowish							1.0-2.0,1/2,4.0-7.0,absent,appressed,articulation,asymmetric,black,bract,branching,breeding,broad-based,cell,compound-entire,connective,distinct,eglandular,elliptic-oblong,elongating,enlarged,flat,fleshy,fork,fully,hermaphroditic,heteromorphism,inflated,insertion,interpetalar,leathery,lower,marking,mature,modification,monochasial,multicellular,needle-like,none,odour,orientation,paired,pattern,placement,plurifoliate,pore,position,present,present-pair,radially,rhizome,rotate,round,scale,smell,spot,staman,stellate,stone,structure,swollen,symmetric,symmetry,sympodial,system,tissue,trichome,trifoliate,tuber,unit,vegetative,xylopodia,zygomorphy	41.0	106.0	72.0	acute,anther,apex,base,berry,branch,calyx,colour,coriaceous,corolla,distal,filament,forked,form,fruit,fruiting,green,growth,hair,herb,inflorescence,interjected,leaf,leaflet,length,margin,mm,pedicel,petiole,prickle,pseudostipule,purple,rounded,shape,simple,stem,surface,terminal,texture,type,white	0-10,0.3-1.3,0.4-1,0.5-1.0,0.9-1.9,1-11,1-2,1.1-2.7,1.4-4,10-57,2.5-5,2.7-8,3.5-8.5,4-14.5,4-7,4.4-14.5,5-11,6-13,abaxially,acuminate,adaxially,appearance,arrangement,attenuate,axillary,bark,brown,brownish,bud,capitate,characteristic,ciliate,clavate,cm,condition,corrugation,deep,diameter,drying,elliptic,erect,exertion,finely,fresh,generally,giving,glabrescent,glabrous,glabrousnes,globose,green-white,greenish,half,height,history,lanceolate,lateral,life,light,linear,lobe,lobing,long,medium,midpoint,moderately,mucilaginous,na,new,number,odd-pinnate,ovary,ovate,ovoid,peduncle,per,plant,primary,puberulent,pubescent,ray,ripe,seed,sessile,short,size,stigma,stripe,style,subglabrous,subtending,thicknes,throughout,tube,typically,unwinged,usually,value,variation,vein,wet,whitish,width,x,yellow,yellowish	1.0-2.0,1/2,4.0-7.0,absent,appressed,articulation,asymmetric,black,bract,branching,breeding,broad-based,cell,compound-entire,connective,distinct,eglandular,elliptic-oblong,elongating,enlarged,flat,fleshy,fork,fully,hermaphroditic,heteromorphism,inflated,insertion,interpetalar,leathery,lower,marking,mature,modification,monochasial,multicellular,needle-like,none,odour,orientation,paired,pattern,placement,plurifoliate,pore,position,present,present-pair,radially,rhizome,rotate,round,scale,smell,spot,staman,stellate,stone,structure,swollen,symmetric,symmetry,sympodial,system,tissue,trichome,trifoliate,tuber,unit,vegetative,xylopodia,zygomorphy
88	wfo-0001026831	invalid_json_followup	NA	43	NA	37	112	79	acute,anther,apex,attenuate,base,berry,calyx,cell,colour,corolla,filament,form,fruit,fruiting,growth,inflorescence,interjected,leaf,leaflet,length,lower,margin,marking,membranous,mm,orange,pedicel,petiole,prickle,pseudostipule,shape,shrub,stem,surface,texture,type,white	-6.5,.5,/4,0-10,0-3,0-6,0.2-1,0.3-0.6,0.3-0.65,0.5-1.2,0.6,0.6-2,0.65-1,0.7-1.1,1-2.2,1-2.5,1-4,1.5-2.5-9,1/3,1/3-1/2,10-20,2-2.5,2-4,2.3-2.9,2.5-4.5,3-6,abaxially,apparently,arrangement,articulated,bark,branch,branched,bright,brown,characteristic,chartaceous,cm,connivent,cream,curved,dark,densely,diameter,distal,dull,elliptic,erect,exertion,flattened-reniform,flower,glabrous,glabrousnes,green,height,history,lateral,life,lobe,lobed,lobing,long,maturity,mauve,midpoint,moderately,na,narrow-cuneate,new,number,orange-brown,outline,ovary,pair,pale,peduncle,per,perennial,plant,poricidal,prickly,primary,raised,ray,red-brown,rounded,seed,shiny,size,slender,smooth,sparsely,spherical,stellate-pubescent,style,tapering,terminal,thicknes,tip,tube,upper,usually,value,variation,vein,way,white-gray,wide,width,yellow,yellow-green,young							0.5,3.0-6.0,absent,appressed,articulation,basal,blue,bract,branching,breeding,broad-based,connective,cuneate,dichasial,difoliate,discrete,distinct,eglandular,enlarged,flat,fleshy,fully,hair,hermaphroditic,heteromorphism,inflated,insertion,internodal,interpetalar,leathery,lilac,mature,modification,needle-like,non-geminate,none,odour,orientation,paired,pattern,pink,placement,pore,position,present,present-inflorescence,present-leaf,present-stem,purple,radially,recurved,red,rhizome,round,scale,simple-lobed,smell,spot,staman,stellate,stone,structure,swollen,symmetric,symmetry,sympodial,system,tapered-lanceolate,tissue,triangular,trichome,tuber,unbranched,unit,vegetative,vine,woody,xylopodia,zygomorphy	37.0	112.0	79.0	acute,anther,apex,attenuate,base,berry,calyx,cell,colour,corolla,filament,form,fruit,fruiting,growth,inflorescence,interjected,leaf,leaflet,length,lower,margin,marking,membranous,mm,orange,pedicel,petiole,prickle,pseudostipule,shape,shrub,stem,surface,texture,type,white	-6.5,.5,/4,0-10,0-3,0-6,0.2-1,0.3-0.6,0.3-0.65,0.5-1.2,0.6,0.6-2,0.65-1,0.7-1.1,1-2.2,1-2.5,1-4,1.5-2.5-9,1/3,1/3-1/2,10-20,2-2.5,2-4,2.3-2.9,2.5-4.5,3-6,abaxially,apparently,arrangement,articulated,bark,branch,branched,bright,brown,characteristic,chartaceous,cm,connivent,cream,curved,dark,densely,diameter,distal,dull,elliptic,erect,exertion,flattened-reniform,flower,glabrous,glabrousnes,green,height,history,lateral,life,lobe,lobed,lobing,long,maturity,mauve,midpoint,moderately,na,narrow-cuneate,new,number,orange-brown,outline,ovary,pair,pale,peduncle,per,perennial,plant,poricidal,prickly,primary,raised,ray,red-brown,rounded,seed,shiny,size,slender,smooth,sparsely,spherical,stellate-pubescent,style,tapering,terminal,thicknes,tip,tube,upper,usually,value,variation,vein,way,white-gray,wide,width,yellow,yellow-green,young	0.5,3.0-6.0,absent,appressed,articulation,basal,blue,bract,branching,breeding,broad-based,connective,cuneate,dichasial,difoliate,discrete,distinct,eglandular,enlarged,flat,fleshy,fully,hair,hermaphroditic,heteromorphism,inflated,insertion,internodal,interpetalar,leathery,lilac,mature,modification,needle-like,non-geminate,none,odour,orientation,paired,pattern,pink,placement,pore,position,present,present-inflorescence,present-leaf,present-stem,purple,radially,recurved,red,rhizome,round,scale,simple-lobed,smell,spot,staman,stellate,stone,structure,swollen,symmetric,symmetry,sympodial,system,tapered-lanceolate,tissue,triangular,trichome,tuber,unbranched,unit,vegetative,vine,woody,xylopodia,zygomorphy
89	wfo-0001026841	success	40	38	7	32	76	70	0.25-0.3,acute,anther,apex,base,berry,calyx,colour,corolla,filament,form,fruit,fruiting,green,growth,inflorescence,leaf,length,margin,mm,pedicel,petiole,shape,shrub,simple,stem,surface,texture,trichome,type,unifoliate,white	/4,0.5-0.75,0.6-1,0.8-1,0.8-3,1.5,2-2.5,3-6.5,3.5-5,4-8,5-8-flowered,6-8,7-9,9.2-18,arrangement,bark,bi-lobed,branch,broadly,bud,characteristic,clavate,cm,conical,corrugation,curly-tipped,decurrent,dia,diameter,drying,ellipsoid,elliptic,exertion,filiform,glabrate,glabrous,glabrousnes,globose,greyish-green,height,history,later,lateral,life,lobing,long,main,na,new,number,older,ovary,pair,peduncle,per,plant,poricidal,primary,pubescent,reddish,seed,shining,size,slightly,sparsely,stigma,straight,style,tip,tube,uniseriate,vein,way,x,ye,young							1.5-2.0,absent,appressed,articulation,basal,bract,branching,breeding,broad-based,cell,connective,discrete,distinct,eglandular,elliptic-oblong,enlarged,flat,fleshy,hair,heteromorphism,inflated,insertion,interjected,interpetalar,leaf-opposed,leaflet,leathery,lower,marking,mature,membranous,modification,monochasial,multicellular,needle-like,none,odour,orientation,paired,pattern,placement,pore,position,present,prickle,pseudostipule,radially,rhizome,round,scale,simple-entire,smell,spot,staman,stellate,stone,structure,swollen,symmetric,symmetry,sympodial,system,tissue,tuber,unbranched,unit,vegetative,winged,xylopodia,zygomorphy	12.0	50.0	90.0	0.25-0.3,acute,base,berry,green,mm,shrub,simple,stem,trichome,unifoliate,white	/4,0.5-0.75,0.6-1,0.8-1,0.8-3,1.5,2-2.5,3-6.5,3.5-5,4-8,5-8-flowered,6-8,7-9,9.2-18,bi-lobed,broadly,clavate,cm,conical,curly-tipped,decurrent,dia,ellipsoid,elliptic,filiform,glabrate,glabrous,globose,greyish-green,later,lateral,long,main,na,older,pair,poricidal,pubescent,reddish,shining,slightly,sparsely,straight,tip,uniseriate,vein,way,x,ye,young	1.5-2.0,absent,anther,apex,appressed,articulation,basal,bract,branching,breeding,broad-based,calyx,cell,colour,connective,corolla,discrete,distinct,eglandular,elliptic-oblong,enlarged,filament,flat,fleshy,form,fruit,fruiting,growth,hair,heteromorphism,inflated,inflorescence,insertion,interjected,interpetalar,leaf,leaf-opposed,leaflet,leathery,length,lower,margin,marking,mature,membranous,modification,monochasial,multicellular,needle-like,none,odour,orientation,paired,pattern,pedicel,petiole,placement,pore,position,present,prickle,pseudostipule,radially,rhizome,round,scale,shape,simple-entire,smell,spot,staman,stellate,stone,structure,surface,swollen,symmetric,symmetry,sympodial,system,texture,tissue,tuber,type,unbranched,unit,vegetative,winged,xylopodia,zygomorphy
90	wfo-0001026849	success	37	39	7	30	72	80	anther,apex,base,berry,calyx,colour,corolla,filament,form,fruit,fruiting,glandular,green,growth,hair,inflorescence,leaf,length,margin,mm,pedicel,petiole,plurifoliate,shape,shrub,simple,stem,surface,texture,type	0-10,0.5-1,1,1-2,1.5-2.5,1.75-2,2,2-3,38/2,637/2,7-8,8,80-100-130,acute,arrangement,aster,bark,branch,brown,bud,capitate,characteristic,cm,conical,corrugation,cyme,diameter,discoidal,distinctly,drying,ellipsoid,entire,exertion,glabrous,glabrousnes,globose,grey-brown,height,history,lavender,life,lobing,long-cuneate,minute,minutely,na,new,number,oblong,oblong-lanceolate,ovary,peduncle,per,plant,primary,reticulate,rh,rounded,sea,seed,short-lived,size,slender,soft-wooded,stigma,style,tube,unarmed,undulate,vein,violet,x							1.0-2.0,2.0-3.0,absent,appressed,articulation,attenuate,axillary,basal,blue,bract,branching,breeding,broad-based,cell,connective,distinct,elliptic-oblong,elongating,enlarged,flat,fleshy,forked,fully,hermaphroditic,heteromorphism,inflated,insertion,interjected,interpetalar,leaflet,leathery,lilac,lower,marking,mature,membranous,modification,monochasial,multicellular,needle-like,none,odour,orientation,ovoid,paired,pattern,pink,placement,pore,position,present,prickle,pseudostipule,purple,radially,rhizome,rotate,scale,simple-entire,simple-lobed,smell,spot,staman,stellate,stone,structure,swollen,symmetric,symmetry,sympodial,system,tissue,trichome,tuber,unbranched,unit,vegetative,winged,xylopodia,zygomorphy	8.0	45.0	102.0	berry,glandular,green,hair,mm,plurifoliate,shrub,simple	0-10,0.5-1,1,1-2,1.5-2.5,1.75-2,2,2-3,38/2,637/2,7-8,8,80-100-130,acute,aster,brown,capitate,cm,conical,cyme,discoidal,distinctly,ellipsoid,entire,glabrous,globose,grey-brown,lavender,long-cuneate,minute,minutely,na,oblong,oblong-lanceolate,reticulate,rh,rounded,sea,short-lived,slender,soft-wooded,unarmed,undulate,violet,x	1.0-2.0,2.0-3.0,absent,anther,apex,appressed,articulation,attenuate,axillary,basal,base,blue,bract,branching,breeding,broad-based,calyx,cell,colour,connective,corolla,distinct,elliptic-oblong,elongating,enlarged,filament,flat,fleshy,forked,form,fruit,fruiting,fully,growth,hermaphroditic,heteromorphism,inflated,inflorescence,insertion,interjected,interpetalar,leaf,leaflet,leathery,length,lilac,lower,margin,marking,mature,membranous,modification,monochasial,multicellular,needle-like,none,odour,orientation,ovoid,paired,pattern,pedicel,petiole,pink,placement,pore,position,present,prickle,pseudostipule,purple,radially,rhizome,rotate,scale,shape,simple-entire,simple-lobed,smell,spot,staman,stellate,stem,stone,structure,surface,swollen,symmetric,symmetry,sympodial,system,texture,tissue,trichome,tuber,type,unbranched,unit,vegetative,winged,xylopodia,zygomorphy
91	wfo-0001026858	invalid_json_followup	NA	40	NA	35	113	79	anther,apex,base,branch,calyx,cell,colour,cordate,corolla,distal,filament,form,fruit,fruiting,green,growth,inflorescence,interjected,leaf,leaflet,length,margin,mm,monochasial,pedicel,petiole,prickle,pseudostipule,shape,stem,surface,terminal,texture,type,yellow	0-2,0.5,0.8,0.8-1,1-10,1-11.5,1-4,1-5,1.3-1.5,1.5-4,2-2.5,2-4,3-4,3-5-15-30,4.5-10.5,6-10,6-18,6-7,\u201chair-like\u201d,abaxially,acumen,acute,adaxially,apical,apically,arrangement,articulate,bark,branched,bud,characteristic,cm,connate,corrugation,covering,cuneate,cyme,dehiscent,diameter,dichasial,dichasially,drying,ebracteate,exceeding,exertion,glabrescent,glabrous,glabrousnes,globose,green-white,height,herbaceous,history,introrse,lateral,life,light,lobe,lobing,long,make,maturing,midpoint,minute,mucilaginous,mucronate,na,new,number,oblique,oblong,obtuse,odd-pinnate,often,ovary,ovate,ovate-lanceolate,ovoid,peduncle,per,perennial,plant,poricidally,primary,proximal,ray,rounded,seed,shiny,short,size,slightly,slit,stamen,stigma,straight,style,testal,thick,thicknes,throughout,triangular,tube,tuber-bearing,value,variation,vein,wall,wet,white-cream,wide,width,¼							1.0,1/2,1/4-1/2,5.0,absent,appressed,articulation,asymmetric,basal,berry,bract,branching,breeding,broad-based,compound-entire,connective,distinct,eglandular,elliptic-oblong,elongating,enlarged,flat,fleshy,fork,forked,fully,hair,herb,hermaphroditic,heteromorphism,inflated,insertion,internodal,interpetalar,leathery,lower,marking,mature,membranous,modification,multi-branched,multicellular,needle-like,none,odour,orientation,paired,pattern,placement,plurifoliate,pore,position,present,present-pair,radially,rhizome,round,scale,simple,smell,spot,staman,stellate,stone,structure,swollen,symmetric,symmetry,sympodial,system,tissue,trichome,truncate,tuber,unit,vegetative,white,xylopodia,zygomorphy	35.0	113.0	79.0	anther,apex,base,branch,calyx,cell,colour,cordate,corolla,distal,filament,form,fruit,fruiting,green,growth,inflorescence,interjected,leaf,leaflet,length,margin,mm,monochasial,pedicel,petiole,prickle,pseudostipule,shape,stem,surface,terminal,texture,type,yellow	0-2,0.5,0.8,0.8-1,1-10,1-11.5,1-4,1-5,1.3-1.5,1.5-4,2-2.5,2-4,3-4,3-5-15-30,4.5-10.5,6-10,6-18,6-7,\u201chair-like\u201d,abaxially,acumen,acute,adaxially,apical,apically,arrangement,articulate,bark,branched,bud,characteristic,cm,connate,corrugation,covering,cuneate,cyme,dehiscent,diameter,dichasial,dichasially,drying,ebracteate,exceeding,exertion,glabrescent,glabrous,glabrousnes,globose,green-white,height,herbaceous,history,introrse,lateral,life,light,lobe,lobing,long,make,maturing,midpoint,minute,mucilaginous,mucronate,na,new,number,oblique,oblong,obtuse,odd-pinnate,often,ovary,ovate,ovate-lanceolate,ovoid,peduncle,per,perennial,plant,poricidally,primary,proximal,ray,rounded,seed,shiny,short,size,slightly,slit,stamen,stigma,straight,style,testal,thick,thicknes,throughout,triangular,tube,tuber-bearing,value,variation,vein,wall,wet,white-cream,wide,width,¼	1.0,1/2,1/4-1/2,5.0,absent,appressed,articulation,asymmetric,basal,berry,bract,branching,breeding,broad-based,compound-entire,connective,distinct,eglandular,elliptic-oblong,elongating,enlarged,flat,fleshy,fork,forked,fully,hair,herb,hermaphroditic,heteromorphism,inflated,insertion,internodal,interpetalar,leathery,lower,marking,mature,membranous,modification,multi-branched,multicellular,needle-like,none,odour,orientation,paired,pattern,placement,plurifoliate,pore,position,present,present-pair,radially,rhizome,round,scale,simple,smell,spot,staman,stellate,stone,structure,swollen,symmetric,symmetry,sympodial,system,tissue,trichome,truncate,tuber,unit,vegetative,white,xylopodia,zygomorphy
92	wfo-0001026895	invalid_json_followup	NA	38	NA	38	121	66	anther,apex,base,berry,calyx,colour,corolla,dendritic,filament,form,fruit,fruiting,geminate,green,growth,inflorescence,interjected,internodal,leaf,leaflet,length,margin,mm,pedicel,petiole,pore,prickle,pseudostipule,shape,shrub,simple,stem,surface,swollen,texture,trichome,type,white	0-0.5,0.5-1,0.5-1.2,0.5-1.5,0.5-2,0.8-1,1-1.5,1-5,1.4-2.1,2-2.3,2-2.5,2-3,2.5-3.2,2/3,3-12,4.5-5,5-6,5-8-flowered,abaxial,acute,apically,appearing,arrangement,attenuate,bark,borne,branch,broadly,brown,bud,capitate,characteristic,cm,conical,contracted,corrugation,dark,deflexed,dia,diameter,distal,drying,ellipsoid,elliptic,erect,exertion,filiform,flattened,glabrate,glabrous,glabrousnes,globose,height,history,incrassate,lamina,lateral,life,like,lobed,lobing,long,long-exserted,main,midpoint,minute,minutely,mustard,na,narrowly,new,number,obovate,often,ovary,pair,pale,papillose,peduncle,per,pitted,plant,pointed,poricidal,primary,pubescent,ray,reddish,reddish-brown,reniform,scattered,seed,shaped,shoot,short,shrublet,side,size,small,somewhat,soon,sparsely,stigma,style,swollen-based,tan,tear-drop,terminal,thicknes,tip,toothed,tube,uniseriate,value,variation,vein,way,width,x,yellow,young							0.0-0.5,4.5-5.0,absent,appressed,articulation,basal,bract,branched,branching,breeding,broad-based,cell,connective,cuneate,difoliate,discrete,distinct,eglandular,elliptic-oblong,enlarged,flat,hair,hard,heteromorphism,inflated,insertion,interpetalar,lower,marking,mature,membranous,modification,monochasial,multicellular,needle-like,non-geminate,none,odour,orientation,paired,pattern,placement,position,present,radially,rhizome,round,scale,simple-entire,smell,spot,staman,stellate,stone,structure,symmetric,symmetry,sympodial,system,tissue,tuber,unbranched,unit,vegetative,xylopodia,zygomorphy	38.0	121.0	66.0	anther,apex,base,berry,calyx,colour,corolla,dendritic,filament,form,fruit,fruiting,geminate,green,growth,inflorescence,interjected,internodal,leaf,leaflet,length,margin,mm,pedicel,petiole,pore,prickle,pseudostipule,shape,shrub,simple,stem,surface,swollen,texture,trichome,type,white	0-0.5,0.5-1,0.5-1.2,0.5-1.5,0.5-2,0.8-1,1-1.5,1-5,1.4-2.1,2-2.3,2-2.5,2-3,2.5-3.2,2/3,3-12,4.5-5,5-6,5-8-flowered,abaxial,acute,apically,appearing,arrangement,attenuate,bark,borne,branch,broadly,brown,bud,capitate,characteristic,cm,conical,contracted,corrugation,dark,deflexed,dia,diameter,distal,drying,ellipsoid,elliptic,erect,exertion,filiform,flattened,glabrate,glabrous,glabrousnes,globose,height,history,incrassate,lamina,lateral,life,like,lobed,lobing,long,long-exserted,main,midpoint,minute,minutely,mustard,na,narrowly,new,number,obovate,often,ovary,pair,pale,papillose,peduncle,per,pitted,plant,pointed,poricidal,primary,pubescent,ray,reddish,reddish-brown,reniform,scattered,seed,shaped,shoot,short,shrublet,side,size,small,somewhat,soon,sparsely,stigma,style,swollen-based,tan,tear-drop,terminal,thicknes,tip,toothed,tube,uniseriate,value,variation,vein,way,width,x,yellow,young	0.0-0.5,4.5-5.0,absent,appressed,articulation,basal,bract,branched,branching,breeding,broad-based,cell,connective,cuneate,difoliate,discrete,distinct,eglandular,elliptic-oblong,enlarged,flat,hair,hard,heteromorphism,inflated,insertion,interpetalar,lower,marking,mature,membranous,modification,monochasial,multicellular,needle-like,non-geminate,none,odour,orientation,paired,pattern,placement,position,present,radially,rhizome,round,scale,simple-entire,smell,spot,staman,stellate,stone,structure,symmetric,symmetry,sympodial,system,tissue,tuber,unbranched,unit,vegetative,xylopodia,zygomorphy
93	wfo-0001026905	invalid_json_followup	NA	42	NA	38	112	81	2.5-3.5,acute,anther,apex,base,berry,calyx,cell,colour,corolla,filament,form,fruit,fruiting,growth,inflorescence,leaf,leaflet,length,lower,margin,marking,mm,orange,pedicel,petiole,prickle,pseudostipule,red,rounded,shape,shrub,stellate,stem,surface,texture,type,white	.5,0-2,0-25,0.2-0.5,0.4-0.9,0.4-1,0.5-0.7,0.5-1.5,0.6-0.7,0.7-1.4,0.75-1.1,0.9-1.3,1-2.5,1-20,1-3.7,1-6,1.9-2.5,1/2-3/4,2.5-2.9,2/3-3/4,3-5,3-8,5-6,alternate,apart,arrangement,articulated,attenuate,bark,branch,branched,brown,bud,characteristic,chartaceous,cm,cream,curved,dark,densely,diameter,distal,dull,erect,exertion,flattened-reniform,glabrousnes,gray-green,green,height,history,lateral,life,lobe,lobed,lobing,long,maturity,mauve,midpoint,moderately,na,new,number,oblong,orange-brown,outline,ovary,ovate,pair,pale,peduncle,per,perennial,pit,plant,poricidal,prickly,primary,raised,ray,seed,shallowly,size,small,smooth,sometimes,spaced,sparsely,spherical,stellate-pubescent,stigma,straight,style,tapering,terete,terminal,thicknes,tip,tube,unarmed,usually,value,variation,vein,way,weakly,wide,width,yellow,yellow-green,young							0.2,absent,absent-inflorescence,absent-leaf,absent-stem,acicular,appressed,articulation,asymmetric,basal,blue,bract,branching,breeding,broad-based,connective,dichasial,difoliate,discrete,distinct,eglandular,enlarged,flat,fleshy,fully,hair,hermaphroditic,heteromorphism,inflated,insertion,interjected,internodal,interpetalar,leathery,lilac,mature,membranous,modification,needle-like,non-geminate,none,odour,orientation,paired,pattern,pink,placement,pore,position,present,present-inflorescence,present-leaf,present-stem,purple,radially,random,rhizome,round,scale,simple-entire,simple-toothed,smell,spot,spreading,staman,stone,structure,swollen,symmetric,symmetry,sympodial,system,tapered-lanceolate,tissue,trichome,tuber,unbranched,unit,vegetative,xylopodia,zygomorphy	38.0	112.0	81.0	2.5-3.5,acute,anther,apex,base,berry,calyx,cell,colour,corolla,filament,form,fruit,fruiting,growth,inflorescence,leaf,leaflet,length,lower,margin,marking,mm,orange,pedicel,petiole,prickle,pseudostipule,red,rounded,shape,shrub,stellate,stem,surface,texture,type,white	.5,0-2,0-25,0.2-0.5,0.4-0.9,0.4-1,0.5-0.7,0.5-1.5,0.6-0.7,0.7-1.4,0.75-1.1,0.9-1.3,1-2.5,1-20,1-3.7,1-6,1.9-2.5,1/2-3/4,2.5-2.9,2/3-3/4,3-5,3-8,5-6,alternate,apart,arrangement,articulated,attenuate,bark,branch,branched,brown,bud,characteristic,chartaceous,cm,cream,curved,dark,densely,diameter,distal,dull,erect,exertion,flattened-reniform,glabrousnes,gray-green,green,height,history,lateral,life,lobe,lobed,lobing,long,maturity,mauve,midpoint,moderately,na,new,number,oblong,orange-brown,outline,ovary,ovate,pair,pale,peduncle,per,perennial,pit,plant,poricidal,prickly,primary,raised,ray,seed,shallowly,size,small,smooth,sometimes,spaced,sparsely,spherical,stellate-pubescent,stigma,straight,style,tapering,terete,terminal,thicknes,tip,tube,unarmed,usually,value,variation,vein,way,weakly,wide,width,yellow,yellow-green,young	0.2,absent,absent-inflorescence,absent-leaf,absent-stem,acicular,appressed,articulation,asymmetric,basal,blue,bract,branching,breeding,broad-based,connective,dichasial,difoliate,discrete,distinct,eglandular,enlarged,flat,fleshy,fully,hair,hermaphroditic,heteromorphism,inflated,insertion,interjected,internodal,interpetalar,leathery,lilac,mature,membranous,modification,needle-like,non-geminate,none,odour,orientation,paired,pattern,pink,placement,pore,position,present,present-inflorescence,present-leaf,present-stem,purple,radially,random,rhizome,round,scale,simple-entire,simple-toothed,smell,spot,spreading,staman,stone,structure,swollen,symmetric,symmetry,sympodial,system,tapered-lanceolate,tissue,trichome,tuber,unbranched,unit,vegetative,xylopodia,zygomorphy
94	wfo-0001026923	invalid_json_followup	NA	39	NA	41	102	71	anther,apex,base,black,calyx,colour,corolla,cuneate,filament,forked,form,fruit,fruiting,growth,hair,inflorescence,interjected,leaf,leaflet,length,margin,mm,orange,pedicel,petiole,prickle,pseudostipule,purple,red,rounded,scale,shape,shrub,stellate,stem,surface,texture,tree,trichome,type,white	.5,0.25-0.5,0.5-1,0.6-0.8,0.8-1,1,1-1.5,1-7,1.5-2,2,2-2.5,2-6,20-50,3-4,3-5,4-18,5-10,5-15,abaxially,acuminate,acute,adaxially,arrangement,articulated,bark,branch,branched,brown,bud,capitate,characteristic,chartaceous,cm,connivent,corrugation,curved,deltate,densely,diameter,distal,drying,elliptic,elliptic-ovate,entire,erect,exertion,flattened,flower,glabrescent,glabrous,glabrousnes,globose,green,height,history,intermediate,lanceolate,lateral,life,light,like,lob,lobe,lobing,long,midpoint,na,new,number,oblong,ovary,peduncle,peltate,per,plant,possibly,primary,pubescent,ray,ripening,rugulose,seed,sessile,simple,size,small,sparsely,stigma,straight,strongly,style,terminal,thicknes,tip,tube,value,variation,vein,width,x,yellow,yellowish							0.5,2.0,absent,appressed,articulation,basal,berry,blue,bract,branching,breeding,broad-based,cell,connective,difoliate,distinct,eglandular,elliptic-oblong,elongating,enlarged,flat,fleshy,fully,geminate,glandular,hermaphroditic,heteromorphism,inflated,insertion,interpetalar,leaf-opposed,leathery,lepidote,lilac,lower,marking,mature,membranous,modification,multi-branched,needle-like,none,odour,orientation,paired,pattern,pink,placement,plurifoliate,pore,position,present,radially,rhizome,round,simple-entire,smell,spot,staman,stone,structure,symmetric,symmetry,sympodial,system,tissue,tuber,unit,vegetative,xylopodia,zygomorphy	41.0	102.0	71.0	anther,apex,base,black,calyx,colour,corolla,cuneate,filament,forked,form,fruit,fruiting,growth,hair,inflorescence,interjected,leaf,leaflet,length,margin,mm,orange,pedicel,petiole,prickle,pseudostipule,purple,red,rounded,scale,shape,shrub,stellate,stem,surface,texture,tree,trichome,type,white	.5,0.25-0.5,0.5-1,0.6-0.8,0.8-1,1,1-1.5,1-7,1.5-2,2,2-2.5,2-6,20-50,3-4,3-5,4-18,5-10,5-15,abaxially,acuminate,acute,adaxially,arrangement,articulated,bark,branch,branched,brown,bud,capitate,characteristic,chartaceous,cm,connivent,corrugation,curved,deltate,densely,diameter,distal,drying,elliptic,elliptic-ovate,entire,erect,exertion,flattened,flower,glabrescent,glabrous,glabrousnes,globose,green,height,history,intermediate,lanceolate,lateral,life,light,like,lob,lobe,lobing,long,midpoint,na,new,number,oblong,ovary,peduncle,peltate,per,plant,possibly,primary,pubescent,ray,ripening,rugulose,seed,sessile,simple,size,small,sparsely,stigma,straight,strongly,style,terminal,thicknes,tip,tube,value,variation,vein,width,x,yellow,yellowish	0.5,2.0,absent,appressed,articulation,basal,berry,blue,bract,branching,breeding,broad-based,cell,connective,difoliate,distinct,eglandular,elliptic-oblong,elongating,enlarged,flat,fleshy,fully,geminate,glandular,hermaphroditic,heteromorphism,inflated,insertion,interpetalar,leaf-opposed,leathery,lepidote,lilac,lower,marking,mature,membranous,modification,multi-branched,needle-like,none,odour,orientation,paired,pattern,pink,placement,plurifoliate,pore,position,present,radially,rhizome,round,simple-entire,smell,spot,staman,stone,structure,symmetric,symmetry,sympodial,system,tissue,tuber,unit,vegetative,xylopodia,zygomorphy
95	wfo-0001026925	success	55	43	7	33	101	84	anther,apex,base,berry,branch,calyx,colour,corolla,filament,form,fruit,fruiting,growth,inflorescence,leaf,length,lower,margin,marking,membranous,mm,pedicel,petiole,prickle,shape,shrub,stem,surface,terminal,texture,type,white,yellow	.5,0-7,0.5-1.5,0.9-1.8,00-200,1-1.3,1-1.4,1-25,1-3.5,1.5-2,1.5-4.5,1.8-2,1/3,1/3-1/2,2.4-2.6,2.4-3,2/3,3-20,3-7,4-14,4-5,4-7,6-17,acute,apart,apparently,appearance,arrangement,attenuate,bark,border,brown,bud,characteristic,chartaceous,cm,concolorous,connivent,corrugation,cream,dark,deltate,diameter,drying,elliptic,erect,exertion,flattened,flattened-reniform,giving,glabrescent,glabrous,glabrousnes,green,green-brown,height,history,lateral,life,lobe,lobed,lobing,long,maturity,mauve,moderately,na,narrow-deltate,new,number,orange-brown,ovary,ovate,pair,pale,peduncle,pendent,per,perennial,plant,poricidal,prickly,primary,red-brown,seed,size,spaced,spherical,stellate-pubescent,stigma,style,tapering,tip,tube,upper,vein,way,wide,width,yellow-orange,young							1.0-1.3,6.0-8.0,absent,absent-leaf,acicular,andromonoecious,appressed,articulation,basal,blue,bract,branching,breeding,broad-based,cell,connective,dichasial,discrete,distinct,eglandular,enlarged,flat,fleshy,fork,forked,hair,heteromorphism,inflated,insertion,interjected,internodal,interpetalar,leaflet,leathery,lilac,mature,modification,needle-like,none,odour,orientation,paired,pattern,pink,placement,plurifoliate,pore,position,present,present-inflorescence,present-leaf,present-stem,pseudostipule,purple,radially,recurved,rhizome,round,rounded,scale,simple-lobed,smell,spot,staman,stellate,stone,straight,structure,swollen,symmetric,symmetry,sympodial,system,tapered-lanceolate,tissue,triangular,trichome,truncate,tuber,unbranched,unit,vegetative,xylopodia,zygomorphy	11.0	72.0	106.0	base,berry,lower,marking,membranous,mm,prickle,shrub,terminal,white,yellow	.5,0-7,0.5-1.5,0.9-1.8,00-200,1-1.3,1-1.4,1-25,1-3.5,1.5-2,1.5-4.5,1.8-2,1/3,1/3-1/2,2.4-2.6,2.4-3,2/3,3-20,3-7,4-14,4-5,4-7,6-17,acute,apart,apparently,attenuate,brown,chartaceous,cm,concolorous,connivent,cream,dark,deltate,diameter,elliptic,erect,flattened,flattened-reniform,glabrescent,glabrous,green,green-brown,lateral,lobed,long,maturity,mauve,moderately,na,narrow-deltate,orange-brown,ovate,pair,pale,pendent,per,perennial,poricidal,prickly,red-brown,spaced,spherical,stellate-pubescent,tapering,tip,upper,way,wide,yellow-orange,young	1.0-1.3,6.0-8.0,absent,absent-leaf,acicular,andromonoecious,anther,apex,appressed,articulation,basal,blue,bract,branch,branching,breeding,broad-based,calyx,cell,colour,connective,corolla,dichasial,discrete,distinct,eglandular,enlarged,filament,flat,fleshy,fork,forked,form,fruit,fruiting,growth,hair,heteromorphism,inflated,inflorescence,insertion,interjected,internodal,interpetalar,leaf,leaflet,leathery,length,lilac,margin,mature,modification,needle-like,none,odour,orientation,paired,pattern,pedicel,petiole,pink,placement,plurifoliate,pore,position,present,present-inflorescence,present-leaf,present-stem,pseudostipule,purple,radially,recurved,rhizome,round,rounded,scale,shape,simple-lobed,smell,spot,staman,stellate,stem,stone,straight,structure,surface,swollen,symmetric,symmetry,sympodial,system,tapered-lanceolate,texture,tissue,triangular,trichome,truncate,tuber,type,unbranched,unit,vegetative,xylopodia,zygomorphy
96	wfo-0001026946	invalid_json_followup	NA	40	NA	43	109	74	acute,anther,apex,base,berry,branch,calyx,cell,colour,corolla,distal,filament,forked,form,fruit,fruiting,green,growth,hair,herb,inflorescence,interjected,leaf,leaflet,length,margin,membranous,mm,ovoid,pedicel,petiole,prickle,pseudostipule,purple,rounded,shape,stem,surface,terminal,texture,truncate,type,white	0-20,0-5,0.5-2,0.9-3.5,0.9-4.3,1-2,1.5-2,1.6-3.7,10-39,12-23,2,2.5-10.5,2.7-9,3-20,4.1-9.4,5-7,6-24,8-15,8-25,\u201chair-like\u201d,acuminate,arrangement,axillary,bark,brownish,bud,capitate,characteristic,chartaceous,clavate,cm,condition,connivent,corrugation,covering,creamy,densely,diameter,dot,drying,elliptic,erect,exertion,flower,fresh,generally,glabrous,glabrousnes,globose,green-white,greenish,half,height,history,lanceolate,lateral,life,like,lobe,lobing,long,make,midpoint,mottled,mucilaginous,na,new,number,oblique,odd-pinnate,often,ovary,ovate,peduncle,per,plant,primary,pubescent,pure,ray,ripe,scattered,seed,short,short-pubescent,size,slightly,stigma,streak,style,subtending,testal,thick,thicknes,throughout,tube,typically,unwinged,usually,value,variation,vein,wall,wet,whitish,width,wing,x,yellow-white							1.0-2.0,1/2,5.0-7.0,absent,appressed,articulation,asymmetric,black,bract,branching,breeding,broad-based,compound-entire,connective,cuneate,distinct,eglandular,elliptic-oblong,elongating,enlarged,flat,fleshy,fork,fully,hermaphroditic,heteromorphism,inflated,insertion,interpetalar,leathery,lower,marking,mature,modification,monochasial,multicellular,needle-like,none,odour,orientation,paired,pattern,placement,plurifoliate,pore,position,present,present-pair,radially,rhizome,rotate,round,scale,simple,smell,spot,staman,stellate,stone,structure,swollen,symmetric,symmetry,sympodial,system,tissue,trichome,trifoliate,tuber,unit,vegetative,xylopodia,yellow,zygomorphy	43.0	109.0	74.0	acute,anther,apex,base,berry,branch,calyx,cell,colour,corolla,distal,filament,forked,form,fruit,fruiting,green,growth,hair,herb,inflorescence,interjected,leaf,leaflet,length,margin,membranous,mm,ovoid,pedicel,petiole,prickle,pseudostipule,purple,rounded,shape,stem,surface,terminal,texture,truncate,type,white	0-20,0-5,0.5-2,0.9-3.5,0.9-4.3,1-2,1.5-2,1.6-3.7,10-39,12-23,2,2.5-10.5,2.7-9,3-20,4.1-9.4,5-7,6-24,8-15,8-25,\u201chair-like\u201d,acuminate,arrangement,axillary,bark,brownish,bud,capitate,characteristic,chartaceous,clavate,cm,condition,connivent,corrugation,covering,creamy,densely,diameter,dot,drying,elliptic,erect,exertion,flower,fresh,generally,glabrous,glabrousnes,globose,green-white,greenish,half,height,history,lanceolate,lateral,life,like,lobe,lobing,long,make,midpoint,mottled,mucilaginous,na,new,number,oblique,odd-pinnate,often,ovary,ovate,peduncle,per,plant,primary,pubescent,pure,ray,ripe,scattered,seed,short,short-pubescent,size,slightly,stigma,streak,style,subtending,testal,thick,thicknes,throughout,tube,typically,unwinged,usually,value,variation,vein,wall,wet,whitish,width,wing,x,yellow-white	1.0-2.0,1/2,5.0-7.0,absent,appressed,articulation,asymmetric,black,bract,branching,breeding,broad-based,compound-entire,connective,cuneate,distinct,eglandular,elliptic-oblong,elongating,enlarged,flat,fleshy,fork,fully,hermaphroditic,heteromorphism,inflated,insertion,interpetalar,leathery,lower,marking,mature,modification,monochasial,multicellular,needle-like,none,odour,orientation,paired,pattern,placement,plurifoliate,pore,position,present,present-pair,radially,rhizome,rotate,round,scale,simple,smell,spot,staman,stellate,stone,structure,swollen,symmetric,symmetry,sympodial,system,tissue,trichome,trifoliate,tuber,unit,vegetative,xylopodia,yellow,zygomorphy
97	wfo-0001026962	success	51	37	6	35	98	76	acute,anther,apex,base,branch,calyx,colour,corolla,filament,form,fruit,fruiting,green,growth,inflorescence,interjected,leaf,leaflet,length,margin,pedicel,petiole,prickle,pseudostipule,shape,shrub,simple,stem,surface,terminal,texture,tree,type,unbranched,white	.05,0.3-0.7,0.8-1,1,1-1.2,1-1.5,1-2,1-3,1-6,1.5-17,1.5-2,10-12,10-20,15-22,2-2.5,2-6,2/3-3/4,3-3.5,4-5,6-7,9-12,appearance,arrangement,bark,border,broadly,bud,capitate,cayx,characteristic,chartaceous,cm,corrugation,deltate,densely,diameter,distal,drying,elliptic,entire,evenly,exerted,exertion,flattened-reniform,flower,giving,glabrous,glabrousnes,globose,height,history,lateral,life,lobe,lobing,midpoint,minutely,mm,na,narrowly,new,number,obconic,oblong,ovary,pair,pale,peduncle,per,perennial,pitted,plant,primary,pubescent,purplish,ray,rounded,seed,size,small,sometimes,soon,stigma,style,tapering,thicknes,tinged,tip,triangular,tube,variation,vein,way,width,woody,x,yellow,yellowish							absent,appressed,articulation,basal,berry,blue,bract,branching,breeding,broad-based,cell,connective,difoliate,distinct,eglandular,elliptic-oblong,elongating,enlarged,flat,fleshy,fork,fully,geminate,hair,hermaphroditic,heteromorphism,inflated,insertion,internodal,interpetalar,leaf-opposed,leathery,lilac,lower,marking,mature,membranous,modification,monochasial,multicellular,needle-like,none,odour,orientation,paired,pattern,pink,placement,pore,position,present,purple,radially,rhizome,round,scale,simple-entire,smell,spot,staman,stellate,stone,structure,swollen,symmetric,symmetry,sympodial,system,tissue,trichome,tuber,unifoliate,unit,vegetative,xylopodia,zygomorphy	8.0	61.0	103.0	acute,base,green,shrub,simple,tree,unbranched,white	.05,0.3-0.7,0.8-1,1,1-1.2,1-1.5,1-2,1-3,1-6,1.5-17,1.5-2,10-12,10-20,15-22,2-2.5,2-6,2/3-3/4,3-3.5,4-5,6-7,9-12,broadly,capitate,chartaceous,cm,deltate,densely,diameter,elliptic,entire,evenly,exerted,flattened-reniform,flower,glabrous,globose,minutely,mm,na,narrowly,obconic,oblong,pair,pale,perennial,pitted,pubescent,purplish,rounded,small,sometimes,soon,tapering,tinged,tip,triangular,way,woody,x,yellow,yellowish	absent,anther,apex,appressed,articulation,basal,berry,blue,bract,branch,branching,breeding,broad-based,calyx,cell,colour,connective,corolla,difoliate,distinct,eglandular,elliptic-oblong,elongating,enlarged,filament,flat,fleshy,fork,form,fruit,fruiting,fully,geminate,growth,hair,hermaphroditic,heteromorphism,inflated,inflorescence,insertion,interjected,internodal,interpetalar,leaf,leaf-opposed,leaflet,leathery,length,lilac,lower,margin,marking,mature,membranous,modification,monochasial,multicellular,needle-like,none,odour,orientation,paired,pattern,pedicel,petiole,pink,placement,pore,position,present,prickle,pseudostipule,purple,radially,rhizome,round,scale,shape,simple-entire,smell,spot,staman,stellate,stem,stone,structure,surface,swollen,symmetric,symmetry,sympodial,system,terminal,texture,tissue,trichome,tuber,type,unifoliate,unit,vegetative,xylopodia,zygomorphy
98	wfo-0001026964	success	39	40	7	34	70	74	acute,anther,apex,axillary,base,berry,calyx,colour,corolla,filament,fleshy,form,fruit,fruiting,green,growth,herb,inflorescence,leaf,length,margin,mm,pedicel,petiole,purple,shape,simple,small,stem,surface,texture,trichome,type,yellow	.2,.5,0,0.5-1,1-1.2,10,10-30,2-2.5,3-5,7-8,?,acuminate,anthesi,arrangement,attenuate,bark,branch,bud,capitate,characteristic,cm,conical,corrugation,diameter,drying,elliptic,exertion,filiform,glabrous,glabrousnes,globose,greenish,height,history,horizontal,life,lightly,lobed,lobing,long,minutely,na,nearly,new,nodding,number,obovate,ovary,pair,peduncle,per,pinnate,plant,poricidal,primary,pubescent,purplish,reflexed,seed,size,slender,sparsely,stigma,style,tip,tube,uniseriate,vein,winged,x							0.5,1.5,absent,appressed,articulation,basal,blue,bract,branching,breeding,broad-based,cell,compound-entire,connective,distinct,eglandular,elliptic-oblong,elongating,enlarged,flat,fully,hair,hermaphroditic,heteromorphism,inflated,insertion,interjected,interpetalar,leaflet,leathery,lilac,lower,marking,mature,membranous,modification,monochasial,multicellular,needle-like,none,odour,orientation,paired,pattern,pink,placement,pointed,pore,position,prickle,pseudostipule,radially,rhizome,scale,shrub,smell,spot,staman,stellate,stone,structure,swollen,symmetric,symmetry,sympodial,system,tissue,tuber,unbranched,unifoliate,unit,vegetative,xylopodia,zygomorphy	13.0	44.0	95.0	acute,axillary,base,berry,fleshy,green,herb,mm,purple,simple,small,trichome,yellow	.2,.5,0,0.5-1,1-1.2,10,10-30,2-2.5,3-5,7-8,?,acuminate,anthesi,attenuate,capitate,cm,conical,diameter,elliptic,filiform,glabrous,globose,greenish,horizontal,lightly,lobed,long,minutely,na,nearly,nodding,obovate,pair,pinnate,poricidal,pubescent,purplish,reflexed,slender,sparsely,tip,uniseriate,winged,x	0.5,1.5,absent,anther,apex,appressed,articulation,basal,blue,bract,branching,breeding,broad-based,calyx,cell,colour,compound-entire,connective,corolla,distinct,eglandular,elliptic-oblong,elongating,enlarged,filament,flat,form,fruit,fruiting,fully,growth,hair,hermaphroditic,heteromorphism,inflated,inflorescence,insertion,interjected,interpetalar,leaf,leaflet,leathery,length,lilac,lower,margin,marking,mature,membranous,modification,monochasial,multicellular,needle-like,none,odour,orientation,paired,pattern,pedicel,petiole,pink,placement,pointed,pore,position,prickle,pseudostipule,radially,rhizome,scale,shape,shrub,smell,spot,staman,stellate,stem,stone,structure,surface,swollen,symmetric,symmetry,sympodial,system,texture,tissue,tuber,type,unbranched,unifoliate,unit,vegetative,xylopodia,zygomorphy
99	wfo-0001026981	invalid_json_followup	NA	41	NA	35	99	78	anther,apex,asymmetric,base,calyx,colour,corolla,distal,filament,form,fruit,fruiting,growth,herb,inflorescence,interjected,leaf,leaflet,length,margin,mm,orange,pedicel,petiole,present,prickle,pseudostipule,rounded,shape,simple,stem,surface,texture,type,yellow	-2.5,0.3-0.5,0.3.6-0.8,0.4-0.5,0.4-2,0.45-1.3,0.5-0.3,0.5-30-35,0.6-1.4,0.6-2,0.8-1.2,0.8-6,0.9-1.5,1-2,1-3,1-3.3,1-4,1.5-2.0,1.5-8.5,1.8-2.8,1/3,2-3-branched,3.5-14,4,6-10,accrescent,arrangement,articulated,bark,branch,brown,bud,capitate,characteristic,cm,conical,cordate,corrugation,dark,deltate,diameter,drying,entire,exertion,exserted,glabrescent,glabrousnes,globose,green,hair-like,halfway,height,history,imparipinnate,interrupted,irregularly,lateral,life,lime,lobe,lobed,lobing,long,midpoint,minutely,na,narrowly,new,number,obovate,orbicular,outgrowth,ovary,ovate,pale,peduncle,per,perennial,plant,primary,pubescent,ray,seed,size,sometimes,sparsely,stigma,style,terminal,thick,thicknes,tube,usually,value,variation,variously,vein,wide,width							1.0-2.5,1/2,3.0-5.0,absent,appressed,articulation,berry,bract,branching,breeding,broad-based,cell,compound-toothed,connective,dendritic,distinct,eglandular,elongated,elongating,enlarged,flat,fleshy,forked,fully,glandular,hair,hermaphroditic,heteromorphism,inflated,insertion,internodal,interpetalar,leathery,lower,marking,mature,membranous,modification,monochasial,multi-branched,multicellular,needle-like,none,odour,orientation,paired,pattern,placement,pore,position,radially,red,rhizome,rotate,round,scale,smell,spot,staman,stellate,stone,structure,swollen,symmetric,symmetry,sympodial,system,tapered-lanceolate,tissue,trichome,trifoliate,truncate,tuber,unbranched,unit,vegetative,xylopodia,zygomorphy	35.0	99.0	78.0	anther,apex,asymmetric,base,calyx,colour,corolla,distal,filament,form,fruit,fruiting,growth,herb,inflorescence,interjected,leaf,leaflet,length,margin,mm,orange,pedicel,petiole,present,prickle,pseudostipule,rounded,shape,simple,stem,surface,texture,type,yellow	-2.5,0.3-0.5,0.3.6-0.8,0.4-0.5,0.4-2,0.45-1.3,0.5-0.3,0.5-30-35,0.6-1.4,0.6-2,0.8-1.2,0.8-6,0.9-1.5,1-2,1-3,1-3.3,1-4,1.5-2.0,1.5-8.5,1.8-2.8,1/3,2-3-branched,3.5-14,4,6-10,accrescent,arrangement,articulated,bark,branch,brown,bud,capitate,characteristic,cm,conical,cordate,corrugation,dark,deltate,diameter,drying,entire,exertion,exserted,glabrescent,glabrousnes,globose,green,hair-like,halfway,height,history,imparipinnate,interrupted,irregularly,lateral,life,lime,lobe,lobed,lobing,long,midpoint,minutely,na,narrowly,new,number,obovate,orbicular,outgrowth,ovary,ovate,pale,peduncle,per,perennial,plant,primary,pubescent,ray,seed,size,sometimes,sparsely,stigma,style,terminal,thick,thicknes,tube,usually,value,variation,variously,vein,wide,width	1.0-2.5,1/2,3.0-5.0,absent,appressed,articulation,berry,bract,branching,breeding,broad-based,cell,compound-toothed,connective,dendritic,distinct,eglandular,elongated,elongating,enlarged,flat,fleshy,forked,fully,glandular,hair,hermaphroditic,heteromorphism,inflated,insertion,internodal,interpetalar,leathery,lower,marking,mature,membranous,modification,monochasial,multi-branched,multicellular,needle-like,none,odour,orientation,paired,pattern,placement,pore,position,radially,red,rhizome,rotate,round,scale,smell,spot,staman,stellate,stone,structure,swollen,symmetric,symmetry,sympodial,system,tapered-lanceolate,tissue,trichome,trifoliate,truncate,tuber,unbranched,unit,vegetative,xylopodia,zygomorphy
100	wfo-0001026992	invalid_json_followup	NA	39	NA	41	114	69	1.4-1.6,2.8-4.7,acute,anther,apex,base,berry,branch,calyx,colour,corolla,filament,fleshy,form,fruit,fruiting,growth,hair,inflorescence,interjected,leaf,leaflet,length,margin,mm,pedicel,petiole,prickle,pseudostipule,shape,shrub,simple,stellate,stem,surface,terminal,texture,tree,type,white,yellow	0.2-0.5,0.8-3.4,1-4,1.2-1.4,1.2-1.7,1.4-1.9,1.7-2.4,1.7-4.3,10-12,12-33,2-10,2-5.6,2.6-4.6,2.8-4.6,3-4,4-8,5-15,5.3-12.1,6-10,8,abaxially,abruptly,acuminate,adaxially,angled,anthesi,arrangement,attenuate,bark,blunt-tipped,branched,broadly,brown,bud,capitate,cayx,characteristic,cm,corrugation,cylindrical,deltoid,diameter,distal,drying,elliptic,entire,exertion,exserted,flower,glabrous,glabrousnes,globose,granular-tomentose,greenish,grooved,height,history,lance-ovate,lanceolate,lateral,life,lob,lobe,lobing,longitudinally,many,midpoint,midrib,na,new,number,oblong,occasional,orange-tan,ovary,ovate,ovate-lanceolate,peduncle,per,perennial,plant,primary,pubescent,ray,reniform,reticulate-punctate,ripe,scabridulous-,seed,short,side,size,small,sometimes,stigma,style,subcampanulate,subglobose,terete,thicknes,time,tomentose,tube,unarmed,value,variation,vein,velutinous,violet,weakly,whitish,width,x,yellowish							absent,appressed,articulation,basal,blue,bract,branching,breeding,broad-based,cell,connective,dichasial,distinct,eglandular,elliptic-oblong,elongating,enlarged,flat,fork,fully,hermaphroditic,heteromorphism,inflated,insertion,interpetalar,leathery,lilac,lower,marking,mature,membranous,modification,multi-branched,multicellular,needle-like,none,odour,orientation,paired,pattern,pink,placement,plurifoliate,pore,position,present,present-single,purple,radially,rhizome,round,scale,simple-entire,smell,spot,staman,stone,structure,symmetric,symmetry,sympodial,system,tissue,trichome,tuber,unit,vegetative,xylopodia,zygomorphy	41.0	114.0	69.0	1.4-1.6,2.8-4.7,acute,anther,apex,base,berry,branch,calyx,colour,corolla,filament,fleshy,form,fruit,fruiting,growth,hair,inflorescence,interjected,leaf,leaflet,length,margin,mm,pedicel,petiole,prickle,pseudostipule,shape,shrub,simple,stellate,stem,surface,terminal,texture,tree,type,white,yellow	0.2-0.5,0.8-3.4,1-4,1.2-1.4,1.2-1.7,1.4-1.9,1.7-2.4,1.7-4.3,10-12,12-33,2-10,2-5.6,2.6-4.6,2.8-4.6,3-4,4-8,5-15,5.3-12.1,6-10,8,abaxially,abruptly,acuminate,adaxially,angled,anthesi,arrangement,attenuate,bark,blunt-tipped,branched,broadly,brown,bud,capitate,cayx,characteristic,cm,corrugation,cylindrical,deltoid,diameter,distal,drying,elliptic,entire,exertion,exserted,flower,glabrous,glabrousnes,globose,granular-tomentose,greenish,grooved,height,history,lance-ovate,lanceolate,lateral,life,lob,lobe,lobing,longitudinally,many,midpoint,midrib,na,new,number,oblong,occasional,orange-tan,ovary,ovate,ovate-lanceolate,peduncle,per,perennial,plant,primary,pubescent,ray,reniform,reticulate-punctate,ripe,scabridulous-,seed,short,side,size,small,sometimes,stigma,style,subcampanulate,subglobose,terete,thicknes,time,tomentose,tube,unarmed,value,variation,vein,velutinous,violet,weakly,whitish,width,x,yellowish	absent,appressed,articulation,basal,blue,bract,branching,breeding,broad-based,cell,connective,dichasial,distinct,eglandular,elliptic-oblong,elongating,enlarged,flat,fork,fully,hermaphroditic,heteromorphism,inflated,insertion,interpetalar,leathery,lilac,lower,marking,mature,membranous,modification,multi-branched,multicellular,needle-like,none,odour,orientation,paired,pattern,pink,placement,plurifoliate,pore,position,present,present-single,purple,radially,rhizome,round,scale,simple-entire,smell,spot,staman,stone,structure,symmetric,symmetry,sympodial,system,tissue,trichome,tuber,unit,vegetative,xylopodia,zygomorphy
101	wfo-0001026994	success	57	41	9	40	139	81	0.5,anther,apex,base,branch,calyx,cell,colour,corolla,distal,eglandular,filament,form,fruit,fruiting,green,growth,herb,inflorescence,interjected,leaf,leaflet,length,margin,mm,pedicel,petiole,pseudostipule,purple,shape,simple,stem,surface,sympodial,terminal,texture,trichome,type,unit,yellow	-foliate,0.25,0.4-0.5-0.7,0.5-0.7,0.5-0.8,0.5-0.9,0.5-1.3,0.5-2,0.7-2.5,1,1-1.4,1-1.5,1-1.6,1.2-1.6,1.2-3.5,1.4-2.1,10-20,2,2-2.6,2-4,2-5-locular,2.2-3.2,2.5-6.5-10,3,4,4-15,5-13-20,6-20-30,abaxially,acuminate,acute,adpressed,anthesi,appearance,arrangement,articulate,bark,basal,bent,bifurcate,border,branched,bright,broadly,brown,bud,capitate,characteristic,cm,conical,corrugation,crenate,dark,darker,decreasing,decurred,deeply,densely,diameter,drying,elliptic,exertion,exserted,giving,glabrous,glabrousnes,globose,grayish,greenish,hair-like,half,halfway,height,history,imparipinnate,interrupted,irregularly,lanceolate,lateral,less,life,lobe,lobed,lobing,locule,long,markedly,medial,midvein,minutely,na,narrowly,new,number,obovate,often,outgrowth,ovary,pair,peduncle,per,perennial,plant,primary,puberulent,pubescent,rachi,rarely,regularly,ripe,seed,set,shaggy,silky,size,slightly,sometimes,sparsely,stigma,straight,stripe,style,testa,thick,thicknes,tip,toward,tube,unicellular,uniseriate,usually,variation,vein,velvety,wall,white,wide,width,woody							1/2,5.0-8.0,absent,appressed,articulation,asymmetric,berry,black,bract,branching,breeding,broad-based,compound-lobed,compound-toothed,connective,cuneate,dendritic,difoliate,distinct,elongated,elongating,enlarged,flat,fleshy,fork,forked,fully,glandular,hair,hermaphroditic,heteromorphism,inflated,insertion,internodal,interpetalar,leathery,lower,marking,mature,membranous,modification,monochasial,multi-branched,multicellular,needle-like,non-geminate,none,odour,orientation,paired,pattern,pinnatifid,placement,pore,position,present,present-pair,prickle,radially,rhizome,rotate,round,scale,smell,spot,staman,stellate,stone,structure,swollen,symmetric,symmetry,system,tapered-lanceolate,tissue,trifoliate,tuber,unbranched,vegetative,xylopodia,zygomorphy	19.0	111.0	102.0	0.5,apex,base,calyx,cell,distal,eglandular,green,herb,leaflet,margin,mm,purple,simple,surface,sympodial,trichome,unit,yellow	-foliate,0.25,0.4-0.5-0.7,0.5-0.7,0.5-0.8,0.5-0.9,0.5-1.3,0.5-2,0.7-2.5,1,1-1.4,1-1.5,1-1.6,1.2-1.6,1.2-3.5,1.4-2.1,10-20,2,2-2.6,2-4,2-5-locular,2.2-3.2,2.5-6.5-10,3,4,4-15,5-13-20,6-20-30,abaxially,acuminate,acute,adpressed,anthesi,appearance,articulate,basal,bent,bifurcate,branched,bright,broadly,brown,capitate,cm,conical,crenate,dark,darker,decreasing,decurred,deeply,densely,diameter,elliptic,exserted,giving,glabrous,globose,grayish,greenish,hair-like,half,halfway,imparipinnate,interrupted,irregularly,lanceolate,lateral,less,lobe,lobed,locule,long,markedly,medial,midvein,minutely,na,narrowly,obovate,often,outgrowth,pair,perennial,puberulent,pubescent,rachi,rarely,regularly,ripe,set,shaggy,silky,size,slightly,sometimes,sparsely,straight,stripe,testa,thick,tip,toward,unicellular,uniseriate,usually,velvety,wall,white,wide,woody	1/2,5.0-8.0,absent,anther,appressed,articulation,asymmetric,berry,black,bract,branch,branching,breeding,broad-based,colour,compound-lobed,compound-toothed,connective,corolla,cuneate,dendritic,difoliate,distinct,elongated,elongating,enlarged,filament,flat,fleshy,fork,forked,form,fruit,fruiting,fully,glandular,growth,hair,hermaphroditic,heteromorphism,inflated,inflorescence,insertion,interjected,internodal,interpetalar,leaf,leathery,length,lower,marking,mature,membranous,modification,monochasial,multi-branched,multicellular,needle-like,non-geminate,none,odour,orientation,paired,pattern,pedicel,petiole,pinnatifid,placement,pore,position,present,present-pair,prickle,pseudostipule,radially,rhizome,rotate,round,scale,shape,smell,spot,staman,stellate,stem,stone,structure,swollen,symmetric,symmetry,system,tapered-lanceolate,terminal,texture,tissue,trifoliate,tuber,type,unbranched,vegetative,xylopodia,zygomorphy
102	wfo-0001026996	success	42	40	9	39	100	72	anther,apex,base,berry,blue,branch,calyx,cell,colour,coriaceous,corolla,distal,filament,forked,form,fruit,fruiting,green,growth,herb,inflorescence,interjected,leaf,leaflet,length,lilac,margin,mm,pedicel,petiole,prickle,pseudostipule,rounded,shape,stem,surface,terminal,texture,type	0-6,0.6-1,0.9-2.7,1-2,1.2-1.8,1.3-7.7,1.8-4.4,15-28,3-10,3.3-6,3.8-14.1,4-4.4,5-8,6-8,6.9-10.9,8.7-18.6,acumen,acuminate,acute,appearance,arrangement,attenuate,axillary,bark,border,brownish,bud,capitate,cayx,characteristic,clavate,cm,condition,connivent,corrugation,covering,dark,deep,diameter,drying,elliptic,erect,exertion,fresh,generally,giving,glabrous,glabrousnes,globose,green-white,greenish,hair-like,half,height,history,lanceolate,lateral,life,lobe,lobing,long,make,medium,midpoint,mucilaginous,na,new,number,odd-pinnate,ovary,ovate,ovoid,peduncle,per,petiolulate,plant,primary,ray,ripe,seed,size,stigma,stripe,style,subtending,testal,thick,thicknes,throughout,tube,unwinged,usually,variation,vein,wall,wet,white,whitish,width,x							1.0-2.0,1/2,5.0-8.0,absent,appressed,articulation,asymmetric,bract,branching,breeding,broad-based,compound-entire,connective,distinct,elliptic-oblong,elongating,enlarged,flat,fleshy,fork,fully,hair,hermaphroditic,heteromorphism,inflated,insertion,interpetalar,leathery,lower,marking,mature,modification,monochasial,needle-like,none,odour,orientation,paired,pattern,pink,placement,plurifoliate,pore,position,present,present-pair,purple,radially,rhizome,rotate,round,scale,smell,spot,staman,stellate,stone,structure,swollen,symmetric,symmetry,sympodial,system,tissue,trichome,trifoliate,truncate,tuber,unit,vegetative,xylopodia,zygomorphy	12.0	69.0	99.0	berry,blue,cell,coriaceous,distal,forked,green,herb,lilac,mm,rounded,terminal	0-6,0.6-1,0.9-2.7,1-2,1.2-1.8,1.3-7.7,1.8-4.4,15-28,3-10,3.3-6,3.8-14.1,4-4.4,5-8,6-8,6.9-10.9,8.7-18.6,acumen,acuminate,acute,attenuate,axillary,brownish,bud,capitate,clavate,cm,condition,connivent,covering,dark,deep,diameter,drying,elliptic,erect,fresh,generally,glabrous,globose,green-white,greenish,hair-like,half,lanceolate,lateral,long,make,medium,mucilaginous,na,odd-pinnate,ovate,ovoid,petiolulate,plant,ripe,seed,stripe,subtending,testal,thick,throughout,unwinged,usually,wall,wet,white,whitish,x	1.0-2.0,1/2,5.0-8.0,absent,anther,apex,appressed,articulation,asymmetric,base,bract,branch,branching,breeding,broad-based,calyx,colour,compound-entire,connective,corolla,distinct,elliptic-oblong,elongating,enlarged,filament,flat,fleshy,fork,form,fruit,fruiting,fully,growth,hair,hermaphroditic,heteromorphism,inflated,inflorescence,insertion,interjected,interpetalar,leaf,leaflet,leathery,length,lower,margin,marking,mature,modification,monochasial,needle-like,none,odour,orientation,paired,pattern,pedicel,petiole,pink,placement,plurifoliate,pore,position,present,present-pair,prickle,pseudostipule,purple,radially,rhizome,rotate,round,scale,shape,smell,spot,staman,stellate,stem,stone,structure,surface,swollen,symmetric,symmetry,sympodial,system,texture,tissue,trichome,trifoliate,truncate,tuber,type,unit,vegetative,xylopodia,zygomorphy
103	wfo-0001027010	invalid_json_followup	NA	40	NA	39	101	75	anther,apex,base,branch,calyx,colour,coriaceous,corolla,distal,filament,forked,form,fruit,fruiting,green,growth,hair,herb,inflorescence,interjected,leaf,leaflet,length,margin,mm,ovoid,pedicel,petiole,prickle,pseudostipule,purple,shape,spot,stem,surface,terminal,texture,type,white	0-2,0-2.5,0.4-5.1,0.5-1.5,1-10,1-2,1.2-1.7,1.2-1.9,1.4-6.9,10-60,14-46,2-9.4,2.1-15.3,2.1-4.3,2.2-12.9,3-10,3-8,3.5-13.6,4-8,4.4-29,4.9-31,abaxially,acuminate,acute,adaxially,arrangement,attenuate,axillary,bark,brownish,bud,capitate,characteristic,clavate,cm,condition,corrugation,deep,diameter,drying,elliptic,exertion,flower,fresh,generally,glabrescent,glabrous,glabrousnes,green-white,greenish,half,height,history,lanceolate,lateral,life,light,lobe,lobing,long,midpoint,mucilaginous,na,narrow,new,number,odd-pinnate,ovary,ovate,peduncle,per,petiolulate,plant,primary,ray,ripe,rounded,scabrous,seed,sessile,short,size,sometimes,stigma,stripe,style,subtending,thicknes,throughout,tube,usually,value,variation,vein,wet,whitish,wide,width,wing,winged,x							1.0-2.0,1/2,4.0-8.0,absent,appressed,articulation,berry,blue,bract,branching,breeding,broad-based,cell,compound-entire,connective,cuneate,distinct,eglandular,elliptic-oblong,elongating,enlarged,flat,fleshy,fork,fully,hermaphroditic,heteromorphism,inflated,insertion,interpetalar,leathery,lilac,lower,marking,mature,modification,monochasial,multicellular,needle-like,none,odour,orientation,paired,pattern,pink,placement,plurifoliate,pore,position,present,present-pair,radially,rhizome,rotate,round,scale,simple,smell,staman,stellate,stone,structure,swollen,symmetric,symmetry,sympodial,system,tissue,trichome,trifoliate,tuber,unit,vegetative,xylopodia,zygomorphy	39.0	101.0	75.0	anther,apex,base,branch,calyx,colour,coriaceous,corolla,distal,filament,forked,form,fruit,fruiting,green,growth,hair,herb,inflorescence,interjected,leaf,leaflet,length,margin,mm,ovoid,pedicel,petiole,prickle,pseudostipule,purple,shape,spot,stem,surface,terminal,texture,type,white	0-2,0-2.5,0.4-5.1,0.5-1.5,1-10,1-2,1.2-1.7,1.2-1.9,1.4-6.9,10-60,14-46,2-9.4,2.1-15.3,2.1-4.3,2.2-12.9,3-10,3-8,3.5-13.6,4-8,4.4-29,4.9-31,abaxially,acuminate,acute,adaxially,arrangement,attenuate,axillary,bark,brownish,bud,capitate,characteristic,clavate,cm,condition,corrugation,deep,diameter,drying,elliptic,exertion,flower,fresh,generally,glabrescent,glabrous,glabrousnes,green-white,greenish,half,height,history,lanceolate,lateral,life,light,lobe,lobing,long,midpoint,mucilaginous,na,narrow,new,number,odd-pinnate,ovary,ovate,peduncle,per,petiolulate,plant,primary,ray,ripe,rounded,scabrous,seed,sessile,short,size,sometimes,stigma,stripe,style,subtending,thicknes,throughout,tube,usually,value,variation,vein,wet,whitish,wide,width,wing,winged,x	1.0-2.0,1/2,4.0-8.0,absent,appressed,articulation,berry,blue,bract,branching,breeding,broad-based,cell,compound-entire,connective,cuneate,distinct,eglandular,elliptic-oblong,elongating,enlarged,flat,fleshy,fork,fully,hermaphroditic,heteromorphism,inflated,insertion,interpetalar,leathery,lilac,lower,marking,mature,modification,monochasial,multicellular,needle-like,none,odour,orientation,paired,pattern,pink,placement,plurifoliate,pore,position,present,present-pair,radially,rhizome,rotate,round,scale,simple,smell,staman,stellate,stone,structure,swollen,symmetric,symmetry,sympodial,system,tissue,trichome,trifoliate,tuber,unit,vegetative,xylopodia,zygomorphy
104	wfo-0001027019	invalid_json_followup	NA	39	NA	35	100	70	acute,anther,apex,base,berry,branched,calyx,colour,corolla,filament,form,fruit,fruiting,green,growth,inflorescence,interjected,leaf,leaflet,length,margin,mm,pedicel,petiole,prickle,pseudostipule,shape,shrub,stem,surface,texture,tree,trichome,type,white	.5,/4,0-0.5,0.5-1,1-1.5,1.5-2,1.5-3,10,10-40-flowered,12-30,2-3,2-8,4-5,7-14,abaxially,adaxially,along,alternate,apparent,arrangement,attenuate,bark,branch,bud,capitate,characteristic,cm,corrugation,cyathiform,deflexed,densely,dia,diameter,distal,drying,ellipsoid,erect,even,exertion,exserted,flattened,glabrate,glabrous,glabrousnes,globose,golden,height,history,later,lateral,life,like,lobe,lobed,lobing,long,midpoint,midrib,minutely,na,new,number,obovate,older,onto,opposite,ovary,ovoid-reniform,pale,peduncle,per,pitted,plant,primary,pubescent,ray,reddish-brown,seed,shaped,size,small,somewhat,stigma,straight,strongly,style,tan,tear-drop,terminal,thicknes,tube,value,variation,vein,way,width,wing,winged,x,young							0.0-0.5,4.0-5.0,absent,appressed,articulation,basal,bract,branching,breeding,broad-based,cell,connective,cuneate,dendritic,difoliate,discrete,distinct,elliptic-oblong,enlarged,flat,fleshy,forked,geminate,hair,heteromorphism,inflated,insertion,interpetalar,leaf-opposed,leathery,lower,marking,mature,membranous,modification,monochasial,multi-branched,needle-like,none,odour,orientation,paired,pattern,placement,pore,position,present,radially,rhizome,round,scale,simple,simple-entire,smell,spot,staman,stellate,stone,structure,swollen,symmetric,symmetry,sympodial,system,tissue,tuber,unit,vegetative,xylopodia,zygomorphy	35.0	100.0	70.0	acute,anther,apex,base,berry,branched,calyx,colour,corolla,filament,form,fruit,fruiting,green,growth,inflorescence,interjected,leaf,leaflet,length,margin,mm,pedicel,petiole,prickle,pseudostipule,shape,shrub,stem,surface,texture,tree,trichome,type,white	.5,/4,0-0.5,0.5-1,1-1.5,1.5-2,1.5-3,10,10-40-flowered,12-30,2-3,2-8,4-5,7-14,abaxially,adaxially,along,alternate,apparent,arrangement,attenuate,bark,branch,bud,capitate,characteristic,cm,corrugation,cyathiform,deflexed,densely,dia,diameter,distal,drying,ellipsoid,erect,even,exertion,exserted,flattened,glabrate,glabrous,glabrousnes,globose,golden,height,history,later,lateral,life,like,lobe,lobed,lobing,long,midpoint,midrib,minutely,na,new,number,obovate,older,onto,opposite,ovary,ovoid-reniform,pale,peduncle,per,pitted,plant,primary,pubescent,ray,reddish-brown,seed,shaped,size,small,somewhat,stigma,straight,strongly,style,tan,tear-drop,terminal,thicknes,tube,value,variation,vein,way,width,wing,winged,x,young	0.0-0.5,4.0-5.0,absent,appressed,articulation,basal,bract,branching,breeding,broad-based,cell,connective,cuneate,dendritic,difoliate,discrete,distinct,elliptic-oblong,enlarged,flat,fleshy,forked,geminate,hair,heteromorphism,inflated,insertion,interpetalar,leaf-opposed,leathery,lower,marking,mature,membranous,modification,monochasial,multi-branched,needle-like,none,odour,orientation,paired,pattern,placement,pore,position,present,radially,rhizome,round,scale,simple,simple-entire,smell,spot,staman,stellate,stone,structure,swollen,symmetric,symmetry,sympodial,system,tissue,tuber,unit,vegetative,xylopodia,zygomorphy
105	wfo-0001027030	invalid_json_followup	NA	41	NA	41	148	74	acute,anther,apex,base,berry,bract,calyx,cell,colour,corolla,distal,eglandular,filament,form,fruit,fruiting,glandular,green,growth,herb,inflorescence,interjected,leaf,leaflet,length,margin,mm,multicellular,pedicel,petiole,pseudostipule,shape,simple,stem,surface,sympodial,texture,trichome,type,unit,yellow	-15,.5,0-4,0.1-0.7,0.1-0.9,0.2,0.3-0.4-1.5,0.4-0.8,0.5-0.6-1.8,0.5-1,0.5-1-3.4,0.6-0.7,0.6-0.8,0.7-1,0.8-0.9,1,1-1.3,1-2-4-11,1-3,1.2-1.6,1.5-2-4.8,1.6-2,2-6,2-7,2-foliate,2.2-3.2,3-4-celled,3-8,4-celled,5-12,8-celled,abaxial,abaxially,abundant,adpressed,anthesi,appearance,arrangement,articulated,bark,basal,basiscopically,beneath,branch,branched,bright,brown,bud,capitate,characteristic,cm,conical,corrugation,crenate,crenation,dark,darker,decurrent,deeper,deeply,densely,denser,diameter,drying,due,elliptic,entire,evenly,exertion,exserted,flower,giving,glabrousnes,gland,globose,grayish,hair-like,half,halfway,height,history,imparipinnate,internode,interrupted,interspersed,lamina,lateral,less,life,like,lobe,lobing,long,longer,midpoint,minutely,na,narrowly,near,new,node,number,oblique,obovate,occasionally,often,outgrowth,ovary,pale,paler,papillate,peduncle,per,perennial,plant,primary,pubescence,pubescent,robust,seed,sessile,silky,similar,size,soft,sometimes,spread,stigma,style,terminal,testa,thick,thicknes,tiny,truncate,tube,unicellular,uniseriate,value,variation,vein,velvety,wall,white,wide,width,woody,young							0.5,1/2,2-locular,6.0-7.0,absent,appressed,articulation,asymmetric,branching,breeding,broad-based,compound-toothed,connective,cuneate,dendritic,difoliate,distinct,elongated,elongating,enlarged,flat,fleshy,forked,fully,hair,hermaphroditic,heteromorphism,inflated,insertion,internodal,interpetalar,leathery,lower,marking,mature,membranous,modification,monochasial,needle-like,non-geminate,none,odour,orientation,paired,pattern,placement,pore,position,present,present-pair,prickle,radially,rhizome,rotate,round,rounded,scale,smell,spot,staman,stellate,stone,structure,swollen,symmetric,symmetry,system,tapered-lanceolate,tissue,tuber,unbranched,vegetative,xylopodia,zygomorphy	41.0	148.0	74.0	acute,anther,apex,base,berry,bract,calyx,cell,colour,corolla,distal,eglandular,filament,form,fruit,fruiting,glandular,green,growth,herb,inflorescence,interjected,leaf,leaflet,length,margin,mm,multicellular,pedicel,petiole,pseudostipule,shape,simple,stem,surface,sympodial,texture,trichome,type,unit,yellow	-15,.5,0-4,0.1-0.7,0.1-0.9,0.2,0.3-0.4-1.5,0.4-0.8,0.5-0.6-1.8,0.5-1,0.5-1-3.4,0.6-0.7,0.6-0.8,0.7-1,0.8-0.9,1,1-1.3,1-2-4-11,1-3,1.2-1.6,1.5-2-4.8,1.6-2,2-6,2-7,2-foliate,2.2-3.2,3-4-celled,3-8,4-celled,5-12,8-celled,abaxial,abaxially,abundant,adpressed,anthesi,appearance,arrangement,articulated,bark,basal,basiscopically,beneath,branch,branched,bright,brown,bud,capitate,characteristic,cm,conical,corrugation,crenate,crenation,dark,darker,decurrent,deeper,deeply,densely,denser,diameter,drying,due,elliptic,entire,evenly,exertion,exserted,flower,giving,glabrousnes,gland,globose,grayish,hair-like,half,halfway,height,history,imparipinnate,internode,interrupted,interspersed,lamina,lateral,less,life,like,lobe,lobing,long,longer,midpoint,minutely,na,narrowly,near,new,node,number,oblique,obovate,occasionally,often,outgrowth,ovary,pale,paler,papillate,peduncle,per,perennial,plant,primary,pubescence,pubescent,robust,seed,sessile,silky,similar,size,soft,sometimes,spread,stigma,style,terminal,testa,thick,thicknes,tiny,truncate,tube,unicellular,uniseriate,value,variation,vein,velvety,wall,white,wide,width,woody,young	0.5,1/2,2-locular,6.0-7.0,absent,appressed,articulation,asymmetric,branching,breeding,broad-based,compound-toothed,connective,cuneate,dendritic,difoliate,distinct,elongated,elongating,enlarged,flat,fleshy,forked,fully,hair,hermaphroditic,heteromorphism,inflated,insertion,internodal,interpetalar,leathery,lower,marking,mature,membranous,modification,monochasial,needle-like,non-geminate,none,odour,orientation,paired,pattern,placement,pore,position,present,present-pair,prickle,radially,rhizome,rotate,round,rounded,scale,smell,spot,staman,stellate,stone,structure,swollen,symmetric,symmetry,system,tapered-lanceolate,tissue,tuber,unbranched,vegetative,xylopodia,zygomorphy
106	wfo-0001027035	invalid_json_followup	NA	40	NA	40	97	77	acute,anther,apex,base,blue,branch,calyx,cell,colour,corolla,distal,filament,forked,form,fruit,fruiting,green,growth,hair,herb,inflorescence,interjected,leaf,leaflet,length,lilac,margin,mm,ovoid,pedicel,petiole,prickle,pseudostipule,rounded,shape,stem,surface,terminal,texture,type	0-36,0.1-0.9,0.3-2.3,0.4-12.8,0.5-3.4,0.5-7,0.8-4.2,0.9-3.1,1-2,1-3.4,1-8,1.5-5.9,1.7-8,1.8-5.2,10-80,2.8-10.3,3-10,4.9-23.5,\u201chair-like\u201d,acuminate,arrangement,attenuate,axillary,bark,brownish,bud,capitate,cayx,characteristic,clavate,cm,completely,condition,connivent,corrugation,covering,deep,diameter,drying,elliptic,erect,exertion,fresh,generally,glabrescent,glabrous,glabrousnes,globose,greenish,half,height,history,lanceolate,lateral,life,light,lobe,lobing,long,medium,midpoint,na,new,number,odd-pinnate,ovary,ovate,peduncle,per,petiolulate,plant,primary,ray,seed,sessile,short,size,stigma,style,subglabrous,subtending,testal,thick,thicknes,tube,unwinged,usually,value,variable,variation,vein,wall,white,whitish,wide,width,x							1.0-2.0,1/2,3.0-10.0,absent,appressed,articulation,asymmetric,berry,black,bract,branching,breeding,broad-based,compound-entire,connective,distinct,eglandular,ellipsoid,elliptic-oblong,elongating,enlarged,flat,fleshy,fork,fully,hermaphroditic,heteromorphism,inflated,insertion,interpetalar,leathery,lower,marking,mature,membranous,modification,monochasial,multicellular,needle-like,none,odour,orientation,paired,pattern,pink,placement,plurifoliate,pore,position,present,present-pair,purple,radially,rhizome,rotate,round,scale,simple,smell,spot,staman,stellate,stone,structure,swollen,symmetric,symmetry,sympodial,system,tissue,trichome,trifoliate,tuber,unit,vegetative,xylopodia,zygomorphy	40.0	97.0	77.0	acute,anther,apex,base,blue,branch,calyx,cell,colour,corolla,distal,filament,forked,form,fruit,fruiting,green,growth,hair,herb,inflorescence,interjected,leaf,leaflet,length,lilac,margin,mm,ovoid,pedicel,petiole,prickle,pseudostipule,rounded,shape,stem,surface,terminal,texture,type	0-36,0.1-0.9,0.3-2.3,0.4-12.8,0.5-3.4,0.5-7,0.8-4.2,0.9-3.1,1-2,1-3.4,1-8,1.5-5.9,1.7-8,1.8-5.2,10-80,2.8-10.3,3-10,4.9-23.5,\u201chair-like\u201d,acuminate,arrangement,attenuate,axillary,bark,brownish,bud,capitate,cayx,characteristic,clavate,cm,completely,condition,connivent,corrugation,covering,deep,diameter,drying,elliptic,erect,exertion,fresh,generally,glabrescent,glabrous,glabrousnes,globose,greenish,half,height,history,lanceolate,lateral,life,light,lobe,lobing,long,medium,midpoint,na,new,number,odd-pinnate,ovary,ovate,peduncle,per,petiolulate,plant,primary,ray,seed,sessile,short,size,stigma,style,subglabrous,subtending,testal,thick,thicknes,tube,unwinged,usually,value,variable,variation,vein,wall,white,whitish,wide,width,x	1.0-2.0,1/2,3.0-10.0,absent,appressed,articulation,asymmetric,berry,black,bract,branching,breeding,broad-based,compound-entire,connective,distinct,eglandular,ellipsoid,elliptic-oblong,elongating,enlarged,flat,fleshy,fork,fully,hermaphroditic,heteromorphism,inflated,insertion,interpetalar,leathery,lower,marking,mature,membranous,modification,monochasial,multicellular,needle-like,none,odour,orientation,paired,pattern,pink,placement,plurifoliate,pore,position,present,present-pair,purple,radially,rhizome,rotate,round,scale,simple,smell,spot,staman,stellate,stone,structure,swollen,symmetric,symmetry,sympodial,system,tissue,trichome,trifoliate,tuber,unit,vegetative,xylopodia,zygomorphy
107	wfo-0001027050	invalid_json_followup	NA	44	NA	46	125	73	absent,anther,apex,base,berry,broad-based,calyx,colour,corolla,cuneate,filament,form,fruit,fruiting,green,growth,hair,inflorescence,interjected,leaf,leaf-opposed,leaflet,length,margin,mm,pedicel,petiole,present,prickle,pseudostipule,rounded,shape,shrub,stellate,stem,straight,surface,texture,tree,triangular,trichome,truncate,type,unbranched,white,yellow	-12,-9,/3,0-0.2,0.1-0.3,0.3-1.5,0.5-3,0.9-2.1,1-1.5,1-2,1.5-6,10-13.5,2-2.5,2-5,2-8,2.5-3,3-5,4-20,5-7,5-9,8-26,abundant,acuminate,acute,adult,alternate,armed,arrangement,bark,branch,branched,broadly,brown,bud,cal,capitate,characteristic,chartaceous,cm,coarsely,conical,cordate,corrugation,curved,densely,diameter,distal,distally,drying,elliptic,entire,erect,exertion,ferruginous,flattened-reniform,glabrous,glabrousnes,glandular-puberulent,height,history,lanceolate,lateral,life,like,lobe,lobed,lobing,long,markedly,midpoint,minute,minutely,moderately,na,narrowly,near,new,number,numerous,oblique,obtuse,often,ovary,ovate,pale,papillate,peduncle,per,perennial,plant,primary,pubescent,ray,rest,ripe,scattered,seed,several,shallowly,shiny,short-stalked,side,size,small,spherical,stellate-pubescent,stigma,style,terete,terminal,thicker,thicknes,time,toothed,tube,usually,value,variation,vein,way,wide,width,woody,yellowish-green,younger							1.0-2.0,5.0-9.0,absent-inflorescence,absent-leaf,andromonoecious,appressed,articulation,asymmetric,basal,bract,branching,breeding,cell,connective,difoliate,discrete,distinct,eglandular,enlarged,flat,fleshy,forked,geminate,heteromorphism,inflated,insertion,internodal,interpetalar,leathery,lower,marking,mature,membranous,modification,monochasial,multi-branched,needle-like,non-geminate,none,odour,orientation,paired,pattern,placement,pore,position,present-leaf,present-stem,radially,recurved,rhizome,round,scale,simple-entire,simple-lobed,simple-toothed,smell,spot,staman,stone,structure,swollen,symmetric,symmetry,sympodial,system,tapered-lanceolate,tissue,tuber,unit,vegetative,xylopodia,zygomorphy	46.0	125.0	73.0	absent,anther,apex,base,berry,broad-based,calyx,colour,corolla,cuneate,filament,form,fruit,fruiting,green,growth,hair,inflorescence,interjected,leaf,leaf-opposed,leaflet,length,margin,mm,pedicel,petiole,present,prickle,pseudostipule,rounded,shape,shrub,stellate,stem,straight,surface,texture,tree,triangular,trichome,truncate,type,unbranched,white,yellow	-12,-9,/3,0-0.2,0.1-0.3,0.3-1.5,0.5-3,0.9-2.1,1-1.5,1-2,1.5-6,10-13.5,2-2.5,2-5,2-8,2.5-3,3-5,4-20,5-7,5-9,8-26,abundant,acuminate,acute,adult,alternate,armed,arrangement,bark,branch,branched,broadly,brown,bud,cal,capitate,characteristic,chartaceous,cm,coarsely,conical,cordate,corrugation,curved,densely,diameter,distal,distally,drying,elliptic,entire,erect,exertion,ferruginous,flattened-reniform,glabrous,glabrousnes,glandular-puberulent,height,history,lanceolate,lateral,life,like,lobe,lobed,lobing,long,markedly,midpoint,minute,minutely,moderately,na,narrowly,near,new,number,numerous,oblique,obtuse,often,ovary,ovate,pale,papillate,peduncle,per,perennial,plant,primary,pubescent,ray,rest,ripe,scattered,seed,several,shallowly,shiny,short-stalked,side,size,small,spherical,stellate-pubescent,stigma,style,terete,terminal,thicker,thicknes,time,toothed,tube,usually,value,variation,vein,way,wide,width,woody,yellowish-green,younger	1.0-2.0,5.0-9.0,absent-inflorescence,absent-leaf,andromonoecious,appressed,articulation,asymmetric,basal,bract,branching,breeding,cell,connective,difoliate,discrete,distinct,eglandular,enlarged,flat,fleshy,forked,geminate,heteromorphism,inflated,insertion,internodal,interpetalar,leathery,lower,marking,mature,membranous,modification,monochasial,multi-branched,needle-like,non-geminate,none,odour,orientation,paired,pattern,placement,pore,position,present-leaf,present-stem,radially,recurved,rhizome,round,scale,simple-entire,simple-lobed,simple-toothed,smell,spot,staman,stone,structure,swollen,symmetric,symmetry,sympodial,system,tapered-lanceolate,tissue,tuber,unit,vegetative,xylopodia,zygomorphy
108	wfo-0001027050	success	52	44	6	40	98	79	absent,anther,apex,base,broad-based,calyx,colour,corolla,cuneate,filament,forked,form,fruit,fruiting,green,growth,hair,inflorescence,leaf,leaf-opposed,length,margin,mm,pedicel,petiole,present,prickle,rounded,shape,shrub,stem,straight,surface,texture,tree,truncate,type,unbranched,white,yellow	0-0.2,0.5-1,0.5-3,1-1.5,1-2,1.5-6,10-13.5,11-21,14-20,2-10,2-2.5,2-3,2-4,2-5,2-8,2.5-3,3-15,3-5,4-8,5-10,5-9,7-30+,abaxial,abundant,acuminate,acute,adaxial,adult,arrangement,branch,branched,broadly,brown,capitate,characteristic,chartaceous,cm,coarsely,connivent,cordate,curved,densely,diameter,drying,elliptic,entire,extra-axillary,ferruginous,flattened,flower,glabrous,glabrousnes,glandular-puberulent,globose,height,history,lanceolate,life,like,lobed,lobing,long,midpoint,minutely,moderately,new,number,oblique,obtuse,often,ovary,ovate,ovate-lanceolate,pale,peduncle,per,perennial,pitted,plant,porrect,ray,scattered,seed,shallowly,simple,size,small,somewhat,sparsely,stellate-pubescent,stigma,style,toothed,usually,whitish,x,yellowish-green,younger							1.0-2.0,5.0-9.0,absent-inflorescence,absent-leaf,andromonoecious,appressed,articulation,asymmetric,basal,berry,bract,branching,breeding,cell,connective,difoliate,discrete,distinct,eglandular,enlarged,flat,fleshy,geminate,heteromorphism,inflated,insertion,interjected,internodal,interpetalar,leaflet,leathery,lower,marking,mature,membranous,modification,monochasial,multi-branched,needle-like,non-geminate,none,odour,orientation,paired,pattern,placement,pore,position,present-leaf,present-stem,pseudostipule,radially,recurved,rhizome,round,scale,simple-entire,simple-lobed,simple-toothed,smell,spot,staman,stellate,stone,structure,swollen,symmetric,symmetry,sympodial,system,tapered-lanceolate,tissue,triangular,trichome,tuber,unit,vegetative,xylopodia,zygomorphy	20.0	77.0	99.0	absent,broad-based,cuneate,forked,fruit,green,growth,hair,leaf-opposed,mm,present,rounded,shrub,stem,straight,tree,truncate,unbranched,white,yellow	0-0.2,0.5-1,0.5-3,1-1.5,1-2,1.5-6,10-13.5,11-21,14-20,2-10,2-2.5,2-3,2-4,2-5,2-8,2.5-3,3-15,3-5,4-8,5-10,5-9,7-30+,abundant,acuminate,acute,adult,branch,branched,broadly,brown,capitate,chartaceous,cm,coarsely,connivent,cordate,curved,densely,diameter,drying,elliptic,entire,extra-axillary,ferruginous,flattened,flower,glabrous,glandular-puberulent,globose,lanceolate,like,lobed,long,minutely,moderately,oblique,obtuse,often,ovate,ovate-lanceolate,pale,perennial,pitted,porrect,scattered,shallowly,simple,small,somewhat,sparsely,stellate-pubescent,toothed,usually,whitish,x,yellowish-green,younger	1.0-2.0,5.0-9.0,absent-inflorescence,absent-leaf,andromonoecious,anther,apex,appressed,articulation,asymmetric,basal,base,berry,bract,branching,breeding,calyx,cell,colour,connective,corolla,difoliate,discrete,distinct,eglandular,enlarged,filament,flat,fleshy,form,fruiting,geminate,heteromorphism,inflated,inflorescence,insertion,interjected,internodal,interpetalar,leaf,leaflet,leathery,length,lower,margin,marking,mature,membranous,modification,monochasial,multi-branched,needle-like,non-geminate,none,odour,orientation,paired,pattern,pedicel,petiole,placement,pore,position,present-leaf,present-stem,prickle,pseudostipule,radially,recurved,rhizome,round,scale,shape,simple-entire,simple-lobed,simple-toothed,smell,spot,staman,stellate,stone,structure,surface,swollen,symmetric,symmetry,sympodial,system,tapered-lanceolate,texture,tissue,triangular,trichome,tuber,type,unit,vegetative,xylopodia,zygomorphy
109	wfo-0001027091	success	39	45	6	34	111	83	anther,apex,base,berry,blue,brown,calyx,colour,corolla,filament,form,fruit,fruiting,fully,glandular,growth,hair,herb,inflorescence,internodal,leaf,length,margin,mm,pedicel,petiole,pinnatifid,sessile,shape,simple,stem,surface,texture,type	.3,0.7,0.8,1-1.6,1.1-1.6,1/2-2/3,2.3-2.9,2.5-3.5,3-8,3-9,30-60,4-10,5-11,6-10-flowered,8.5-11.5,9-13,acute-tipped,along,alternate,annual,arcuate,armed,arrangement,bark,beneath,blade,branch,branched,bristly,broadly,bud,capitate-glandular,cauline,characteristic,cm,corrugation,dark,deltoid,densely,dia,diameter,dm,drying,exertion,extended,few-rayed,glabrous,glabrousnes,gland,green,height,history,lenticular,life,linear-lanceolate,lobe,lobing,long,longer,low,main,mostly,na,narrowly,near,new,number,obtuse,occasionally,oriented,ovary,ovate,peduncle,per,pinnatisect,plant,prickly,primary,radially,reticulately,ridge,rounded,scattered,seed,short-stipitate,size,slender,sometimes,sparsely,spherical,spreadingly,stellae,stellate-pentagonal,stigma,strait,style,suffused,tapering,terete,terminally,tube,twice,undulate,unexpanded,uniseriate,usually,variously,vein,vestiture,violet,wrinkled							0.8-1.2,6.0-16.0,absent,acicular,appressed,articulation,attenuate,basal,bilaterally,bract,branching,breeding,broad-based,cell,compound-lobed,compound-toothed,connective,discrete,distinct,dry,eglandular,enlarged,flat,hermaphroditic,heteromorphism,inflated,insertion,interjected,interpetalar,leaflet,lilac,lower,marking,mature,membranous,modification,monochasial,multicellular,needle-like,none,odour,orientation,paired,pattern,pink,placement,plurifoliate,pore,position,present,present-inflorescence,present-leaf,present-stem,prickle,pseudostipule,purple,random,rhizome,round,scale,simple-lobed,simple-pinnatifid,smell,spot,spreading,staman,stellate,stone,structure,symmetric,symmetry,sympodial,system,tapered-lanceolate,tissue,trichome,trifoliate,tuber,unbranched,unit,vegetative,xylopodia,zygomorphy	13.0	85.0	104.0	base,berry,blue,brown,fully,glandular,hair,herb,internodal,mm,pinnatifid,sessile,simple	.3,0.7,0.8,1-1.6,1.1-1.6,1/2-2/3,2.3-2.9,2.5-3.5,3-8,3-9,30-60,4-10,5-11,6-10-flowered,8.5-11.5,9-13,acute-tipped,along,alternate,annual,arcuate,armed,beneath,blade,branched,bristly,broadly,capitate-glandular,cauline,cm,dark,deltoid,densely,dia,dm,extended,few-rayed,glabrous,gland,green,lenticular,linear-lanceolate,lobe,long,longer,low,main,mostly,na,narrowly,near,obtuse,occasionally,oriented,ovate,pinnatisect,prickly,radially,reticulately,ridge,rounded,scattered,short-stipitate,slender,sometimes,sparsely,spherical,spreadingly,stellae,stellate-pentagonal,strait,suffused,tapering,terete,terminally,twice,undulate,unexpanded,uniseriate,usually,variously,vein,vestiture,violet,wrinkled	0.8-1.2,6.0-16.0,absent,acicular,anther,apex,appressed,articulation,attenuate,basal,bilaterally,bract,branching,breeding,broad-based,calyx,cell,colour,compound-lobed,compound-toothed,connective,corolla,discrete,distinct,dry,eglandular,enlarged,filament,flat,form,fruit,fruiting,growth,hermaphroditic,heteromorphism,inflated,inflorescence,insertion,interjected,interpetalar,leaf,leaflet,length,lilac,lower,margin,marking,mature,membranous,modification,monochasial,multicellular,needle-like,none,odour,orientation,paired,pattern,pedicel,petiole,pink,placement,plurifoliate,pore,position,present,present-inflorescence,present-leaf,present-stem,prickle,pseudostipule,purple,random,rhizome,round,scale,shape,simple-lobed,simple-pinnatifid,smell,spot,spreading,staman,stellate,stem,stone,structure,surface,symmetric,symmetry,sympodial,system,tapered-lanceolate,texture,tissue,trichome,trifoliate,tuber,type,unbranched,unit,vegetative,xylopodia,zygomorphy
110	wfo-0001027102	invalid_json_followup	NA	39	NA	35	104	72	absent,anther,apex,base,calyx,colour,corolla,cuneate,filament,form,fruit,fruiting,growth,inflorescence,interjected,leaf,leaf-opposed,leaflet,length,margin,mm,orange,pedicel,petiole,prickle,pseudostipule,shape,shrub,simple,stem,surface,texture,type,unbranched,white	.5,0.2-2,0.5,0.5-1,0.5-2,0.5-3,1-1.5,1-2,1-2.5,1.5-2,10-20,15,15-35,2-2.5,3,3-12,3-4,3-5,4-5,<,abaxially,acuman,acuminate,acute,adaxially,almost,arrangement,bark,branch,broadly,bud,characteristic,ciliate,cm,connivent,corrugation,curved,cylindrical,deltate,densely,diameter,distal,drying,elliptic,entire,exertion,few-,flattened,flower,forked,glabrous,glabrousnes,globose,green,height,history,lanceolate,lateral,life,lobe,lobing,long-tapered,midpoint,moderately,na,narrowly,new,number,oblong,obtuse,ovary,ovate,peduncle,per,perennial,plant,primary,pubescent,rarely,ray,ripe,rugulose,seed,size,slender,small,somewhat,sparsely,stigma,straight,style,terminal,thicknes,tip,triangular,truncate,tube,value,variation,vein,wide,width,x,yellow-brown							0.5-1.0,3.0-4.0,appressed,articulation,attenuate,basal,berry,bract,branching,breeding,broad-based,cell,connective,difoliate,discrete,distinct,eglandular,elliptic-oblong,elongating,enlarged,flat,fleshy,fully,geminate,hair,hermaphroditic,heteromorphism,inflated,insertion,interpetalar,leathery,lower,marking,mature,membranous,modification,monochasial,multicellular,needle-like,none,odour,orientation,paired,pattern,placement,pore,position,present,radially,red,rhizome,round,scale,simple-entire,smell,spot,staman,stellate,stone,structure,swollen,symmetric,symmetry,sympodial,system,tissue,trichome,tuber,unit,vegetative,xylopodia,zygomorphy	35.0	104.0	72.0	absent,anther,apex,base,calyx,colour,corolla,cuneate,filament,form,fruit,fruiting,growth,inflorescence,interjected,leaf,leaf-opposed,leaflet,length,margin,mm,orange,pedicel,petiole,prickle,pseudostipule,shape,shrub,simple,stem,surface,texture,type,unbranched,white	.5,0.2-2,0.5,0.5-1,0.5-2,0.5-3,1-1.5,1-2,1-2.5,1.5-2,10-20,15,15-35,2-2.5,3,3-12,3-4,3-5,4-5,<,abaxially,acuman,acuminate,acute,adaxially,almost,arrangement,bark,branch,broadly,bud,characteristic,ciliate,cm,connivent,corrugation,curved,cylindrical,deltate,densely,diameter,distal,drying,elliptic,entire,exertion,few-,flattened,flower,forked,glabrous,glabrousnes,globose,green,height,history,lanceolate,lateral,life,lobe,lobing,long-tapered,midpoint,moderately,na,narrowly,new,number,oblong,obtuse,ovary,ovate,peduncle,per,perennial,plant,primary,pubescent,rarely,ray,ripe,rugulose,seed,size,slender,small,somewhat,sparsely,stigma,straight,style,terminal,thicknes,tip,triangular,truncate,tube,value,variation,vein,wide,width,x,yellow-brown	0.5-1.0,3.0-4.0,appressed,articulation,attenuate,basal,berry,bract,branching,breeding,broad-based,cell,connective,difoliate,discrete,distinct,eglandular,elliptic-oblong,elongating,enlarged,flat,fleshy,fully,geminate,hair,hermaphroditic,heteromorphism,inflated,insertion,interpetalar,leathery,lower,marking,mature,membranous,modification,monochasial,multicellular,needle-like,none,odour,orientation,paired,pattern,placement,pore,position,present,radially,red,rhizome,round,scale,simple-entire,smell,spot,staman,stellate,stone,structure,swollen,symmetric,symmetry,sympodial,system,tissue,trichome,tuber,unit,vegetative,xylopodia,zygomorphy
111	wfo-0001027104	success	34	39	8	36	89	82	anther,apex,attenuate,base,branch,calyx,colour,cordate,corolla,distal,filament,form,fruit,fruiting,green,growth,inflorescence,interjected,leaf,leaflet,length,margin,mm,monochasial,pedicel,petiole,prickle,pseudostipule,shape,stem,surface,terminal,texture,truncate,type,white	0.15-0.35,0.5-0.8,1-3,1-4,1.2-6,1.5-2.3,1.5-4.2,10-15,2,2-3,2-6,2.2-5,3-5.5,5-15,6-7.5,abaxially,acuminate,acute,adaxially,apical,appearance,arrangement,articulate,bark,border,branched,bud,characteristic,cm,corrugation,cyme,dehiscent,diameter,dichasial,dichasially,drying,ebracteate,exertion,finely,giving,glabrousnes,globose,green-white,height,herbaceous,history,introrse,lateral,life,lobe,lobing,long,maturing,midpoint,mucilaginous,mucronate,na,new,number,odd-pinnate,often,ovary,ovate,ovoid,peduncle,per,perennial,plant,poricidally,primary,pubescent,ray,seed,short,size,slit,stigma,style,thicknes,throughout,tone,tube,variation,vein,violet,wet,wide,width,yellow-green							1.0-4.0,1/2,1/4-1/2,3.0-5.5,absent,appressed,articulation,basal,berry,blue,bract,branching,breeding,broad-based,cell,connective,distinct,eglandular,elliptic-oblong,elongating,enlarged,flat,fleshy,fork,forked,fully,hair,herb,hermaphroditic,heteromorphism,inflated,insertion,interpetalar,leathery,lilac,lower,marking,mature,membranous,modification,multi-branched,multicellular,needle-like,none,odour,orientation,paired,pattern,pink,placement,plurifoliate,pore,position,present,present-pair,purple,radially,rhizome,round,scale,simple,simple-entire,smell,spot,staman,stellate,stone,structure,swollen,symmetric,symmetry,sympodial,system,tissue,trichome,trifoliate,tuber,unit,vegetative,xylopodia,yellow,zygomorphy	7.0	55.0	111.0	attenuate,cordate,green,mm,monochasial,truncate,white	0.15-0.35,0.5-0.8,1-3,1-4,1.2-6,1.5-2.3,1.5-4.2,10-15,2,2-3,2-6,2.2-5,3-5.5,5-15,6-7.5,abaxially,acuminate,acute,adaxially,apical,articulate,branched,cm,cyme,dehiscent,diameter,dichasial,dichasially,ebracteate,finely,globose,green-white,herbaceous,introrse,lobe,long,maturing,mucilaginous,mucronate,na,odd-pinnate,often,ovate,ovoid,perennial,poricidally,pubescent,short,slit,throughout,tone,violet,wet,wide,yellow-green	1.0-4.0,1/2,1/4-1/2,3.0-5.5,absent,anther,apex,appressed,articulation,basal,base,berry,blue,bract,branch,branching,breeding,broad-based,calyx,cell,colour,connective,corolla,distal,distinct,eglandular,elliptic-oblong,elongating,enlarged,filament,flat,fleshy,fork,forked,form,fruit,fruiting,fully,growth,hair,herb,hermaphroditic,heteromorphism,inflated,inflorescence,insertion,interjected,interpetalar,leaf,leaflet,leathery,length,lilac,lower,margin,marking,mature,membranous,modification,multi-branched,multicellular,needle-like,none,odour,orientation,paired,pattern,pedicel,petiole,pink,placement,plurifoliate,pore,position,present,present-pair,prickle,pseudostipule,purple,radially,rhizome,round,scale,shape,simple,simple-entire,smell,spot,staman,stellate,stem,stone,structure,surface,swollen,symmetric,symmetry,sympodial,system,terminal,texture,tissue,trichome,trifoliate,tuber,type,unit,vegetative,xylopodia,yellow,zygomorphy
112	wfo-0001027114	success	43	39	7	32	79	78	acute,anther,apex,base,berry,branch,branched,calyx,colour,corolla,dendritic,filament,form,fruit,fruiting,green,growth,inflorescence,leaf,length,margin,mm,pedicel,petiole,shape,shrub,stem,surface,texture,trichome,type,white	-17,.5,1-1.1-2,1-1.2,1.5-1.7,1/2,13-21-30,2-2.5,2-3,20-40,3-4,3-7,6-8,6-9,7-9,alternate,appearing,arrangement,bark,bud,capitate,characteristic,cm,conical,corrugation,dark,densely,dia,diameter,drying,elliptic,erect,exertion,exserted,flattened-reniform,flowered,glabrous,glabrousnes,globose,halfway,height,history,lateral,life,lobed,lobing,long,main,many,minutely,na,new,opposite,ovary,pair,peduncle,perennial,pitted,plant,poricidal,primary,pubescent,reddish,reddish-brown,seed,shoot-terminal,size,soft,stigma,style,tapering,thickened,time,tip,tube,vein,way,wide,yellowish							0.5,1.5-2.0,absent,appressed,articulation,basal,bract,branching,breeding,broad-based,cell,connective,difoliate,discrete,distinct,eglandular,elliptic-oblong,enlarged,flat,fleshy,fork,fully,geminate,hair,hermaphroditic,heteromorphism,inflated,insertion,interjected,interpetalar,leaf-opposed,leaflet,leathery,lower,marking,mature,membranous,modification,monochasial,multi-branched,multicellular,needle-like,none,odour,orientation,paired,pattern,placement,plurifoliate,pore,position,present,prickle,pseudostipule,radially,rhizome,round,scale,simple,simple-entire,smell,spot,staman,stellate,stone,structure,swollen,symmetric,symmetry,sympodial,system,terminal,tissue,tuber,unit,vegetative,xylopodia,zygomorphy	13.0	57.0	97.0	acute,base,berry,branched,calyx,dendritic,green,leaf,margin,mm,shrub,trichome,white	-17,.5,1-1.1-2,1-1.2,1.5-1.7,1/2,13-21-30,2-2.5,2-3,20-40,3-4,3-7,6-8,6-9,7-9,alternate,appearing,capitate,cm,conical,dark,densely,dia,elliptic,erect,exserted,flattened-reniform,flowered,glabrous,globose,halfway,lateral,lobed,long,main,many,minutely,na,opposite,pair,perennial,pitted,poricidal,pubescent,reddish,reddish-brown,shoot-terminal,soft,tapering,thickened,time,tip,tube,vein,way,wide,yellowish	0.5,1.5-2.0,absent,anther,apex,appressed,articulation,basal,bract,branch,branching,breeding,broad-based,cell,colour,connective,corolla,difoliate,discrete,distinct,eglandular,elliptic-oblong,enlarged,filament,flat,fleshy,fork,form,fruit,fruiting,fully,geminate,growth,hair,hermaphroditic,heteromorphism,inflated,inflorescence,insertion,interjected,interpetalar,leaf-opposed,leaflet,leathery,length,lower,marking,mature,membranous,modification,monochasial,multi-branched,multicellular,needle-like,none,odour,orientation,paired,pattern,pedicel,petiole,placement,plurifoliate,pore,position,present,prickle,pseudostipule,radially,rhizome,round,scale,shape,simple,simple-entire,smell,spot,staman,stellate,stem,stone,structure,surface,swollen,symmetric,symmetry,sympodial,system,terminal,texture,tissue,tuber,type,unit,vegetative,xylopodia,zygomorphy
113	wfo-0001027117	invalid_json_followup	NA	42	NA	38	116	74	0.5-1.5,4.5-6.5,acicular,anther,apex,base,berry,calyx,cell,colour,cordate,corolla,filament,form,fruit,fruiting,growth,herb,inflorescence,interjected,leaf,leaflet,length,lower,margin,mm,pedicel,petiole,prickle,pseudostipule,rounded,shape,stem,surface,texture,trichome,type,yellow	-12,-2.8,.5,/3,0-10,0-20,0-5,0.1-0.7,0.15-0.35,0.5,0.6-0.9,0.7-0.9-1.5,0.7-1.3,0.7-1.5,0.8-6.5,1-2,1.5-14,1.5-2.3,1.7-2.5,1/3,10-25,2-3,2-8,2.3-2.8,4-7,4-8,4.5-8,5-11,abaxially,acute,almost,apparently,arrangement,articulated,attenuate,bark,black,branch,branched,brown,bud,characteristic,chartaceous,cm,concolorous,corrugation,dark,densely,diameter,discolorous,distal,drying,erect,evenly,exertion,fine,flattened-reniform,glabrous,glabrousnes,gray,green,height,history,lateral,less,life,lobed,lobing,long,maturity,mauve,midpoint,moderately,na,narrow-deltate,narrow-lanceolate,new,number,oblong,outline,ovary,ovate,pair,pale,peduncle,per,perennial,pit,plant,prickly,primary,raised,ray,red-brown,seed,shallowly,size,small,smooth,spherical,stellate-pubescent,stigma,style,tapering,terminal,thicknes,tube,value,variation,vein,way,weakly,wide,width,yellow-green,young							absent,andromonoecious,appressed,articulation,asymmetric,basal,blue,bract,branching,breeding,broad-based,connective,dichasial,discrete,distinct,eglandular,enlarged,flat,fleshy,hair,heteromorphism,inflated,insertion,internodal,interpetalar,leathery,lilac,marking,mature,membranous,modification,needle-like,none,odour,orientation,paired,pattern,pink,placement,plurifoliate,pore,position,present,present-inflorescence,present-leaf,present-stem,purple,radially,random,rhizome,round,scale,simple-lobed,simple-toothed,smell,spot,spreading,staman,stellate,stone,structure,swollen,symmetric,symmetry,sympodial,system,tapered-lanceolate,tissue,tuber,unbranched,unit,vegetative,xylopodia,zygomorphy	38.0	116.0	74.0	0.5-1.5,4.5-6.5,acicular,anther,apex,base,berry,calyx,cell,colour,cordate,corolla,filament,form,fruit,fruiting,growth,herb,inflorescence,interjected,leaf,leaflet,length,lower,margin,mm,pedicel,petiole,prickle,pseudostipule,rounded,shape,stem,surface,texture,trichome,type,yellow	-12,-2.8,.5,/3,0-10,0-20,0-5,0.1-0.7,0.15-0.35,0.5,0.6-0.9,0.7-0.9-1.5,0.7-1.3,0.7-1.5,0.8-6.5,1-2,1.5-14,1.5-2.3,1.7-2.5,1/3,10-25,2-3,2-8,2.3-2.8,4-7,4-8,4.5-8,5-11,abaxially,acute,almost,apparently,arrangement,articulated,attenuate,bark,black,branch,branched,brown,bud,characteristic,chartaceous,cm,concolorous,corrugation,dark,densely,diameter,discolorous,distal,drying,erect,evenly,exertion,fine,flattened-reniform,glabrous,glabrousnes,gray,green,height,history,lateral,less,life,lobed,lobing,long,maturity,mauve,midpoint,moderately,na,narrow-deltate,narrow-lanceolate,new,number,oblong,outline,ovary,ovate,pair,pale,peduncle,per,perennial,pit,plant,prickly,primary,raised,ray,red-brown,seed,shallowly,size,small,smooth,spherical,stellate-pubescent,stigma,style,tapering,terminal,thicknes,tube,value,variation,vein,way,weakly,wide,width,yellow-green,young	absent,andromonoecious,appressed,articulation,asymmetric,basal,blue,bract,branching,breeding,broad-based,connective,dichasial,discrete,distinct,eglandular,enlarged,flat,fleshy,hair,heteromorphism,inflated,insertion,internodal,interpetalar,leathery,lilac,marking,mature,membranous,modification,needle-like,none,odour,orientation,paired,pattern,pink,placement,plurifoliate,pore,position,present,present-inflorescence,present-leaf,present-stem,purple,radially,random,rhizome,round,scale,simple-lobed,simple-toothed,smell,spot,spreading,staman,stellate,stone,structure,swollen,symmetric,symmetry,sympodial,system,tapered-lanceolate,tissue,tuber,unbranched,unit,vegetative,xylopodia,zygomorphy
114	wfo-0001027123	invalid_json_followup	NA	39	NA	36	114	74	acute,anther,apex,base,berry,branch,branched,calyx,colour,coriaceous,corolla,cup-shaped,filament,form,fruit,fruiting,growth,inflorescence,interjected,leaf,leaflet,length,margin,mm,pedicel,petiole,prickle,pseudostipule,shape,stellate,stem,surface,terminal,texture,trichome,type	-10,.3,0.3-1.6,0.5,0.7-3.5,0.8-1.3,1,1-1.2,1.5-2,2-2.2,2-2.5,2-2.6,2-3,2-5.5,2-lobed,2.5-10.4,2.5-6,3-15-20,3-4,4-5,4-6,5-10,5-6,\u00be,adaxially,along,arrangement,attenuate,axe,bark,bright,brown,bud,characteristic,clavate,cm,commonly,completely,conical,constricted,corrugation,dark,darker,diameter,distal,drying,elliptic,exerted,exertion,flattened,flower,glabrous,glabrousnes,globose,green,height,history,lamina,lateral,less,life,lobing,long,loose,loosely,mauve-purple,midpoint,minutely,na,narrowly,new,nodding,number,ovary,pair,papillate,peduncle,per,pitted,plant,primary,pubescent,ray,reddish,reniform,revolute,scattered,seed,shining,shiny,simple,size,sometimes,soon,sparsely,stigma,stoutish,strongly,style,subshrub,thick,thicknes,time,tube,turned,value,variation,vein,violet,way,white,width,x,young							1.0-1.5,5.0-6.0,absent,appressed,articulation,basal,black,blue,bract,branching,breeding,broad-based,cell,connective,cuneate,dendritic,distinct,elliptic-oblong,elongating,enlarged,fleshy,fork,forked,fully,hair,hermaphroditic,heteromorphism,inflated,insertion,interpetalar,leathery,lilac,lower,marking,mature,membranous,modification,monochasial,multi-branched,needle-like,none,odour,orientation,paired,pattern,pink,placement,plurifoliate,pore,position,present,purple,radially,rhizome,round,scale,shrub,simple-entire,smell,spot,staman,stone,structure,swollen,symmetric,symmetry,sympodial,system,tissue,tuber,unit,vegetative,xylopodia,zygomorphy	36.0	114.0	74.0	acute,anther,apex,base,berry,branch,branched,calyx,colour,coriaceous,corolla,cup-shaped,filament,form,fruit,fruiting,growth,inflorescence,interjected,leaf,leaflet,length,margin,mm,pedicel,petiole,prickle,pseudostipule,shape,stellate,stem,surface,terminal,texture,trichome,type	-10,.3,0.3-1.6,0.5,0.7-3.5,0.8-1.3,1,1-1.2,1.5-2,2-2.2,2-2.5,2-2.6,2-3,2-5.5,2-lobed,2.5-10.4,2.5-6,3-15-20,3-4,4-5,4-6,5-10,5-6,\u00be,adaxially,along,arrangement,attenuate,axe,bark,bright,brown,bud,characteristic,clavate,cm,commonly,completely,conical,constricted,corrugation,dark,darker,diameter,distal,drying,elliptic,exerted,exertion,flattened,flower,glabrous,glabrousnes,globose,green,height,history,lamina,lateral,less,life,lobing,long,loose,loosely,mauve-purple,midpoint,minutely,na,narrowly,new,nodding,number,ovary,pair,papillate,peduncle,per,pitted,plant,primary,pubescent,ray,reddish,reniform,revolute,scattered,seed,shining,shiny,simple,size,sometimes,soon,sparsely,stigma,stoutish,strongly,style,subshrub,thick,thicknes,time,tube,turned,value,variation,vein,violet,way,white,width,x,young	1.0-1.5,5.0-6.0,absent,appressed,articulation,basal,black,blue,bract,branching,breeding,broad-based,cell,connective,cuneate,dendritic,distinct,elliptic-oblong,elongating,enlarged,fleshy,fork,forked,fully,hair,hermaphroditic,heteromorphism,inflated,insertion,interpetalar,leathery,lilac,lower,marking,mature,membranous,modification,monochasial,multi-branched,needle-like,none,odour,orientation,paired,pattern,pink,placement,plurifoliate,pore,position,present,purple,radially,rhizome,round,scale,shrub,simple-entire,smell,spot,staman,stone,structure,swollen,symmetric,symmetry,sympodial,system,tissue,tuber,unit,vegetative,xylopodia,zygomorphy
115	wfo-0001027146	invalid_json_followup	NA	40	NA	40	115	76	3.3-6.1,anther,apex,base,berry,branch,cell,colour,corolla,distal,filament,forked,form,fruit,fruiting,green,growth,hair,herb,inflorescence,interjected,leaf,leaflet,length,margin,mm,ovoid,pedicel,petiole,prickle,pseudostipule,purple,shape,simple,stem,surface,terminal,texture,type,white	0-11,0.3-2.2,0.5-3.2,0.7-2.4,0.8,0.8-5.8,1-2,1-2.5,1-9.5,1.9-10,10,13-36,2-12.2,2-13,2-4.2,3.5-22,4-11,4-12.5,4-38,4-8,6,6-10,6.5-52,\u201chair-like\u201,abaxially,acuminate,adaxially,arrangement,attenuate,axillary,bark,brownish,bud,capitate,cayx,characteristic,clavate,cm,coarsely,condition,conical,connivent,corrugation,covering,dark,deep,diameter,drying,elliptic,exertion,finely,flower,fresh,generally,glabrous,glabrousnes,green-white,greenish,half,height,history,lanceolate,lateral,life,like,lobe,lobing,long,make,medium,midpoint,minute,mottled,mucilaginous,na,new,number,odd-pinnate,ovary,ovate,peduncle,per,petiolule,plant,primary,puberulent,pubescent,ray,ripe,seed,size,stigma,style,subglabrous,subsessile,subtending,testal,thick,thicknes,throughout,tinged,tube,unwinged,usually,value,variation,vein,violet,wall,wet,whitish,wide,width,wing,x							1.0-2.0,1/2,1/4-1/2,absent,acute,appressed,articulation,asymmetric,basal,blue,bract,branching,breeding,broad-based,calyx,compound-entire,connective,distinct,eglandular,elliptic-oblong,elongating,enlarged,flat,fleshy,fork,fully,hermaphroditic,heteromorphism,inflated,insertion,interpetalar,leathery,lilac,lower,marking,mature,membranous,modification,monochasial,multicellular,needle-like,none,odour,orientation,paired,pattern,pink,placement,plurifoliate,pore,position,present,present-pair,radially,rhizome,rotate,scale,smell,spot,staman,stellate,stone,structure,swollen,symmetric,symmetry,sympodial,system,tissue,trichome,trifoliate,tuber,unit,vegetative,xylopodia,zygomorphy	40.0	115.0	76.0	3.3-6.1,anther,apex,base,berry,branch,cell,colour,corolla,distal,filament,forked,form,fruit,fruiting,green,growth,hair,herb,inflorescence,interjected,leaf,leaflet,length,margin,mm,ovoid,pedicel,petiole,prickle,pseudostipule,purple,shape,simple,stem,surface,terminal,texture,type,white	0-11,0.3-2.2,0.5-3.2,0.7-2.4,0.8,0.8-5.8,1-2,1-2.5,1-9.5,1.9-10,10,13-36,2-12.2,2-13,2-4.2,3.5-22,4-11,4-12.5,4-38,4-8,6,6-10,6.5-52,\u201chair-like\u201,abaxially,acuminate,adaxially,arrangement,attenuate,axillary,bark,brownish,bud,capitate,cayx,characteristic,clavate,cm,coarsely,condition,conical,connivent,corrugation,covering,dark,deep,diameter,drying,elliptic,exertion,finely,flower,fresh,generally,glabrous,glabrousnes,green-white,greenish,half,height,history,lanceolate,lateral,life,like,lobe,lobing,long,make,medium,midpoint,minute,mottled,mucilaginous,na,new,number,odd-pinnate,ovary,ovate,peduncle,per,petiolule,plant,primary,puberulent,pubescent,ray,ripe,seed,size,stigma,style,subglabrous,subsessile,subtending,testal,thick,thicknes,throughout,tinged,tube,unwinged,usually,value,variation,vein,violet,wall,wet,whitish,wide,width,wing,x	1.0-2.0,1/2,1/4-1/2,absent,acute,appressed,articulation,asymmetric,basal,blue,bract,branching,breeding,broad-based,calyx,compound-entire,connective,distinct,eglandular,elliptic-oblong,elongating,enlarged,flat,fleshy,fork,fully,hermaphroditic,heteromorphism,inflated,insertion,interpetalar,leathery,lilac,lower,marking,mature,membranous,modification,monochasial,multicellular,needle-like,none,odour,orientation,paired,pattern,pink,placement,plurifoliate,pore,position,present,present-pair,radially,rhizome,rotate,scale,smell,spot,staman,stellate,stone,structure,swollen,symmetric,symmetry,sympodial,system,tissue,trichome,trifoliate,tuber,unit,vegetative,xylopodia,zygomorphy
116	wfo-0001027157	success	50	40	10	38	94	78	absent,anther,base,berry,calyx,cell,colour,corolla,filament,forked,form,fruit,green,growth,hair,herb,inflorescence,interjected,leaf,leaflet,length,membranous,mm,ovoid,pedicel,petiole,placement,prickle,pseudostipule,shape,stellate,stem,surface,terminal,texture,tuber,type,white	0-3,0.15-0.3,0.9-2.8,1,1-2,1-3,1-6,1.5-6.5,10-30,2-15,2-2.5,2-3,2-5,2.3-4,2.5-3,3-7,3.8-8.3,4-5,9-12,abaxial,adaxial,appearance,arrangement,articulated,border,broadly,brownish,capitate,chartaceous,clavate,cm,condition,conical,corrugation,covering,deeply,densely,diameter,drying,elliptic,end,flower,fresh,generally,giving,glabrous,greenish,hair-like,height,history,homostylous,lanceolate,lateral,life,like,lobe,long,middle,midpoint,na,number,odd-pinnate,one,ovary,ovate,pair,peduncle,per,placed,plant,puberulent,pubescent,ray,ripe,seed,size,sometimes,stigma,stolon,straight,style,testal,thick,thicknes,tinged,tube,typically,variation,violet,wall,whitish,wide,width,x							1.0-2.0,1/2,4.0-5.0,acute,apex,appressed,articulation,asymmetric,blue,bract,branch,branching,breeding,broad-based,compound-entire,connective,cuneate,distal,distinct,eglandular,elliptic-oblong,elongating,enlarged,flat,fleshy,fork,fruiting,fully,hermaphroditic,heteromorphism,inflated,insertion,interpetalar,leathery,lilac,lower,margin,marking,mature,modification,monochasial,multicellular,needle-like,none,odour,orientation,paired,pattern,pink,plurifoliate,pore,position,present,present-pair,purple,radially,rhizome,rounded,scale,simple,smell,spot,staman,stone,structure,swollen,symmetric,symmetry,sympodial,system,tissue,trichome,trifoliate,truncate,unit,vegetative,xylopodia,zygomorphy	13.0	65.0	103.0	absent,berry,cell,forked,green,hair,herb,membranous,mm,ovoid,stellate,stem,white	0-3,0.15-0.3,0.9-2.8,1,1-2,1-3,1-6,1.5-6.5,10-30,2-15,2-2.5,2-3,2-5,2.3-4,2.5-3,3-7,3.8-8.3,4-5,9-12,articulated,broadly,brownish,capitate,chartaceous,clavate,cm,condition,conical,covering,deeply,densely,drying,elliptic,end,fresh,generally,glabrous,greenish,hair-like,homostylous,lanceolate,lateral,like,long,middle,na,odd-pinnate,one,ovate,placed,puberulent,pubescent,ripe,sometimes,stolon,straight,testal,thick,tinged,typically,violet,wall,whitish,wide,x	1.0-2.0,1/2,4.0-5.0,acute,anther,apex,appressed,articulation,asymmetric,base,blue,bract,branch,branching,breeding,broad-based,calyx,colour,compound-entire,connective,corolla,cuneate,distal,distinct,eglandular,elliptic-oblong,elongating,enlarged,filament,flat,fleshy,fork,form,fruit,fruiting,fully,growth,hermaphroditic,heteromorphism,inflated,inflorescence,insertion,interjected,interpetalar,leaf,leaflet,leathery,length,lilac,lower,margin,marking,mature,modification,monochasial,multicellular,needle-like,none,odour,orientation,paired,pattern,pedicel,petiole,pink,placement,plurifoliate,pore,position,present,present-pair,prickle,pseudostipule,purple,radially,rhizome,rounded,scale,shape,simple,smell,spot,staman,stone,structure,surface,swollen,symmetric,symmetry,sympodial,system,terminal,texture,tissue,trichome,trifoliate,truncate,tuber,type,unit,vegetative,xylopodia,zygomorphy
117	wfo-0001027184	invalid_json_followup	NA	40	NA	47	139	73	absent,acute,anther,apex,axillary,base,blue,branch,calyx,colour,corolla,filament,fleshy,form,fruit,fruiting,growth,hair,herbaceous,inflorescence,interjected,leaf,leaflet,length,lower,margin,membranous,mm,orange,pedicel,petiole,plurifoliate,pore,prickle,pseudostipule,red,shape,shoot,simple,stem,surface,terminal,texture,type,unbranched,vine,white	.3,.5,.7,.8,0.2-0.4,0.4-2,0.8,0.8–1.6,1.5,1.5-5,1.8–3.5,13–18,19,1–2,1–2.5,1–4,2,2.8–4.1,2–4-celled,3-4-,3-foliolate,3.5–8,3–,4,4–12,5,7,abaxially,adaxially,age,along,arrangement,articulated,axi,bark,borne,bract-like,broad,brown,bud,characteristic,clavate,cm,connivent,corrugation,covered,densely,diameter,directed,distal,drying,entire,epidermal,especially,exertion,extension,flattened,flower,geminate,generally,glabrescent,glabrous,glabrousnes,globose,grading,green,hairlike,half,height,history,imparipinnate,introrsely,lanceolate,lateral,leafy,least,life,light,lobing,long,longitudinal,meter,midpoint,midrib,minutely,mostly,na,nearly,new,number,oblong,obtuse,often,older,opening,ovary,peduncle,per,pilose,plant,primary,prominently,puberulent,pubescent,raised,rarely,ray,reticulate,revolute,ripe,seed,several,short,size,slightly,slit,small,soft-woody,somewhat,sparsely,stigma,style,sulcate,tertiary,thicknes,tip,truncate,tube,unarmed,unequal,value,variation,vein,wall,width,x,yellow,young,–9							0.3,1.7-1.8,appressed,articulation,asymmetric,basal,berry,bract,branching,breeding,broad-based,cell,compound-entire,connective,cuneate,distinct,eglandular,elliptic-oblong,elongating,enlarged,flat,fork,fully,hermaphroditic,heteromorphism,inflated,insertion,interpetalar,leathery,lilac,marking,mature,modification,monochasial,multicellular,needle-like,none,odour,orientation,paired,pattern,pink,placement,position,present,present-single,purple,radially,rhizome,round,rounded,scale,smell,spot,spur,staman,stellate,stone,structure,swollen,symmetric,symmetry,sympodial,system,tissue,trichome,trifoliate,tuber,unit,vegetative,woody,xylopodia,zygomorphy	47.0	139.0	73.0	absent,acute,anther,apex,axillary,base,blue,branch,calyx,colour,corolla,filament,fleshy,form,fruit,fruiting,growth,hair,herbaceous,inflorescence,interjected,leaf,leaflet,length,lower,margin,membranous,mm,orange,pedicel,petiole,plurifoliate,pore,prickle,pseudostipule,red,shape,shoot,simple,stem,surface,terminal,texture,type,unbranched,vine,white	.3,.5,.7,.8,0.2-0.4,0.4-2,0.8,0.8–1.6,1.5,1.5-5,1.8–3.5,13–18,19,1–2,1–2.5,1–4,2,2.8–4.1,2–4-celled,3-4-,3-foliolate,3.5–8,3–,4,4–12,5,7,abaxially,adaxially,age,along,arrangement,articulated,axi,bark,borne,bract-like,broad,brown,bud,characteristic,clavate,cm,connivent,corrugation,covered,densely,diameter,directed,distal,drying,entire,epidermal,especially,exertion,extension,flattened,flower,geminate,generally,glabrescent,glabrous,glabrousnes,globose,grading,green,hairlike,half,height,history,imparipinnate,introrsely,lanceolate,lateral,leafy,least,life,light,lobing,long,longitudinal,meter,midpoint,midrib,minutely,mostly,na,nearly,new,number,oblong,obtuse,often,older,opening,ovary,peduncle,per,pilose,plant,primary,prominently,puberulent,pubescent,raised,rarely,ray,reticulate,revolute,ripe,seed,several,short,size,slightly,slit,small,soft-woody,somewhat,sparsely,stigma,style,sulcate,tertiary,thicknes,tip,truncate,tube,unarmed,unequal,value,variation,vein,wall,width,x,yellow,young,–9	0.3,1.7-1.8,appressed,articulation,asymmetric,basal,berry,bract,branching,breeding,broad-based,cell,compound-entire,connective,cuneate,distinct,eglandular,elliptic-oblong,elongating,enlarged,flat,fork,fully,hermaphroditic,heteromorphism,inflated,insertion,interpetalar,leathery,lilac,marking,mature,modification,monochasial,multicellular,needle-like,none,odour,orientation,paired,pattern,pink,placement,position,present,present-single,purple,radially,rhizome,round,rounded,scale,smell,spot,spur,staman,stellate,stone,structure,swollen,symmetric,symmetry,sympodial,system,tissue,trichome,trifoliate,tuber,unit,vegetative,woody,xylopodia,zygomorphy
118	wfo-0001027186	success	46	39	7	29	89	80	acute,anther,apex,base,berry,calyx,colour,corolla,filament,form,fruit,fruiting,green,growth,inflorescence,leaf,length,margin,mm,pedicel,petiole,shape,simple,stem,surface,texture,tree,type,white	.4,.5,1-1.5,1-2.5,1.4-1.6,1.5,1.5-2,1.6-5,15,2-6,2-lobed,2.5-3,4-15,5-10,6-7,9-10,?,arrangement,attenuate,bark,branch,broadly,brown,bud,characteristic,clavate,cm,conical,corrugation,dark,dendritic,diameter,drying,ellipsoid,elliptic,entire,exerted,exertion,filiform,glabrescent,glabrous,glabrousnes,globose,height,history,immature,less,life,lobing,longer,maturity,minutely,much,na,narrowly,new,number,ovary,ovoid,pair,pale,peduncle,per,pitted,plant,pointed,poridical,primary,pubescent,reddish,reniform,seed,shiny,size,slightly,soon,sparsely,spreading,stigma,strongly,style,terminal,tip,treelet,tube,vein,way,x,yellow							0.1,3.0-4.0,absent,appressed,articulation,asymmetric,basal,bract,branching,breeding,broad-based,cell,connective,coriaceous,difoliate,discrete,distinct,eglandular,elliptic-oblong,enlarged,flat,fleshy,forked,fully,hair,hermaphroditic,heteromorphism,inflated,insertion,interjected,internodal,interpetalar,leaf-opposed,leaflet,leathery,lower,marking,mature,membranous,modification,monochasial,multicellular,needle-like,non-geminate,none,odour,orientation,paired,pattern,placement,pore,position,present,prickle,pseudostipule,radially,rhizome,round,scale,simple-entire,smell,spot,staman,stellate,stone,structure,swollen,symmetric,symmetry,sympodial,system,tissue,trichome,tuber,unbranched,unifoliate,unit,vegetative,xylopodia,zygomorphy	11.0	65.0	98.0	acute,apex,base,berry,calyx,green,growth,mm,simple,tree,white	.4,.5,1-1.5,1-2.5,1.4-1.6,1.5,1.5-2,1.6-5,15,2-6,2-lobed,2.5-3,4-15,5-10,6-7,9-10,?,attenuate,broadly,brown,clavate,cm,conical,dark,dendritic,diameter,ellipsoid,elliptic,entire,exerted,filiform,glabrescent,glabrous,globose,immature,less,longer,maturity,minutely,much,na,narrowly,new,ovoid,pair,pale,pitted,pointed,poridical,pubescent,reddish,reniform,shiny,slightly,soon,sparsely,spreading,strongly,terminal,tip,treelet,tube,way,x,yellow	0.1,3.0-4.0,absent,anther,appressed,articulation,asymmetric,basal,bract,branching,breeding,broad-based,cell,colour,connective,coriaceous,corolla,difoliate,discrete,distinct,eglandular,elliptic-oblong,enlarged,filament,flat,fleshy,forked,form,fruit,fruiting,fully,hair,hermaphroditic,heteromorphism,inflated,inflorescence,insertion,interjected,internodal,interpetalar,leaf,leaf-opposed,leaflet,leathery,length,lower,margin,marking,mature,membranous,modification,monochasial,multicellular,needle-like,non-geminate,none,odour,orientation,paired,pattern,pedicel,petiole,placement,pore,position,present,prickle,pseudostipule,radially,rhizome,round,scale,shape,simple-entire,smell,spot,staman,stellate,stem,stone,structure,surface,swollen,symmetric,symmetry,sympodial,system,texture,tissue,trichome,tuber,type,unbranched,unifoliate,unit,vegetative,xylopodia,zygomorphy
119	wfo-0001027198	invalid_json_followup	NA	40	NA	35	115	72	acute,anther,apex,base,berry,calyx,colour,corolla,dendritic,filament,form,fruit,fruiting,green,growth,inflorescence,interjected,leaf,leaflet,length,margin,mm,pedicel,petiole,prickle,pseudostipule,shape,shrub,simple,stem,surface,texture,trichome,type,white	0.05-1.0,0.4,0.8-1,1-1.5,1-10,1.5-10,10-11,11-20,2.5,3.5,3/4,5,5-120-flowered,5-6,7.5-9,acuminate,alternate,arrangement,attenuate,axil,bark,beneath,branch,bud,cal,channeled,characteristic,clavate,cm,complex,corrugation,cyathiform,decurrent,dense,dia,diameter,distal,drying,elliptic,entire,exertion,exserted,extremely,flower,furcate,glabrate,glabrous,glabrousnes,globose,golden,height,history,large,lateral,life,lobe,lobed,lobing,long,main,many,midpoint,minute,minutely,na,new,number,obovate,often,opposite,ovary,ovoid,ovoid-reniform,pale,paler,peduncle,per,perennial,pitted,plant,primary,puberulent,pubescent,ray,reddish,seed,set,shaped,shining,short,size,slender,slightly,soon,speciman,stigma,straight,style,styled,tannish-yellow,tear-drop,terminal,thicknes,time,tube,two,uniseriate,value,variation,vein,way,width,x,yellowish,young							0.0-0.1,3.0,absent,andromonoecious,appressed,articulation,basal,bract,branched,branching,breeding,broad-based,cell,connective,difoliate,discrete,distinct,eglandular,elliptic-oblong,enlarged,flat,fleshy,forked,geminate,hair,heteromorphism,inflated,insertion,interpetalar,leaf-opposed,leathery,lower,marking,mature,membranous,modification,monochasial,multi-branched,multicellular,needle-like,none,odour,orientation,paired,pattern,placement,pore,position,present,radially,rhizome,round,scale,simple-entire,smell,spot,staman,stellate,stone,structure,swollen,symmetric,symmetry,sympodial,system,tissue,tree,tuber,unit,vegetative,xylopodia,zygomorphy	35.0	115.0	72.0	acute,anther,apex,base,berry,calyx,colour,corolla,dendritic,filament,form,fruit,fruiting,green,growth,inflorescence,interjected,leaf,leaflet,length,margin,mm,pedicel,petiole,prickle,pseudostipule,shape,shrub,simple,stem,surface,texture,trichome,type,white	0.05-1.0,0.4,0.8-1,1-1.5,1-10,1.5-10,10-11,11-20,2.5,3.5,3/4,5,5-120-flowered,5-6,7.5-9,acuminate,alternate,arrangement,attenuate,axil,bark,beneath,branch,bud,cal,channeled,characteristic,clavate,cm,complex,corrugation,cyathiform,decurrent,dense,dia,diameter,distal,drying,elliptic,entire,exertion,exserted,extremely,flower,furcate,glabrate,glabrous,glabrousnes,globose,golden,height,history,large,lateral,life,lobe,lobed,lobing,long,main,many,midpoint,minute,minutely,na,new,number,obovate,often,opposite,ovary,ovoid,ovoid-reniform,pale,paler,peduncle,per,perennial,pitted,plant,primary,puberulent,pubescent,ray,reddish,seed,set,shaped,shining,short,size,slender,slightly,soon,speciman,stigma,straight,style,styled,tannish-yellow,tear-drop,terminal,thicknes,time,tube,two,uniseriate,value,variation,vein,way,width,x,yellowish,young	0.0-0.1,3.0,absent,andromonoecious,appressed,articulation,basal,bract,branched,branching,breeding,broad-based,cell,connective,difoliate,discrete,distinct,eglandular,elliptic-oblong,enlarged,flat,fleshy,forked,geminate,hair,heteromorphism,inflated,insertion,interpetalar,leaf-opposed,leathery,lower,marking,mature,membranous,modification,monochasial,multi-branched,multicellular,needle-like,none,odour,orientation,paired,pattern,placement,pore,position,present,radially,rhizome,round,scale,simple-entire,smell,spot,staman,stellate,stone,structure,swollen,symmetric,symmetry,sympodial,system,tissue,tree,tuber,unit,vegetative,xylopodia,zygomorphy
120	wfo-0001027200	invalid_json_followup	NA	38	NA	36	102	69	0.25-0.5,acute,anther,apex,base,berry,calyx,colour,corolla,filament,form,fruit,fruiting,green,growth,inflorescence,interjected,leaf,leaflet,length,margin,mm,pedicel,petiole,prickle,pseudostipule,shape,shrub,stem,surface,texture,tree,trichome,type,unifoliate,white	0.05-0.25,0.5-0.75,0.5-1,0.6-1,0.7-2.5,1-1.4,1-1.5,1.2-1.5,1.5-2,1.5-5,1.6-6,2-3,2.5-3,3-3.5,3.5-6,6-8,8-15,appearance,arrangement,aspect,bark,beneath,border,branch,broadly,brown,bud,capitate,characteristic,cm,conical,corrugation,dark,decurrent,deeply,deltoid,densely,dia,diameter,distal,drying,elliptic,except,exertion,flattened,giving,glabrous,glabrousnes,globose,golden,grey-brown,height,history,horizontally,impressed,lateral,life,lobe,lobed,lobing,long,major,midpoint,minor,minute,na,nearly,new,non-reproductive,number,onto,ovary,ovoid-reniform,peduncle,per,pitted,plant,primary,prominent,puberulent,ray,seed,shaped,size,slightly,small,sparsely,spreading,stigma,style,tear-drop,terminal,thicknes,tube,unicellular,uniseriate,value,variation,vein,width,x,yellowish							3.0-3.5,absent,appressed,articulation,basal,bract,branching,breeding,broad-based,cell,connective,difoliate,discrete,distinct,eglandular,elliptic-oblong,enlarged,flat,fleshy,geminate,hair,heteromorphism,inflated,insertion,interpetalar,leaf-opposed,leathery,lower,marking,mature,membranous,modification,monochasial,multicellular,needle-like,none,odour,orientation,paired,pattern,placement,pore,position,present,radially,rhizome,round,scale,simple,simple-entire,smell,spot,staman,stellate,stone,structure,swollen,symmetric,symmetry,sympodial,system,tissue,tuber,unbranched,unit,vegetative,winged,xylopodia,zygomorphy	36.0	102.0	69.0	0.25-0.5,acute,anther,apex,base,berry,calyx,colour,corolla,filament,form,fruit,fruiting,green,growth,inflorescence,interjected,leaf,leaflet,length,margin,mm,pedicel,petiole,prickle,pseudostipule,shape,shrub,stem,surface,texture,tree,trichome,type,unifoliate,white	0.05-0.25,0.5-0.75,0.5-1,0.6-1,0.7-2.5,1-1.4,1-1.5,1.2-1.5,1.5-2,1.5-5,1.6-6,2-3,2.5-3,3-3.5,3.5-6,6-8,8-15,appearance,arrangement,aspect,bark,beneath,border,branch,broadly,brown,bud,capitate,characteristic,cm,conical,corrugation,dark,decurrent,deeply,deltoid,densely,dia,diameter,distal,drying,elliptic,except,exertion,flattened,giving,glabrous,glabrousnes,globose,golden,grey-brown,height,history,horizontally,impressed,lateral,life,lobe,lobed,lobing,long,major,midpoint,minor,minute,na,nearly,new,non-reproductive,number,onto,ovary,ovoid-reniform,peduncle,per,pitted,plant,primary,prominent,puberulent,ray,seed,shaped,size,slightly,small,sparsely,spreading,stigma,style,tear-drop,terminal,thicknes,tube,unicellular,uniseriate,value,variation,vein,width,x,yellowish	3.0-3.5,absent,appressed,articulation,basal,bract,branching,breeding,broad-based,cell,connective,difoliate,discrete,distinct,eglandular,elliptic-oblong,enlarged,flat,fleshy,geminate,hair,heteromorphism,inflated,insertion,interpetalar,leaf-opposed,leathery,lower,marking,mature,membranous,modification,monochasial,multicellular,needle-like,none,odour,orientation,paired,pattern,placement,pore,position,present,radially,rhizome,round,scale,simple,simple-entire,smell,spot,staman,stellate,stone,structure,swollen,symmetric,symmetry,sympodial,system,tissue,tuber,unbranched,unit,vegetative,winged,xylopodia,zygomorphy
121	wfo-0001027213	invalid_json	NA	39	NA	29	82	85	acute,anther,apex,base,branch,colour,corolla,cuneate,filament,form,fruit,green,growth,inflorescence,leaf,length,margin,mm,pedicel,petiole,shape,shrub,simple,stem,surface,texture,tree,type,white	0-2.5-3.3,0.2-0.4,1-2,1-5,1.1-1.7,1.2-2.5,12.3-16.3-19,2-5,2.5-5.1,4-9.5,5-7.5,5.7-6.2,abaxially,adaxially,anthesi,arrangement,attenuate,bark,blunt-tipped,branched,broadly,brown,bud,capitate,characteristic,cm,conical,dark,deltoid,diameter,early,elliptic,entire,exertion,exserted,flower,glabrescent,glabrousnes,globose,granular,grayish-brown,height,history,lanceolate,life,lobing,many,moderately,new,oblanceolate,obovate,orbicular,ovary,ovate,ovate-lanceolate,pale,peduncle,perennial,plant,pseud-terminal,pubescent,relatively,reniform,reticulate-punctate,scabrous,seed,short-attenuate,size,stigma,style,terete,time,tomentose,unarmed,value,violet,whitish,whitish-green,x,yellow-green,yellow-tan,yellowish							0.5-1.5,2.5-3.5,absent,appressed,articulation,basal,berry,blue,bract,branching,breeding,broad-based,calyx,cell,connective,coriaceous,dendritic,dichasial,distinct,eglandular,elliptic-oblong,elongating,enlarged,flat,fleshy,fork,fruiting,fully,hair,hermaphroditic,heteromorphism,inflated,insertion,interjected,interpetalar,leaflet,leathery,lilac,lower,marking,mature,modification,multi-branched,multicellular,needle-like,none,odour,orientation,paired,pattern,pink,placement,plurifoliate,pore,position,present,prickle,pseudostipule,purple,radially,rhizome,round,scale,simple-entire,smell,spot,staman,stellate,stone,structure,swollen,symmetric,symmetry,sympodial,system,terminal,tissue,trichome,tuber,unit,vegetative,winged,xylopodia,yellow,zygomorphy	29.0	82.0	85.0	acute,anther,apex,base,branch,colour,corolla,cuneate,filament,form,fruit,green,growth,inflorescence,leaf,length,margin,mm,pedicel,petiole,shape,shrub,simple,stem,surface,texture,tree,type,white	0-2.5-3.3,0.2-0.4,1-2,1-5,1.1-1.7,1.2-2.5,12.3-16.3-19,2-5,2.5-5.1,4-9.5,5-7.5,5.7-6.2,abaxially,adaxially,anthesi,arrangement,attenuate,bark,blunt-tipped,branched,broadly,brown,bud,capitate,characteristic,cm,conical,dark,deltoid,diameter,early,elliptic,entire,exertion,exserted,flower,glabrescent,glabrousnes,globose,granular,grayish-brown,height,history,lanceolate,life,lobing,many,moderately,new,oblanceolate,obovate,orbicular,ovary,ovate,ovate-lanceolate,pale,peduncle,perennial,plant,pseud-terminal,pubescent,relatively,reniform,reticulate-punctate,scabrous,seed,short-attenuate,size,stigma,style,terete,time,tomentose,unarmed,value,violet,whitish,whitish-green,x,yellow-green,yellow-tan,yellowish	0.5-1.5,2.5-3.5,absent,appressed,articulation,basal,berry,blue,bract,branching,breeding,broad-based,calyx,cell,connective,coriaceous,dendritic,dichasial,distinct,eglandular,elliptic-oblong,elongating,enlarged,flat,fleshy,fork,fruiting,fully,hair,hermaphroditic,heteromorphism,inflated,insertion,interjected,interpetalar,leaflet,leathery,lilac,lower,marking,mature,modification,multi-branched,multicellular,needle-like,none,odour,orientation,paired,pattern,pink,placement,plurifoliate,pore,position,present,prickle,pseudostipule,purple,radially,rhizome,round,scale,simple-entire,smell,spot,staman,stellate,stone,structure,swollen,symmetric,symmetry,sympodial,system,terminal,tissue,trichome,tuber,unit,vegetative,winged,xylopodia,yellow,zygomorphy
122	wfo-0001027214	invalid_json_followup	NA	40	NA	36	101	71	2.0,absent,anther,apex,base,berry,calyx,colour,corolla,filament,form,fruit,fruiting,green,growth,herb,inflorescence,interjected,leaf,leaflet,length,margin,mm,pedicel,petiole,pointed,prickle,pseudostipule,shape,simple,stem,surface,texture,truncate,type,white	.0,.5,0,0.5-0.8,0.5-1,0.8-1,1-1.5,1-2.8,1.2-3,1.5,1.5-1.8,10-13,10-15-25-38,2,2-9,3-6,6-12,6-12-17-20,7-12,abaxially,adaxially,appearance,arrangement,bark,border,branch,broadly,bud,capitate,characteristic,climbing,cm,conical,conspicuously,corrugation,deltate,densely,diameter,distal,dry,drying,elliptic,erect,exertion,finely,flattened-round,flower,giving,glabrous,glabrousnes,globose,greenish,height,history,lateral,life,lobe,lobed,lobing,long-acuminate,long-conical,midpoint,minutely,na,nearly,new,nodding,number,oblique,obovate,occasionally,once-branched,open,ovary,peduncle,per,pinnate,plant,poricidal,primary,pubescent,ray,rugose,seed,sharply,size,somewhat,stigma,style,terminal,thicknes,time,tip,triangular,tube,value,variation,vein,white-lenticellate,width,x							1.0-1.5,appressed,articulation,asymmetric,axillary,basal,bract,branching,breeding,broad-based,cell,compound-entire,connective,distinct,eglandular,elliptic-oblong,elongating,enlarged,flat,fleshy,forked,fully,hair,herbaceous,hermaphroditic,heteromorphism,inflated,insertion,interpetalar,leathery,lower,marking,mature,membranous,modification,monochasial,multicellular,needle-like,none,odour,orientation,paired,pattern,placement,pore,position,radially,rhizome,rounded,scale,smell,spot,staman,stellate,stone,structure,swollen,symmetric,symmetry,sympodial,system,tissue,trichome,tuber,unbranched,unifoliate,unit,vegetative,vine,xylopodia,zygomorphy	36.0	101.0	71.0	2.0,absent,anther,apex,base,berry,calyx,colour,corolla,filament,form,fruit,fruiting,green,growth,herb,inflorescence,interjected,leaf,leaflet,length,margin,mm,pedicel,petiole,pointed,prickle,pseudostipule,shape,simple,stem,surface,texture,truncate,type,white	.0,.5,0,0.5-0.8,0.5-1,0.8-1,1-1.5,1-2.8,1.2-3,1.5,1.5-1.8,10-13,10-15-25-38,2,2-9,3-6,6-12,6-12-17-20,7-12,abaxially,adaxially,appearance,arrangement,bark,border,branch,broadly,bud,capitate,characteristic,climbing,cm,conical,conspicuously,corrugation,deltate,densely,diameter,distal,dry,drying,elliptic,erect,exertion,finely,flattened-round,flower,giving,glabrous,glabrousnes,globose,greenish,height,history,lateral,life,lobe,lobed,lobing,long-acuminate,long-conical,midpoint,minutely,na,nearly,new,nodding,number,oblique,obovate,occasionally,once-branched,open,ovary,peduncle,per,pinnate,plant,poricidal,primary,pubescent,ray,rugose,seed,sharply,size,somewhat,stigma,style,terminal,thicknes,time,tip,triangular,tube,value,variation,vein,white-lenticellate,width,x	1.0-1.5,appressed,articulation,asymmetric,axillary,basal,bract,branching,breeding,broad-based,cell,compound-entire,connective,distinct,eglandular,elliptic-oblong,elongating,enlarged,flat,fleshy,forked,fully,hair,herbaceous,hermaphroditic,heteromorphism,inflated,insertion,interpetalar,leathery,lower,marking,mature,membranous,modification,monochasial,multicellular,needle-like,none,odour,orientation,paired,pattern,placement,pore,position,radially,rhizome,rounded,scale,smell,spot,staman,stellate,stone,structure,swollen,symmetric,symmetry,sympodial,system,tissue,trichome,tuber,unbranched,unifoliate,unit,vegetative,vine,xylopodia,zygomorphy
123	wfo-0001027219	success	42	39	7	35	97	73	absent,acute,anther,apex,base,berry,branch,calyx,colour,corolla,filament,form,fruit,fruiting,green,growth,hard,inflorescence,leaf,length,margin,mm,pedicel,petiole,pore,purple,shape,shrub,simple,stem,surface,terminal,texture,trichome,type	.5,/4,0.3,0.4-0.6,0.5,0.5-0.8,1-15,1-3,1.5-2,1.5-2.5,2,2-3,2-3.5,2-4,3-5,3-6,6-8,7-8,acuminate,age,anthesi,arrangement,axillary,bark,bright,broadly,brown,bud,c.,capitate,characteristic,cm,completely,conical,corrugation,cup-shaped,densely,diameter,drying,edge,elliptic,entire,erect,exerted,exertion,flower,glabrescent,glabrous,glabrousnes,globose,greyish,height,history,leaf-opposed,lengthening,less,life,lobing,long-conical,long-styled,maturity,minutely,na,new,number,ovary,pair,pale,papillose,peduncle,per,plant,poricidal,primary,pubescent,seed,shoot,short,short-styled,size,slightly,slit,soon,stigma,stout,style,thickened,tip,tube,uniseriate,vein,violet,way,white,x,yellowish,–1/3							1.0-1.5,2.0-2.5,andromonoecious,appressed,articulation,basal,blue,bract,branching,breeding,broad-based,cell,connective,distinct,eglandular,elliptic-oblong,elongating,enlarged,flat,fork,hair,heteromorphism,inflated,insertion,interjected,internodal,interpetalar,leaflet,lilac,lower,marking,mature,membranous,modification,monochasial,multicellular,needle-like,none,odour,orientation,ovoid,paired,pattern,pink,placement,plurifoliate,position,present,prickle,pseudostipule,radially,rhizome,rotate,scale,simple-entire,smell,spot,staman,stellate,stone,structure,swollen,symmetric,symmetry,sympodial,system,tissue,tuber,unbranched,unit,vegetative,xylopodia,zygomorphy	15.0	72.0	93.0	absent,acute,apex,base,berry,green,hard,mm,pore,purple,shrub,simple,surface,terminal,trichome	.5,/4,0.3,0.4-0.6,0.5,0.5-0.8,1-15,1-3,1.5-2,1.5-2.5,2,2-3,2-3.5,2-4,3-5,3-6,6-8,7-8,acuminate,age,anthesi,axillary,bright,broadly,brown,c.,capitate,cm,completely,conical,cup-shaped,densely,diameter,edge,elliptic,entire,erect,exerted,flower,glabrescent,glabrous,globose,greyish,leaf-opposed,lengthening,less,long-conical,long-styled,maturity,minutely,na,pair,pale,papillose,poricidal,pubescent,shoot,short,short-styled,slightly,slit,soon,stout,thickened,tip,uniseriate,violet,way,white,x,yellowish,–1/3	1.0-1.5,2.0-2.5,andromonoecious,anther,appressed,articulation,basal,blue,bract,branch,branching,breeding,broad-based,calyx,cell,colour,connective,corolla,distinct,eglandular,elliptic-oblong,elongating,enlarged,filament,flat,fork,form,fruit,fruiting,growth,hair,heteromorphism,inflated,inflorescence,insertion,interjected,internodal,interpetalar,leaf,leaflet,length,lilac,lower,margin,marking,mature,membranous,modification,monochasial,multicellular,needle-like,none,odour,orientation,ovoid,paired,pattern,pedicel,petiole,pink,placement,plurifoliate,position,present,prickle,pseudostipule,radially,rhizome,rotate,scale,shape,simple-entire,smell,spot,staman,stellate,stem,stone,structure,swollen,symmetric,symmetry,sympodial,system,texture,tissue,tuber,type,unbranched,unit,vegetative,xylopodia,zygomorphy
124	wfo-0001027223	invalid_json_followup	NA	40	NA	38	107	73	anther,apex,base,berry,branch,calyx,cell,colour,corolla,distal,filament,forked,form,fruit,fruiting,green,growth,hair,herb,inflorescence,interjected,leaf,leaflet,length,margin,mm,ovoid,pedicel,petiole,prickle,pseudostipule,shape,stem,surface,terminal,texture,type,white	.5,0.19-0.75,0.3-1.2,1-2,1.3-2,1.5-3.5,1.8-3.5,16-41,3-10,3-5.2,3.5-4,3.5-6,3.5-7,3.7-9.3,4-6,5-21,5-8,5.9-12.2,9-22,\u201chair-like\u201d,abaxially,acuminate,adaxially,arrangement,attenuate,axillary,bark,brownish,bud,capitate,characteristic,clavate,cm,condition,conical,connivent,corrugation,covering,deep,densely,diameter,dot,drying,elliptic,erect,exertion,fresh,generally,glabrous,glabrousnes,green-white,greenish,half,height,history,hyaline,lanceolate,lateral,life,light,lobe,lobing,long,make,midpoint,mucilaginous,na,new,number,odd-pinnate,ovary,ovate,peduncle,per,plant,poricidal,primary,pubescent,purple,ray,ripe,rounded,seed,size,sometimes,stigma,stripe,style,subtending,testal,thick,thicknes,throughout,tip,tube,unwinged,usually,value,variation,vein,wall,wet,whitish,wide,width,x,yellow							1.0-2.0,1/2,5.0-8.0,absent,acute,appressed,articulation,asymmetric,bract,branching,breeding,broad-based,compound-entire,connective,cuneate,distinct,eglandular,elliptic-oblong,elongating,enlarged,flat,fleshy,fork,fully,hermaphroditic,heteromorphism,inflated,insertion,interpetalar,leathery,lower,marking,mature,membranous,modification,monochasial,multicellular,needle-like,none,odour,orientation,paired,pattern,placement,plurifoliate,pore,position,present,present-pair,radially,rhizome,rotate,scale,simple,smell,spot,staman,stellate,stone,structure,swollen,symmetric,symmetry,sympodial,system,tissue,trichome,trifoliate,tuber,unit,vegetative,xylopodia,zygomorphy	38.0	107.0	73.0	anther,apex,base,berry,branch,calyx,cell,colour,corolla,distal,filament,forked,form,fruit,fruiting,green,growth,hair,herb,inflorescence,interjected,leaf,leaflet,length,margin,mm,ovoid,pedicel,petiole,prickle,pseudostipule,shape,stem,surface,terminal,texture,type,white	.5,0.19-0.75,0.3-1.2,1-2,1.3-2,1.5-3.5,1.8-3.5,16-41,3-10,3-5.2,3.5-4,3.5-6,3.5-7,3.7-9.3,4-6,5-21,5-8,5.9-12.2,9-22,\u201chair-like\u201d,abaxially,acuminate,adaxially,arrangement,attenuate,axillary,bark,brownish,bud,capitate,characteristic,clavate,cm,condition,conical,connivent,corrugation,covering,deep,densely,diameter,dot,drying,elliptic,erect,exertion,fresh,generally,glabrous,glabrousnes,green-white,greenish,half,height,history,hyaline,lanceolate,lateral,life,light,lobe,lobing,long,make,midpoint,mucilaginous,na,new,number,odd-pinnate,ovary,ovate,peduncle,per,plant,poricidal,primary,pubescent,purple,ray,ripe,rounded,seed,size,sometimes,stigma,stripe,style,subtending,testal,thick,thicknes,throughout,tip,tube,unwinged,usually,value,variation,vein,wall,wet,whitish,wide,width,x,yellow	1.0-2.0,1/2,5.0-8.0,absent,acute,appressed,articulation,asymmetric,bract,branching,breeding,broad-based,compound-entire,connective,cuneate,distinct,eglandular,elliptic-oblong,elongating,enlarged,flat,fleshy,fork,fully,hermaphroditic,heteromorphism,inflated,insertion,interpetalar,leathery,lower,marking,mature,membranous,modification,monochasial,multicellular,needle-like,none,odour,orientation,paired,pattern,placement,plurifoliate,pore,position,present,present-pair,radially,rhizome,rotate,scale,simple,smell,spot,staman,stellate,stone,structure,swollen,symmetric,symmetry,sympodial,system,tissue,trichome,trifoliate,tuber,unit,vegetative,xylopodia,zygomorphy
125	wfo-0001027237	success	32	38	8	34	86	69	1.5-2.5,anther,apex,base,berry,calyx,colour,corolla,filament,form,fruit,fruiting,green,growth,inflorescence,interjected,internodal,leaf,leaflet,length,margin,mm,pedicel,petiole,prickle,pseudostipule,shape,shrub,stem,surface,texture,tree,type,white	.5,/4,1-1.2,1.5-2,2-3,3-3.5,3-4,30-100-flowered,6-11,6-8,8,appearance,arrangement,bark,black,border,branch,branched,brown,bud,characteristic,clavate,cm,completely,corrugation,cup-shaped,dark,deflexed,dia,diameter,distal,drying,ellipsoid,exertion,exsertion,flattened,giving,glabrous,glabrousnes,globose,greenish-white,greyish,height,history,later,lateral,life,lobe,lobing,long,many,midpoint,minutely,na,new,number,ovary,paler,peduncle,per,pitted,plant,primary,ray,regularly,reniform,seed,shaped,shining,size,slender,small,stigma,style,tapering,tear-drop,terminal,thicknes,time,tube,variation,vein,way,width,x,x.							0.5,absent,appressed,articulation,attenuate,basal,bract,branching,breeding,broad-based,cell,connective,cuneate,difoliate,discrete,distinct,elliptic-oblong,enlarged,flat,fleshy,hair,heteromorphism,inflated,insertion,interpetalar,leathery,lower,marking,mature,membranous,modification,monochasial,multi-branched,needle-like,non-geminate,none,odour,orientation,paired,pattern,placement,plurifoliate,pore,position,present,radially,rhizome,round,scale,simple-entire,smell,spot,staman,stellate,stone,structure,swollen,symmetric,symmetry,sympodial,system,tissue,trichome,tuber,unit,vegetative,winged,xylopodia,zygomorphy	12.0	51.0	91.0	1.5-2.5,base,berry,calyx,corolla,green,internodal,margin,mm,shrub,tree,white	-1.2,.5,/4,1-1.2,1.5-2,2-3,3-3.5,3-4,30-100-flowered,6-11,6-8,8,black,branched,brown,clavate,cm,completely,cup-shaped,dark,deflexed,di,dia,drying,ellipsoid,exsertion,flattened,glabrous,globose,greenish-white,greyish,later,long,many,minutely,na,paler,pitted,regularly,reniform,shaped,shining,slender,small,tapering,tear-drop,time,tube,way,x,x.	0.5,absent,anther,apex,appressed,articulation,attenuate,basal,bract,branching,breeding,broad-based,cell,colour,connective,cuneate,difoliate,discrete,distinct,elliptic-oblong,enlarged,filament,flat,fleshy,form,fruit,fruiting,growth,hair,heteromorphism,inflated,inflorescence,insertion,interjected,interpetalar,leaf,leaflet,leathery,length,lower,marking,mature,membranous,modification,monochasial,multi-branched,needle-like,non-geminate,none,odour,orientation,paired,pattern,pedicel,petiole,placement,plurifoliate,pore,position,present,prickle,pseudostipule,radially,rhizome,round,scale,shape,simple-entire,smell,spot,staman,stellate,stem,stone,structure,surface,swollen,symmetric,symmetry,sympodial,system,texture,tissue,trichome,tuber,type,unit,vegetative,winged,xylopodia,zygomorphy
126	wfo-0001027238	invalid_json_followup	NA	40	NA	37	125	77	acute,anther,apex,base,berry,black,calyx,colour,corolla,filament,fleshy,form,fruit,fruiting,growth,hair,inflorescence,interjected,leaf,leaflet,length,margin,mm,pedicel,petiole,prickle,pseudostipule,purple,shape,shrub,stem,surface,texture,tree,type,unbranched,white	.3,.5,0-1,0-1.5,0.3-0.8,0.3-5,0.5-1,0.5-16,0.5-2,1-1.5,1-2,1.5-3,1.5-4,10,15-30,2-4,3-4,3-6,4-10,4-5,5-15,6-15-25,6-8,abaxially,acuminate,adaxially,arrangement,bark,blade,branch,brown,bud,capitate,characteristic,chartaceous,cm,connivent,corrugation,cuneate,dark,deltate,densely,diameter,distal,drying,elliptic,elliptic-ovate,entire,exertion,extra-axillary,flattened,flower,glabrous,glabrousnes,gland,globose,green,greenish,height,history,lateral,lavender,life,light,lighter,lobe,lobing,long,major,membranaceous,midpoint,minutely,multangulate,na,narrowly,near,nearly,new,number,oblique,oblong,obtuse,outline,ovary,pale,peduncle,per,pitted,plant,porrect-stellate,primary,pubescent,ray,reniform,ripe,rounded,scandent,seed,sessile,shiny,side,simple,size,small,sometimes,sparse,sprawling,stellate-pubescent,stigma,strongly,style,terminal,thicknes,tip,triangular,tube,unarmed,value,variation,vein,whitish,width,x,yellow,yellowish							0.4-1.0,1.0-3.0,absent,appressed,articulation,asymmetric,basal,blue,bract,branching,breeding,broad-based,cell,connective,difoliate,distinct,eglandular,elliptic-oblong,elongating,enlarged,flat,fully,geminate,glandular,hermaphroditic,heteromorphism,inflated,insertion,internodal,interpetalar,leaf-opposed,leathery,lilac,lower,marking,mature,membranous,modification,monochasial,needle-like,non-geminate,none,odour,orientation,paired,pattern,pink,placement,plurifoliate,pore,position,present,radially,rhizome,round,scale,simple-entire,smell,spot,staman,stellate,stone,structure,swollen,symmetric,symmetry,sympodial,system,tissue,trichome,tuber,unit,vegetative,vine,woody,xylopodia,zygomorphy	37.0	125.0	77.0	acute,anther,apex,base,berry,black,calyx,colour,corolla,filament,fleshy,form,fruit,fruiting,growth,hair,inflorescence,interjected,leaf,leaflet,length,margin,mm,pedicel,petiole,prickle,pseudostipule,purple,shape,shrub,stem,surface,texture,tree,type,unbranched,white	.3,.5,0-1,0-1.5,0.3-0.8,0.3-5,0.5-1,0.5-16,0.5-2,1-1.5,1-2,1.5-3,1.5-4,10,15-30,2-4,3-4,3-6,4-10,4-5,5-15,6-15-25,6-8,abaxially,acuminate,adaxially,arrangement,bark,blade,branch,brown,bud,capitate,characteristic,chartaceous,cm,connivent,corrugation,cuneate,dark,deltate,densely,diameter,distal,drying,elliptic,elliptic-ovate,entire,exertion,extra-axillary,flattened,flower,glabrous,glabrousnes,gland,globose,green,greenish,height,history,lateral,lavender,life,light,lighter,lobe,lobing,long,major,membranaceous,midpoint,minutely,multangulate,na,narrowly,near,nearly,new,number,oblique,oblong,obtuse,outline,ovary,pale,peduncle,per,pitted,plant,porrect-stellate,primary,pubescent,ray,reniform,ripe,rounded,scandent,seed,sessile,shiny,side,simple,size,small,sometimes,sparse,sprawling,stellate-pubescent,stigma,strongly,style,terminal,thicknes,tip,triangular,tube,unarmed,value,variation,vein,whitish,width,x,yellow,yellowish	0.4-1.0,1.0-3.0,absent,appressed,articulation,asymmetric,basal,blue,bract,branching,breeding,broad-based,cell,connective,difoliate,distinct,eglandular,elliptic-oblong,elongating,enlarged,flat,fully,geminate,glandular,hermaphroditic,heteromorphism,inflated,insertion,internodal,interpetalar,leaf-opposed,leathery,lilac,lower,marking,mature,membranous,modification,monochasial,needle-like,non-geminate,none,odour,orientation,paired,pattern,pink,placement,plurifoliate,pore,position,present,radially,rhizome,round,scale,simple-entire,smell,spot,staman,stellate,stone,structure,swollen,symmetric,symmetry,sympodial,system,tissue,trichome,tuber,unit,vegetative,vine,woody,xylopodia,zygomorphy
127	wfo-0001027244	invalid_json_followup	NA	40	NA	38	104	80	0.5,1/2,acute,anther,apex,base,berry,calyx,cell,colour,corolla,distal,filament,form,fruit,fruiting,green,growth,herb,inflorescence,interjected,leaf,leaflet,length,margin,mm,pedicel,petiole,purple,rounded,shape,simple,stem,surface,texture,truncate,type,yellow	-12,-2,0.05,0.07-0.15,0.2-1,0.3-0.6,0.45-0.6,0.5-0.8,0.7-1.5,0.7-1.6,0.8,0.9-1.3,1,1-3.5,1.1-1.3,1.2-1.6,1.5-2.1,1.5-2.4-3.2,1.5-6.5,1.7-3.0,2.1-8,3.5-13,3/4,4-12,5-10,anthesi,arrangement,articulated,bark,bifurcate,branch,branched,broadly,brown,bud,capitate,characteristic,cm,conical,cordate,corrugation,crenate,curved,dark,decurrent,densely,dentate,diameter,drying,elliptic,exertion,exserted,glabrousnes,globose,greenish,hair-like,half,halfway,height,history,imparipinnate,interrupted,irregularly,lateral,life,lobe,lobed,lobing,long,middle,minute,na,new,oblique,obovate,often,orbicular,outgrowth,ovary,peduncle,perennial,plant,primary,pubescent,rotate-stellate,seed,size,somewhat,stigma,stripe,strongly,style,terminal,testa,thick,tube,value,vein,velvety,vivid,wall,white,wide,woody							4.5-6.0,absent,appressed,articulation,asymmetric,black,bract,branching,breeding,broad-based,compound-lobed,compound-toothed,connective,cuneate,difoliate,distinct,eglandular,elongated,elongating,enlarged,flat,fleshy,forked,fully,glandular,hair,hermaphroditic,heteromorphism,inflated,insertion,internodal,interpetalar,leathery,lower,marking,mature,membranous,modification,monochasial,multicellular,needle-like,non-geminate,none,odour,orientation,paired,pattern,pinnatifid,placement,pore,position,present,present-pair,prickle,pseudostipule,radially,rhizome,rotate,round,scale,smell,spot,staman,stellate,stone,structure,swollen,symmetric,symmetry,sympodial,system,tapered-lanceolate,tissue,trichome,tuber,unbranched,unit,vegetative,xylopodia,zygomorphy	38.0	104.0	80.0	0.5,1/2,acute,anther,apex,base,berry,calyx,cell,colour,corolla,distal,filament,form,fruit,fruiting,green,growth,herb,inflorescence,interjected,leaf,leaflet,length,margin,mm,pedicel,petiole,purple,rounded,shape,simple,stem,surface,texture,truncate,type,yellow	-12,-2,0.05,0.07-0.15,0.2-1,0.3-0.6,0.45-0.6,0.5-0.8,0.7-1.5,0.7-1.6,0.8,0.9-1.3,1,1-3.5,1.1-1.3,1.2-1.6,1.5-2.1,1.5-2.4-3.2,1.5-6.5,1.7-3.0,2.1-8,3.5-13,3/4,4-12,5-10,anthesi,arrangement,articulated,bark,bifurcate,branch,branched,broadly,brown,bud,capitate,characteristic,cm,conical,cordate,corrugation,crenate,curved,dark,decurrent,densely,dentate,diameter,drying,elliptic,exertion,exserted,glabrousnes,globose,greenish,hair-like,half,halfway,height,history,imparipinnate,interrupted,irregularly,lateral,life,lobe,lobed,lobing,long,middle,minute,na,new,oblique,obovate,often,orbicular,outgrowth,ovary,peduncle,perennial,plant,primary,pubescent,rotate-stellate,seed,size,somewhat,stigma,stripe,strongly,style,terminal,testa,thick,tube,value,vein,velvety,vivid,wall,white,wide,woody	4.5-6.0,absent,appressed,articulation,asymmetric,black,bract,branching,breeding,broad-based,compound-lobed,compound-toothed,connective,cuneate,difoliate,distinct,eglandular,elongated,elongating,enlarged,flat,fleshy,forked,fully,glandular,hair,hermaphroditic,heteromorphism,inflated,insertion,internodal,interpetalar,leathery,lower,marking,mature,membranous,modification,monochasial,multicellular,needle-like,non-geminate,none,odour,orientation,paired,pattern,pinnatifid,placement,pore,position,present,present-pair,prickle,pseudostipule,radially,rhizome,rotate,round,scale,smell,spot,staman,stellate,stone,structure,swollen,symmetric,symmetry,sympodial,system,tapered-lanceolate,tissue,trichome,tuber,unbranched,unit,vegetative,xylopodia,zygomorphy
128	wfo-0001027248	invalid_json_followup	NA	39	NA	38	112	66	acute,anther,apex,base,berry,calyx,colour,corolla,difoliate,filament,form,fruit,fruiting,geminate,green,growth,inflorescence,interjected,leaf,leaflet,length,margin,mm,pedicel,petiole,prickle,pseudostipule,shape,shrub,simple,stem,surface,texture,tree,trichome,type,unifoliate,white	.5,0,0.5-1,0.5-2.5,0.7-1.2,1-1.5,1-2,1-5,2-2.5,3-4,3-7,3-7-flowered,3.5-4,5-5.5,6-13,6.5-8,7-9,abaxially,adaxially,appearing,arachnoid,arachnoid-pubescent,area,arrangement,bark,beige,beneath,branch,broadened,broadly,brown,brownish,brownish-gray,bud,characteristic,cm,conical,corrugation,dark,deflexed,densely,dia,diameter,dirty,distal,drying,ellipsoid,elliptic,erect,exertion,exserted,felty,glabrescent,glabrous,glabrousnes,globose,grayish-green,height,history,later,lateral,life,lightly,lobe,lobed,lobing,long,main,merely,midpoint,minutely,na,nearly,new,node,number,occasionally,ovary,ovoid-reniform,pair,pale,patch,peduncle,per,pitted,plant,primary,pubescence,pubescent,ray,scattered,seed,shaped,size,small,somewhat,soon,sparsely,stigma,strongly,style,tear-drop,terminal,thicknes,top,tube,value,variation,vein,wide,width,winged							1.5,3.0-4.0,absent,appressed,articulation,basal,bract,branched,branching,breeding,broad-based,cell,connective,dendritic,discrete,distinct,elliptic-oblong,enlarged,flat,fleshy,hair,heteromorphism,inflated,insertion,interpetalar,leaf-opposed,leathery,lower,marking,mature,membranous,modification,monochasial,needle-like,none,odour,orientation,paired,pattern,placement,pore,position,present,radially,rhizome,round,scale,simple-entire,smell,spot,staman,stellate,stone,structure,swollen,symmetric,symmetry,sympodial,system,tissue,tuber,unbranched,unit,vegetative,xylopodia,zygomorphy	38.0	112.0	66.0	acute,anther,apex,base,berry,calyx,colour,corolla,difoliate,filament,form,fruit,fruiting,geminate,green,growth,inflorescence,interjected,leaf,leaflet,length,margin,mm,pedicel,petiole,prickle,pseudostipule,shape,shrub,simple,stem,surface,texture,tree,trichome,type,unifoliate,white	.5,0,0.5-1,0.5-2.5,0.7-1.2,1-1.5,1-2,1-5,2-2.5,3-4,3-7,3-7-flowered,3.5-4,5-5.5,6-13,6.5-8,7-9,abaxially,adaxially,appearing,arachnoid,arachnoid-pubescent,area,arrangement,bark,beige,beneath,branch,broadened,broadly,brown,brownish,brownish-gray,bud,characteristic,cm,conical,corrugation,dark,deflexed,densely,dia,diameter,dirty,distal,drying,ellipsoid,elliptic,erect,exertion,exserted,felty,glabrescent,glabrous,glabrousnes,globose,grayish-green,height,history,later,lateral,life,lightly,lobe,lobed,lobing,long,main,merely,midpoint,minutely,na,nearly,new,node,number,occasionally,ovary,ovoid-reniform,pair,pale,patch,peduncle,per,pitted,plant,primary,pubescence,pubescent,ray,scattered,seed,shaped,size,small,somewhat,soon,sparsely,stigma,strongly,style,tear-drop,terminal,thicknes,top,tube,value,variation,vein,wide,width,winged	1.5,3.0-4.0,absent,appressed,articulation,basal,bract,branched,branching,breeding,broad-based,cell,connective,dendritic,discrete,distinct,elliptic-oblong,enlarged,flat,fleshy,hair,heteromorphism,inflated,insertion,interpetalar,leaf-opposed,leathery,lower,marking,mature,membranous,modification,monochasial,needle-like,none,odour,orientation,paired,pattern,placement,pore,position,present,radially,rhizome,round,scale,simple-entire,smell,spot,staman,stellate,stone,structure,swollen,symmetric,symmetry,sympodial,system,tissue,tuber,unbranched,unit,vegetative,xylopodia,zygomorphy
129	wfo-0001027258	invalid_json_followup	NA	38	NA	37	109	68	acute,anther,apex,base,berry,calyx,colour,corolla,filament,form,fruit,fruiting,green,growth,inflorescence,interjected,leaf,leaflet,length,margin,mm,pedicel,petiole,pore,prickle,pseudostipule,shape,shrub,simple,stem,surface,swollen,texture,trichome,type,white,winged	/4,0.5-1,0.6-2,0.9-1.3,1-1.5,1-2.3,1.2-2,1.5-1.6,2-2.5,3-6,3.5-4,4-5,4.5-5,5-10-flowered,6-8,7-13,7-9,abaxially,abruptly,acuminate,adaxially,age,along,alternate,arrangement,attenuate,bark,branch,broadly,bud,capitate,characteristic,cm,corrugation,decurrent,densely,dia,diameter,distal,drying,ellipsoid,elliptic,entire,exertion,flattened-reniform,glabrous,glabrousnes,globose,greenish-yellow,height,history,large,lateral,lengthening,lenticel,life,lobe,lobed,lobing,long,main,midpoint,minutely,na,new,number,onto,ovary,ovate,pair,pale,papillose,peduncle,per,pitted,plant,poricidal,primary,pubescent,ray,reddish,scattered,seed,size,slender,slightly,slit,small,sparsely,stigma,straight,style,terminal,thicknes,tip,treelet,tube,tuft,uniseriate,urceolate,value,variation,vein,way,widening,width,x,yellowish,yellowish-tan							0.5,4.5-5.0,absent,appressed,articulation,basal,bract,branching,breeding,broad-based,cell,connective,difoliate,distinct,eglandular,elliptic-oblong,elongating,enlarged,flat,fleshy,geminate,hair,heteromorphism,inflated,insertion,internodal,interpetalar,leaf-opposed,leathery,lower,marking,mature,membranous,modification,monochasial,multicellular,needle-like,none,odour,orientation,paired,pattern,placement,position,present,radially,rhizome,round,scale,simple-entire,smell,spot,staman,stellate,stone,structure,symmetric,symmetry,sympodial,system,tissue,tree,tuber,unbranched,unit,vegetative,xylopodia,zygomorphy	37.0	109.0	68.0	acute,anther,apex,base,berry,calyx,colour,corolla,filament,form,fruit,fruiting,green,growth,inflorescence,interjected,leaf,leaflet,length,margin,mm,pedicel,petiole,pore,prickle,pseudostipule,shape,shrub,simple,stem,surface,swollen,texture,trichome,type,white,winged	/4,0.5-1,0.6-2,0.9-1.3,1-1.5,1-2.3,1.2-2,1.5-1.6,2-2.5,3-6,3.5-4,4-5,4.5-5,5-10-flowered,6-8,7-13,7-9,abaxially,abruptly,acuminate,adaxially,age,along,alternate,arrangement,attenuate,bark,branch,broadly,bud,capitate,characteristic,cm,corrugation,decurrent,densely,dia,diameter,distal,drying,ellipsoid,elliptic,entire,exertion,flattened-reniform,glabrous,glabrousnes,globose,greenish-yellow,height,history,large,lateral,lengthening,lenticel,life,lobe,lobed,lobing,long,main,midpoint,minutely,na,new,number,onto,ovary,ovate,pair,pale,papillose,peduncle,per,pitted,plant,poricidal,primary,pubescent,ray,reddish,scattered,seed,size,slender,slightly,slit,small,sparsely,stigma,straight,style,terminal,thicknes,tip,treelet,tube,tuft,uniseriate,urceolate,value,variation,vein,way,widening,width,x,yellowish,yellowish-tan	0.5,4.5-5.0,absent,appressed,articulation,basal,bract,branching,breeding,broad-based,cell,connective,difoliate,distinct,eglandular,elliptic-oblong,elongating,enlarged,flat,fleshy,geminate,hair,heteromorphism,inflated,insertion,internodal,interpetalar,leaf-opposed,leathery,lower,marking,mature,membranous,modification,monochasial,multicellular,needle-like,none,odour,orientation,paired,pattern,placement,position,present,radially,rhizome,round,scale,simple-entire,smell,spot,staman,stellate,stone,structure,symmetric,symmetry,sympodial,system,tissue,tree,tuber,unbranched,unit,vegetative,xylopodia,zygomorphy
130	wfo-0001027260	invalid_json_followup	NA	37	NA	38	105	74	anther,apex,base,berry,calyx,colour,cordate,corolla,eglandular,filament,form,fruit,fruiting,growth,hair,inflorescence,interjected,leaf,leaflet,length,margin,mm,pedicel,petiole,pink,prickle,pseudostipule,purple,shape,shrub,simple,stem,surface,texture,tree,type,unbranched,white	0.25-1,0.5-3,0.5-6.5,0.8-2,1-2,1-2.5-14,1-3,1-4,1.5-13,2-18,2-2.5,2.5-3.5,3-4.5,3-6,3.5-25,4-25,4-32,5-10-25,5-40-60,abaxially,acuminate,acute-,adaxially,age,also,arrangement,bark,basal,beyond,branch,branched,bud,characteristic,clavate,cm,corrugation,cylindrical,darker,densely,diameter,distal,drying,ellipsoidal,elliptic,elliptic-ovate,entire,exertion,exserted,fading,flattened,flower,glabrate,glabrous,glabrousnes,globose,greenish,height,history,lanceolate,lateral,lavender,life,lobe,lobing,long,longitudinal,midpoint,moderately,na,new,number,obtuse,often,ovary,ovate,peduncle,per,pilose,plant,primary,puberulent,puberulent-pubescent,pubescent,pubescent-pilose,ray,seed,size,small,sparsely,stamen,stigma,stripe,style,terminal,thicknes,truncate,tube,usually,value,variation,vein,width,x,yellow-green,yellowish							3.0-6.0,absent,appressed,articulation,axillary,blue,bract,branching,breeding,broad-based,cell,connective,coriaceous,dendritic,discrete,distinct,ellipsoid,enlarged,flat,fleshy,forked,fully,green,hermaphroditic,heteromorphism,inflated,insertion,internodal,interpetalar,leathery,lilac,lower,marking,mature,membranous,modification,multicellular,near-basal,needle-like,none,odour,orientation,paired,pattern,placement,plurifoliate,pore,position,present,radially,rhizome,round,scale,simple-entire,smell,spot,staman,stellate,stone,structure,swollen,symmetric,symmetry,sympodial,system,tapered-lanceolate,tissue,trichome,tuber,unit,vegetative,xylopodia,yellow,zygomorphy	38.0	105.0	74.0	anther,apex,base,berry,calyx,colour,cordate,corolla,eglandular,filament,form,fruit,fruiting,growth,hair,inflorescence,interjected,leaf,leaflet,length,margin,mm,pedicel,petiole,pink,prickle,pseudostipule,purple,shape,shrub,simple,stem,surface,texture,tree,type,unbranched,white	0.25-1,0.5-3,0.5-6.5,0.8-2,1-2,1-2.5-14,1-3,1-4,1.5-13,2-18,2-2.5,2.5-3.5,3-4.5,3-6,3.5-25,4-25,4-32,5-10-25,5-40-60,abaxially,acuminate,acute-,adaxially,age,also,arrangement,bark,basal,beyond,branch,branched,bud,characteristic,clavate,cm,corrugation,cylindrical,darker,densely,diameter,distal,drying,ellipsoidal,elliptic,elliptic-ovate,entire,exertion,exserted,fading,flattened,flower,glabrate,glabrous,glabrousnes,globose,greenish,height,history,lanceolate,lateral,lavender,life,lobe,lobing,long,longitudinal,midpoint,moderately,na,new,number,obtuse,often,ovary,ovate,peduncle,per,pilose,plant,primary,puberulent,puberulent-pubescent,pubescent,pubescent-pilose,ray,seed,size,small,sparsely,stamen,stigma,stripe,style,terminal,thicknes,truncate,tube,usually,value,variation,vein,width,x,yellow-green,yellowish	3.0-6.0,absent,appressed,articulation,axillary,blue,bract,branching,breeding,broad-based,cell,connective,coriaceous,dendritic,discrete,distinct,ellipsoid,enlarged,flat,fleshy,forked,fully,green,hermaphroditic,heteromorphism,inflated,insertion,internodal,interpetalar,leathery,lilac,lower,marking,mature,membranous,modification,multicellular,near-basal,needle-like,none,odour,orientation,paired,pattern,placement,plurifoliate,pore,position,present,radially,rhizome,round,scale,simple-entire,smell,spot,staman,stellate,stone,structure,swollen,symmetric,symmetry,sympodial,system,tapered-lanceolate,tissue,trichome,tuber,unit,vegetative,xylopodia,yellow,zygomorphy
131	wfo-0001027265	success	42	39	8	38	91	77	acute,anther,apex,base,berry,calyx,colour,corolla,filament,form,fruit,fruiting,growth,hair,herb,inflorescence,interjected,leaf,leaf-opposed,leaflet,length,lower,margin,mm,orange,pedicel,petiole,prickle,pseudostipule,purple,red,shape,simple,stem,surface,texture,type,white	.2,.3,.5,0.1-2,0.2-0.4,0.5,0.5-0.6,0.5-1,1.2-1.4,1.2-2,1.5-1.8,1.5-4,2,2-2.5,2-3,2-4,2/3,20-30,30-50,4-6,4-7-branched,4.5-8,appearance,arrangement,bark,border,branch,bud,capitate,characteristic,chartaceous,cm,corrugation,diameter,distal,drying,entire,exertion,extra-axillary,flattened-reniform,flower,giving,glabrous,glabrousnes,globose,height,history,lateral,life,light,lobe,lobing,long,long-attenuate,midpoint,minutely,na,nearly,new,number,numerous,oblong,obtuse,ovary,ovate-lanceolate,peduncle,per,pitted,plant,primary,puberulent,pubescent,ray,recurved,ripe,seed,size,sparsely,stigma,style,subcoriaceous,terminal,thicknes,triangular,tube,variation,vein,weak,width,x,yellow							0.2,0.8-1.8,absent,appressed,articulation,basal,blue,bract,branching,breeding,broad-based,cell,connective,cuneate,difoliate,eglandular,elliptic-oblong,elongating,enlarged,flat,fleshy,forked,fully,hermaphroditic,heteromorphism,inflated,insertion,internodal,interpetalar,leathery,lilac,marking,mature,membranous,modification,monochasial,multi-branched,multicellular,needle-like,non-geminate,none,odour,orientation,paired,pattern,pink,placement,pore,position,present,radially,rhizome,rotate,round,scale,shrub,simple-entire,smell,spot,staman,stellate,stone,structure,swollen,symmetric,symmetry,sympodial,system,tissue,trichome,trifoliate,tuber,unit,vegetative,winged,xylopodia,zygomorphy	14.0	53.0	101.0	acute,apex,base,berry,hair,herb,leaf-opposed,lower,mm,orange,purple,red,simple,white	.2,.3,.5,0.1-2,0.2-0.4,0.5,0.5-0.6,0.5-1,1.2-1.4,1.2-2,1.5-1.8,1.5-4,2,2-2.5,2-3,2-4,2/3,20-30,30-50,4-6,4-7-branched,4.5-8,capitate,chartaceous,cm,diameter,entire,extra-axillary,flattened-reniform,flower,glabrous,globose,light,long,long-attenuate,minutely,na,nearly,numerous,oblong,obtuse,ovate-lanceolate,pitted,puberulent,pubescent,recurved,ripe,sparsely,subcoriaceous,triangular,weak,x,yellow	0.2,0.8-1.8,absent,anther,appressed,articulation,basal,blue,bract,branching,breeding,broad-based,calyx,cell,colour,connective,corolla,cuneate,difoliate,eglandular,elliptic-oblong,elongating,enlarged,filament,flat,fleshy,forked,form,fruit,fruiting,fully,growth,hermaphroditic,heteromorphism,inflated,inflorescence,insertion,interjected,internodal,interpetalar,leaf,leaflet,leathery,length,lilac,margin,marking,mature,membranous,modification,monochasial,multi-branched,multicellular,needle-like,non-geminate,none,odour,orientation,paired,pattern,pedicel,petiole,pink,placement,pore,position,present,prickle,pseudostipule,radially,rhizome,rotate,round,scale,shape,shrub,simple-entire,smell,spot,staman,stellate,stem,stone,structure,surface,swollen,symmetric,symmetry,sympodial,system,texture,tissue,trichome,trifoliate,tuber,type,unit,vegetative,winged,xylopodia,zygomorphy
132	wfo-0001027265	success	40	39	8	37	88	78	acute,anther,apex,base,calyx,colour,corolla,filament,form,fruit,fruiting,growth,hair,herb,inflorescence,interjected,leaf,leaf-opposed,leaflet,length,lower,margin,mm,orange,pedicel,petiole,prickle,pseudostipule,purple,red,shape,simple,stem,surface,texture,type,white	.2,.3,0.1-2,0.2-0.4,0.5,0.5-1,1.2-1.4,1.2-2,1.5-1.8,1.5-4,2,2-2.5,2-3,2/3,20-30,30-50,4-6,4-7-branched,4.5-8,appearance,arrangement,bark,border,branch,bud,capitate,characteristic,chartaceous,cm,corrugation,cylindrical,diameter,distal,drying,entire,exertion,extra-axillary,flattened-reniform,flower,giving,glabrous,glabrousnes,globose,height,history,lateral,life,light,lobe,lobing,long,long-attenuate,midpoint,minutely,na,nearly,new,number,numerous,oblong,ovary,ovate-lanceolate,peduncle,per,pitted,plant,primary,puberulent,pubescent,ray,recurved,ripe,seed,size,sparsely,stigma,style,subcoriaceous,terminal,thicknes,triangular,tube,variation,vein,weak,width,x,yellow							0.2,0.8-1.8,absent,appressed,articulation,basal,berry,blue,bract,branching,breeding,broad-based,cell,connective,cuneate,difoliate,eglandular,elliptic-oblong,elongating,enlarged,flat,fleshy,forked,fully,hermaphroditic,heteromorphism,inflated,insertion,internodal,interpetalar,leathery,lilac,marking,mature,membranous,modification,monochasial,multi-branched,multicellular,needle-like,non-geminate,none,odour,orientation,paired,pattern,pink,placement,pore,position,present,radially,rhizome,rotate,round,scale,shrub,simple-entire,smell,spot,staman,stellate,stone,structure,swollen,symmetric,symmetry,sympodial,system,tissue,trichome,trifoliate,tuber,unit,vegetative,winged,xylopodia,zygomorphy	12.0	50.0	103.0	acute,base,hair,herb,leaf-opposed,lower,mm,orange,purple,red,simple,white	.2,.3,0.1-2,0.2-0.4,0.5,0.5-1,1.2-1.4,1.2-2,1.5-1.8,1.5-4,2,2-2.5,2-3,2/3,20-30,30-50,4-6,4-7-branched,4.5-8,capitate,chartaceous,cm,cylindrical,diameter,entire,extra-axillary,flattened-reniform,flower,glabrous,globose,light,long,long-attenuate,minutely,na,nearly,numerous,oblong,ovate-lanceolate,pitted,puberulent,pubescent,recurved,ripe,sparsely,subcoriaceous,triangular,weak,x,yellow	0.2,0.8-1.8,absent,anther,apex,appressed,articulation,basal,berry,blue,bract,branching,breeding,broad-based,calyx,cell,colour,connective,corolla,cuneate,difoliate,eglandular,elliptic-oblong,elongating,enlarged,filament,flat,fleshy,forked,form,fruit,fruiting,fully,growth,hermaphroditic,heteromorphism,inflated,inflorescence,insertion,interjected,internodal,interpetalar,leaf,leaflet,leathery,length,lilac,margin,marking,mature,membranous,modification,monochasial,multi-branched,multicellular,needle-like,non-geminate,none,odour,orientation,paired,pattern,pedicel,petiole,pink,placement,pore,position,present,prickle,pseudostipule,radially,rhizome,rotate,round,scale,shape,shrub,simple-entire,smell,spot,staman,stellate,stem,stone,structure,surface,swollen,symmetric,symmetry,sympodial,system,texture,tissue,trichome,trifoliate,tuber,type,unit,vegetative,winged,xylopodia,zygomorphy
133	wfo-0001027284	invalid_json_followup	NA	39	NA	43	105	73	anther,apex,axillary,base,berry,branch,calyx,colour,cordate,corolla,filament,fleshy,form,fruit,fruiting,growth,herbaceous,inflorescence,interjected,leaf,leaflet,length,margin,mm,ovoid,pedicel,petiole,prickle,pseudostipule,rounded,shape,shrub,simple,stem,surface,terminal,texture,truncate,type,unbranched,vine,white,woody	.3,0.1–0.5,0.2–,0.7–0.9,0.7–1,1.2–1.5,1.5–2,1.5–8,1.8–2,1–1.5,2–16,2–2.2,3.5–14,3–4,4,4–12,4–6,9–18,abaxially,acuminate,acute,adaxially,anthesi,arrangement,bark,branched,brownish,bud,capitate,characteristic,cm,corrugation,deltoid,densely,diameter,distal,drying,elliptic,entire,exertion,extra-axillary,fine,flattened-reniform,flower,glabrescent,glabrous,glabrousnes,globose,green,height,history,lateral,life,lobe,lobing,maturity,midpoint,midvein,minutely,na,nearly,new,number,oblique,orangish,ovary,ovate,pale,peduncle,pendulous,per,pinnate,planar,plant,primary,pubescence,pubescent,rarely,ray,reticulate-rugulose,sand-punctate,scandent,scar,seed,shortly,size,sometimes,somewhat,soon,sparsely,spreading,stem-terminal,stigma,style,tan,thickly,thicknes,tip,tube,value,variation,vein,weakly,width,x							1.0-1.5,3.0-4.0,absent,appressed,articulation,basal,bract,branching,breeding,broad-based,brown,cell,connective,distinct,eglandular,elliptic-oblong,elongating,enlarged,flat,fork,forked,fully,hair,herb,hermaphroditic,heteromorphism,inflated,insertion,internodal,interpetalar,leathery,lower,marking,mature,modification,monochasial,multicellular,needle-like,none,odour,orange,orientation,paired,pattern,placement,plurifoliate,pore,position,radially,red,rhizome,round,scale,simple-entire,smell,spot,staman,stellate,stone,structure,swollen,symmetric,symmetry,sympodial,system,tissue,trichome,tuber,unifoliate,unit,vegetative,xylopodia,zygomorphy	43.0	105.0	73.0	anther,apex,axillary,base,berry,branch,calyx,colour,cordate,corolla,filament,fleshy,form,fruit,fruiting,growth,herbaceous,inflorescence,interjected,leaf,leaflet,length,margin,mm,ovoid,pedicel,petiole,prickle,pseudostipule,rounded,shape,shrub,simple,stem,surface,terminal,texture,truncate,type,unbranched,vine,white,woody	.3,0.1–0.5,0.2–,0.7–0.9,0.7–1,1.2–1.5,1.5–2,1.5–8,1.8–2,1–1.5,2–16,2–2.2,3.5–14,3–4,4,4–12,4–6,9–18,abaxially,acuminate,acute,adaxially,anthesi,arrangement,bark,branched,brownish,bud,capitate,characteristic,cm,corrugation,deltoid,densely,diameter,distal,drying,elliptic,entire,exertion,extra-axillary,fine,flattened-reniform,flower,glabrescent,glabrous,glabrousnes,globose,green,height,history,lateral,life,lobe,lobing,maturity,midpoint,midvein,minutely,na,nearly,new,number,oblique,orangish,ovary,ovate,pale,peduncle,pendulous,per,pinnate,planar,plant,primary,pubescence,pubescent,rarely,ray,reticulate-rugulose,sand-punctate,scandent,scar,seed,shortly,size,sometimes,somewhat,soon,sparsely,spreading,stem-terminal,stigma,style,tan,thickly,thicknes,tip,tube,value,variation,vein,weakly,width,x	1.0-1.5,3.0-4.0,absent,appressed,articulation,basal,bract,branching,breeding,broad-based,brown,cell,connective,distinct,eglandular,elliptic-oblong,elongating,enlarged,flat,fork,forked,fully,hair,herb,hermaphroditic,heteromorphism,inflated,insertion,internodal,interpetalar,leathery,lower,marking,mature,modification,monochasial,multicellular,needle-like,none,odour,orange,orientation,paired,pattern,placement,plurifoliate,pore,position,radially,red,rhizome,round,scale,simple-entire,smell,spot,staman,stellate,stone,structure,swollen,symmetric,symmetry,sympodial,system,tissue,trichome,tuber,unifoliate,unit,vegetative,xylopodia,zygomorphy
134	wfo-0001027302	invalid_json	NA	39	NA	38	118	78	anther,apex,basal,base,berry,branching,calyx,colour,cordate,corolla,dendritic,filament,form,fruit,fruiting,growth,inflorescence,leaf,length,margin,mm,monochasial,pedicel,petiole,plurifoliate,pore,red,shape,shrub,staman,stem,surface,terminal,texture,tree,trichome,truncate,type	.5,0.5,0.5-1,0.6-1,0.8-1,1,1-1.3,1-1.5,1-2,1-3,1.2-1.6,1.2-2.5,1.5-2,10,10-20,2-3,2-6,2.2,2.7-7.5,3.5-5,3/4,5-7,7,7/8,abaxial,acuminate,acute,adaxial,age,along,apical,appearing,arrangement,bark,becoming,bright,brownish-yellow,bud,capitate,characteristic,clavate,cm,crispate,densely,denser,diameter,dichasial,elliptic,entire,especially,exertion,exserted,fine,flat-topped,flattened,flower,free,glabrous,glabrousnes,globose,history,later,lateral,lenticular,less,life,like,lobing,long,main,minutely,narrowly,new,number,occasionally,otherwise,ovary,ovate,overtopping,pale,papillose,per,perennial,plant,poridical,portion,prominent,puberulent,pubescent,pyramidal,scar,seed,shiny,shoot,simple,size,slit-like,small,somewhat,sparsely,stigma,strongly,style,tapering,time,tiny,tip,tube,undulate,usually,value,vein,violet,way,wide,winged,x,young							1.0-1.5,3.5-5.0,absent,appressed,articulation,asymmetric,blue,bract,branch,branched,breeding,broad-based,cell,connective,coriaceous,cup-shaped,distinct,ellipsoid,elliptic-oblong,elongating,enlarged,fleshy,fork,forked,fully,hair,hermaphroditic,heteromorphism,inflated,insertion,interjected,internodal,interpetalar,leaflet,leathery,lilac,lower,marking,mature,membranous,modification,multi-branched,needle-like,none,odour,orange,orientation,paired,pattern,pink,placement,position,present,prickle,pseudostipule,purple,radially,rhizome,round,scale,simple-entire,smell,spot,stellate,stone,structure,swollen,symmetric,symmetry,sympodial,system,tissue,tuber,unit,vegetative,white,xylopodia,zygomorphy	38.0	118.0	78.0	anther,apex,basal,base,berry,branching,calyx,colour,cordate,corolla,dendritic,filament,form,fruit,fruiting,growth,inflorescence,leaf,length,margin,mm,monochasial,pedicel,petiole,plurifoliate,pore,red,shape,shrub,staman,stem,surface,terminal,texture,tree,trichome,truncate,type	.5,0.5,0.5-1,0.6-1,0.8-1,1,1-1.3,1-1.5,1-2,1-3,1.2-1.6,1.2-2.5,1.5-2,10,10-20,2-3,2-6,2.2,2.7-7.5,3.5-5,3/4,5-7,7,7/8,abaxial,acuminate,acute,adaxial,age,along,apical,appearing,arrangement,bark,becoming,bright,brownish-yellow,bud,capitate,characteristic,clavate,cm,crispate,densely,denser,diameter,dichasial,elliptic,entire,especially,exertion,exserted,fine,flat-topped,flattened,flower,free,glabrous,glabrousnes,globose,history,later,lateral,lenticular,less,life,like,lobing,long,main,minutely,narrowly,new,number,occasionally,otherwise,ovary,ovate,overtopping,pale,papillose,per,perennial,plant,poridical,portion,prominent,puberulent,pubescent,pyramidal,scar,seed,shiny,shoot,simple,size,slit-like,small,somewhat,sparsely,stigma,strongly,style,tapering,time,tiny,tip,tube,undulate,usually,value,vein,violet,way,wide,winged,x,young	1.0-1.5,3.5-5.0,absent,appressed,articulation,asymmetric,blue,bract,branch,branched,breeding,broad-based,cell,connective,coriaceous,cup-shaped,distinct,ellipsoid,elliptic-oblong,elongating,enlarged,fleshy,fork,forked,fully,hair,hermaphroditic,heteromorphism,inflated,insertion,interjected,internodal,interpetalar,leaflet,leathery,lilac,lower,marking,mature,membranous,modification,multi-branched,needle-like,none,odour,orange,orientation,paired,pattern,pink,placement,position,present,prickle,pseudostipule,purple,radially,rhizome,round,scale,simple-entire,smell,spot,stellate,stone,structure,swollen,symmetric,symmetry,sympodial,system,tissue,tuber,unit,vegetative,white,xylopodia,zygomorphy
135	wfo-0001027310	invalid_json_followup	NA	43	NA	42	119	76	4.5-5.5,anther,apex,base,berry,branch,calyx,colour,corolla,cuneate,filament,form,fruit,fruiting,growth,hair,inflorescence,interjected,leaf,leaflet,length,margin,mm,pedicel,petiole,plurifoliate,prickle,pseudostipule,purple,rounded,shape,shrub,stem,straight,surface,terminal,texture,tree,trichome,truncate,type,yellow	.8,/3,0,0-20,0.15-0.3,0.6-1,0.7-2,0.9-0.17-2.2,1-1.2,1-1.7,1-6,1.1-1.5,1.5-2.2,1.5-5,2-3.1,2.2-2.5,2.8-3,20-60,22-30,4-10,4.5-7,5-10,5-7,9-13-20,abaxially,acute,apparently,arrangement,articulated,bark,broadly,bud,characteristic,chartaceous,cm,connivent,corrugation,dark,deltate,densely,diameter,discolorous,distal,drying,entire,erect,evenly,exertion,flattened,flattened-reniform,foliaceous,free,glabrous,glabrousnes,gray,green,green-brown,height,history,lanceolate,lateral,life,lobe,lobed,lobing,long,maturity,mauve,midpoint,minutely,moderately,na,new,number,orange-brown,ovary,pair,pale,peduncle,per,perennial,pitted,plant,poricidal,porrect-lepidote,prickly,primary,pubescent,ray,red,reddish,reflexed,seed,sessile,shallowly,simple,size,sometimes,sparse,sparsely,spherical,spreading,stellate-pubescent,stigma,strongly,style,tapering,thicknes,tip,toward,tube,unarmed,value,variation,vein,way,wide,width,young							0.6-1.0,absent,absent-inflorescence,absent-leaf,absent-stem,andromonoecious,appressed,articulation,basal,blue,bract,branching,breeding,broad-based,cell,connective,dichasial,discrete,distinct,eglandular,enlarged,flat,fleshy,fork,forked,heteromorphism,inflated,insertion,internodal,interpetalar,leathery,lilac,lower,marking,mature,membranous,modification,multi-branched,needle-like,none,odour,orientation,paired,pattern,pink,placement,pore,position,present,present-leaf,present-stem,radially,rhizome,round,scale,simple-entire,smell,spot,staman,stellate,stone,structure,swollen,symmetric,symmetry,sympodial,system,tapered-lanceolate,tissue,triangular,tuber,unbranched,unit,vegetative,xylopodia,zygomorphy	42.0	119.0	76.0	4.5-5.5,anther,apex,base,berry,branch,calyx,colour,corolla,cuneate,filament,form,fruit,fruiting,growth,hair,inflorescence,interjected,leaf,leaflet,length,margin,mm,pedicel,petiole,plurifoliate,prickle,pseudostipule,purple,rounded,shape,shrub,stem,straight,surface,terminal,texture,tree,trichome,truncate,type,yellow	.8,/3,0,0-20,0.15-0.3,0.6-1,0.7-2,0.9-0.17-2.2,1-1.2,1-1.7,1-6,1.1-1.5,1.5-2.2,1.5-5,2-3.1,2.2-2.5,2.8-3,20-60,22-30,4-10,4.5-7,5-10,5-7,9-13-20,abaxially,acute,apparently,arrangement,articulated,bark,broadly,bud,characteristic,chartaceous,cm,connivent,corrugation,dark,deltate,densely,diameter,discolorous,distal,drying,entire,erect,evenly,exertion,flattened,flattened-reniform,foliaceous,free,glabrous,glabrousnes,gray,green,green-brown,height,history,lanceolate,lateral,life,lobe,lobed,lobing,long,maturity,mauve,midpoint,minutely,moderately,na,new,number,orange-brown,ovary,pair,pale,peduncle,per,perennial,pitted,plant,poricidal,porrect-lepidote,prickly,primary,pubescent,ray,red,reddish,reflexed,seed,sessile,shallowly,simple,size,sometimes,sparse,sparsely,spherical,spreading,stellate-pubescent,stigma,strongly,style,tapering,thicknes,tip,toward,tube,unarmed,value,variation,vein,way,wide,width,young	0.6-1.0,absent,absent-inflorescence,absent-leaf,absent-stem,andromonoecious,appressed,articulation,basal,blue,bract,branching,breeding,broad-based,cell,connective,dichasial,discrete,distinct,eglandular,enlarged,flat,fleshy,fork,forked,heteromorphism,inflated,insertion,internodal,interpetalar,leathery,lilac,lower,marking,mature,membranous,modification,multi-branched,needle-like,none,odour,orientation,paired,pattern,pink,placement,pore,position,present,present-leaf,present-stem,radially,rhizome,round,scale,simple-entire,smell,spot,staman,stellate,stone,structure,swollen,symmetric,symmetry,sympodial,system,tapered-lanceolate,tissue,triangular,tuber,unbranched,unit,vegetative,xylopodia,zygomorphy
136	wfo-0001027317	success	40	38	7	33	84	69	0.25,acute,anther,apex,base,berry,calyx,colour,corolla,difoliate,filament,form,fruit,fruiting,geminate,green,growth,inflorescence,leaf,length,margin,mm,pedicel,petiole,shape,shrub,simple,stem,surface,texture,trichome,type,white	.5,0.1-0.2,0.4-1.5,0.8-3.5,1,1-1.5,1-2,1.4-1.6,1.5-2,2-3-flowered,2-9,4.5-5,7-9,?,acuminate,adaxially,along,apically,arrangement,bark,beneath,bilobed,branch,broadly,bud,characteristic,cm,conical,corrugation,deciduous,densely,dia,diameter,drying,ellipsoid,elliptic,erect,exertion,filiform,glabrous,glabrousnes,globose,golden,greyish-white,height,history,lateral,life,like,lobed,lobing,long,long-exserted,main,na,nearly,new,number,offset,opposite,ovary,pair,pale,peduncle,per,perennial,plant,pointed,primary,pubescent,seed,shaped,size,slightly,soon,sparsely,stigma,style,sympodia,tear-drop,tube,uniseriate,vein,x							3.0-3.5,absent,appressed,articulation,basal,bract,branching,breeding,broad-based,cell,connective,discrete,distinct,eglandular,elliptic-oblong,enlarged,flat,fleshy,hair,heteromorphism,inflated,insertion,interjected,interpetalar,leaf-opposed,leaflet,leathery,lower,marking,mature,membranous,modification,monochasial,multicellular,needle-like,none,odour,orientation,paired,pattern,placement,pore,position,present,prickle,pseudostipule,radially,rhizome,round,scale,simple-entire,smell,spot,staman,stellate,stone,structure,swollen,symmetric,symmetry,sympodial,system,tissue,tuber,unbranched,unit,vegetative,xylopodia,zygomorphy	15.0	60.0	87.0	0.25,acute,base,berry,calyx,difoliate,geminate,green,leaf,mm,shrub,simple,stem,trichome,white	.5,0.1-0.2,0.4-1.5,0.8-3.5,1,1-1.5,1-2,1.4-1.6,1.5-2,2-3-flowered,2-9,4.5-5,7-9,?,acuminate,adaxially,along,apically,beneath,bilobed,broadly,cm,conical,deciduous,densely,dia,drying,ellipsoid,elliptic,erect,filiform,glabrous,globose,golden,greyish-white,lateral,like,lobed,long,long-exserted,main,na,nearly,offset,opposite,pair,pale,perennial,pointed,pubescent,shaped,slightly,soon,sparsely,sympodia,tear-drop,tube,uniseriate,vein,x	3.0-3.5,absent,anther,apex,appressed,articulation,basal,bract,branching,breeding,broad-based,cell,colour,connective,corolla,discrete,distinct,eglandular,elliptic-oblong,enlarged,filament,flat,fleshy,form,fruit,fruiting,growth,hair,heteromorphism,inflated,inflorescence,insertion,interjected,interpetalar,leaf-opposed,leaflet,leathery,length,lower,margin,marking,mature,membranous,modification,monochasial,multicellular,needle-like,none,odour,orientation,paired,pattern,pedicel,petiole,placement,pore,position,present,prickle,pseudostipule,radially,rhizome,round,scale,shape,simple-entire,smell,spot,staman,stellate,stone,structure,surface,swollen,symmetric,symmetry,sympodial,system,texture,tissue,tuber,type,unbranched,unit,vegetative,xylopodia,zygomorphy
137	wfo-0001027323	invalid_json_followup	NA	39	NA	36	107	69	acute,anther,apex,base,berry,calyx,colour,corolla,difoliate,filament,fleshy,form,fruit,fruiting,geminate,growth,inflorescence,interjected,leaf,leaflet,length,margin,mm,pedicel,petiole,prickle,pseudostipule,shape,stem,surface,sympodial,texture,type,unit,white,winged	/3,0.5-1,1-1.5,1.2-1.5,14-21,2-3,2-6,2.5-3,20-45,5-20-flowered,5-7,7-9,along,appearing,area,arrangement,asymmetric,attenuate,bark,branch,broadened,bud,campanulate,characteristic,closed,cm,corrugation,decurrent,densely,dia,diameter,distal,drying,elliptic,elongate,exertion,exserted,flopping,flower,furcate,glabrate,glabrous,glabrousnes,globose,grey,height,held,higher,history,hooded,immature,lateral,life,lob,lobe,lobed,lobing,long,main,matte,midpoint,minutely,na,new,number,occasionally,older,onto,opposite,ovary,ovoid,ovoid-reniform,pair,papillose,partially,peduncle,per,pinkish-grey,pitted,plant,primary,ray,red-papillose,reddish-grey,rest,seed,size,slightly,small,smooth,soon,stigma,style,tan,terminal,thicknes,tip,treelet,tube,two,value,variation,vein,way,width,x,young							0.5-1.0,5.0,absent,appressed,articulation,basal,bract,branching,breeding,broad-based,cell,connective,dendritic,discrete,distinct,eglandular,elliptic-oblong,enlarged,flat,forked,green,hair,heteromorphism,inflated,insertion,interpetalar,leaf-opposed,leathery,lower,marking,mature,membranous,modification,monochasial,multicellular,needle-like,none,odour,orientation,paired,pattern,placement,pore,position,present,radially,rhizome,round,scale,simple,simple-entire,smell,spot,staman,stellate,stone,structure,swollen,symmetric,symmetry,system,tissue,tree,trichome,tuber,unbranched,vegetative,xylopodia,zygomorphy	36.0	107.0	69.0	acute,anther,apex,base,berry,calyx,colour,corolla,difoliate,filament,fleshy,form,fruit,fruiting,geminate,growth,inflorescence,interjected,leaf,leaflet,length,margin,mm,pedicel,petiole,prickle,pseudostipule,shape,stem,surface,sympodial,texture,type,unit,white,winged	/3,0.5-1,1-1.5,1.2-1.5,14-21,2-3,2-6,2.5-3,20-45,5-20-flowered,5-7,7-9,along,appearing,area,arrangement,asymmetric,attenuate,bark,branch,broadened,bud,campanulate,characteristic,closed,cm,corrugation,decurrent,densely,dia,diameter,distal,drying,elliptic,elongate,exertion,exserted,flopping,flower,furcate,glabrate,glabrous,glabrousnes,globose,grey,height,held,higher,history,hooded,immature,lateral,life,lob,lobe,lobed,lobing,long,main,matte,midpoint,minutely,na,new,number,occasionally,older,onto,opposite,ovary,ovoid,ovoid-reniform,pair,papillose,partially,peduncle,per,pinkish-grey,pitted,plant,primary,ray,red-papillose,reddish-grey,rest,seed,size,slightly,small,smooth,soon,stigma,style,tan,terminal,thicknes,tip,treelet,tube,two,value,variation,vein,way,width,x,young	0.5-1.0,5.0,absent,appressed,articulation,basal,bract,branching,breeding,broad-based,cell,connective,dendritic,discrete,distinct,eglandular,elliptic-oblong,enlarged,flat,forked,green,hair,heteromorphism,inflated,insertion,interpetalar,leaf-opposed,leathery,lower,marking,mature,membranous,modification,monochasial,multicellular,needle-like,none,odour,orientation,paired,pattern,placement,pore,position,present,radially,rhizome,round,scale,simple,simple-entire,smell,spot,staman,stellate,stone,structure,swollen,symmetric,symmetry,system,tissue,tree,trichome,tuber,unbranched,vegetative,xylopodia,zygomorphy
138	wfo-0001027340	invalid_json_followup	NA	39	NA	43	102	71	absent,anther,apex,axillary,base,berry,branch,calyx,cell,colour,cordate,corolla,distal,filament,forked,form,fruit,fruiting,green,growth,herb,inflorescence,interjected,leaf,leaflet,length,margin,membranous,mm,pedicel,petiole,prickle,pseudostipule,purple,rotate,rounded,shape,stem,surface,terminal,texture,truncate,type	0.5-0.9,1-2,1.5-2.7,16-22,2-3,2-4,2.5-4.5,2.7-4.5,3.5-5,3.5-9,4-6,4-7.5,5-6,7-18,7-8,8-14,8-9.5,\u201chair-like\u201d,abaxially,acuminate,adaxially,arrangement,bark,brownish,bud,capitate,characteristic,chartaceous,cm,condition,corrugation,covering,dark,diameter,drying,elliptic,exertion,flower,fresh,generally,glabrous,glabrousnes,globose,green-white,greenish,half,height,history,lanceolate,lateral,life,lilac-purple,lobe,lobing,long,make,midpoint,minute,mucilaginous,na,narrow,new,number,odd-pinnate,ovary,ovate,ovoid,papillose,peduncle,per,petiolulate,plant,primary,pubescent,ray,ripe,seed,sessile,short,shortly,size,sparsely,splotched,stigma,style,subtending,testal,thick,thicknes,throughout,tinged,tube,usually,value,variation,vein,wall,wet,whitish,width,wing,x							1.0-2.0,1/2,5.0-6.0,appressed,articulation,asymmetric,blue,bract,branching,breeding,broad-based,compound-entire,connective,distinct,eglandular,elliptic-oblong,elongating,enlarged,flat,fleshy,fork,fully,hair,hermaphroditic,heteromorphism,inflated,insertion,interpetalar,leathery,lilac,lower,marking,mature,modification,monochasial,multicellular,needle-like,none,odour,orientation,paired,pattern,pink,placement,plurifoliate,pore,position,present,present-pair,radially,rhizome,scale,simple,smell,spot,staman,stellate,stone,structure,swollen,symmetric,symmetry,sympodial,system,tissue,trichome,tuber,unit,vegetative,xylopodia,zygomorphy	43.0	102.0	71.0	absent,anther,apex,axillary,base,berry,branch,calyx,cell,colour,cordate,corolla,distal,filament,forked,form,fruit,fruiting,green,growth,herb,inflorescence,interjected,leaf,leaflet,length,margin,membranous,mm,pedicel,petiole,prickle,pseudostipule,purple,rotate,rounded,shape,stem,surface,terminal,texture,truncate,type	0.5-0.9,1-2,1.5-2.7,16-22,2-3,2-4,2.5-4.5,2.7-4.5,3.5-5,3.5-9,4-6,4-7.5,5-6,7-18,7-8,8-14,8-9.5,\u201chair-like\u201d,abaxially,acuminate,adaxially,arrangement,bark,brownish,bud,capitate,characteristic,chartaceous,cm,condition,corrugation,covering,dark,diameter,drying,elliptic,exertion,flower,fresh,generally,glabrous,glabrousnes,globose,green-white,greenish,half,height,history,lanceolate,lateral,life,lilac-purple,lobe,lobing,long,make,midpoint,minute,mucilaginous,na,narrow,new,number,odd-pinnate,ovary,ovate,ovoid,papillose,peduncle,per,petiolulate,plant,primary,pubescent,ray,ripe,seed,sessile,short,shortly,size,sparsely,splotched,stigma,style,subtending,testal,thick,thicknes,throughout,tinged,tube,usually,value,variation,vein,wall,wet,whitish,width,wing,x	1.0-2.0,1/2,5.0-6.0,appressed,articulation,asymmetric,blue,bract,branching,breeding,broad-based,compound-entire,connective,distinct,eglandular,elliptic-oblong,elongating,enlarged,flat,fleshy,fork,fully,hair,hermaphroditic,heteromorphism,inflated,insertion,interpetalar,leathery,lilac,lower,marking,mature,modification,monochasial,multicellular,needle-like,none,odour,orientation,paired,pattern,pink,placement,plurifoliate,pore,position,present,present-pair,radially,rhizome,scale,simple,smell,spot,staman,stellate,stone,structure,swollen,symmetric,symmetry,sympodial,system,tissue,trichome,tuber,unit,vegetative,xylopodia,zygomorphy
139	wfo-0001027354	invalid_json_followup	NA	39	NA	42	109	71	absent,acute,anther,apex,basal,base,berry,branch,branching,calyx,colour,corolla,dendritic,filament,fork,form,fruit,fruiting,growth,inflorescence,interjected,leaf,leaflet,length,margin,mm,pedicel,petiole,plurifoliate,pore,prickle,pseudostipule,shape,shrub,stem,surface,terminal,texture,tree,trichome,type,white	0,0.5,0.5-2,0.7-1.3,1,1-1.2,1-1.5,1-7,1.5-1.8,1.7-5,10,10-20,2.5-3.5,3-4,3.4-4,3/4,4-10,5-7,6.5-13,8-12,age,along,apical,appearing,arrangement,bark,becoming,bi-lobed,bud,characteristic,cm,conical,corrugation,covered,dark,densely,diameter,distal,drying,elliptic,entire,exertion,exserted,flattened,flower,glabrate,glabrous,glabrousnes,globose,golden,height,history,later,lateral,lenticular,life,like,lobing,long,loose,loosely,midpoint,minutely,mostly,na,narrowly,near,new,number,occasionally,ovary,pair,papillose,peduncle,per,pitted,plant,poricidal,primary,pubescent,purplish-black,pyramidal,ray,reddish-brown,secondary,seed,size,slightly,slit-like,small,sparsely,stigma,strongly,style,tapering,thicknes,time,tip,tree-like,tube,value,variation,vein,violet,way,wide,width,x,young							1.0-1.5,3.4-4.0,appressed,articulation,asymmetric,black,blue,bract,branched,breeding,broad-based,cell,connective,cup-shaped,dichasial,distinct,elliptic-oblong,elongating,enlarged,fleshy,forked,fully,hair,hermaphroditic,heteromorphism,inflated,insertion,internodal,interpetalar,leathery,lilac,lower,marking,mature,membranous,modification,monochasial,multi-branched,needle-like,none,odour,orientation,paired,pattern,pink,placement,position,present,purple,radially,rhizome,round,scale,simple-entire,smell,spot,staman,stellate,stone,structure,swollen,symmetric,symmetry,sympodial,system,tissue,tuber,unit,vegetative,xylopodia,zygomorphy	42.0	109.0	71.0	absent,acute,anther,apex,basal,base,berry,branch,branching,calyx,colour,corolla,dendritic,filament,fork,form,fruit,fruiting,growth,inflorescence,interjected,leaf,leaflet,length,margin,mm,pedicel,petiole,plurifoliate,pore,prickle,pseudostipule,shape,shrub,stem,surface,terminal,texture,tree,trichome,type,white	0,0.5,0.5-2,0.7-1.3,1,1-1.2,1-1.5,1-7,1.5-1.8,1.7-5,10,10-20,2.5-3.5,3-4,3.4-4,3/4,4-10,5-7,6.5-13,8-12,age,along,apical,appearing,arrangement,bark,becoming,bi-lobed,bud,characteristic,cm,conical,corrugation,covered,dark,densely,diameter,distal,drying,elliptic,entire,exertion,exserted,flattened,flower,glabrate,glabrous,glabrousnes,globose,golden,height,history,later,lateral,lenticular,life,like,lobing,long,loose,loosely,midpoint,minutely,mostly,na,narrowly,near,new,number,occasionally,ovary,pair,papillose,peduncle,per,pitted,plant,poricidal,primary,pubescent,purplish-black,pyramidal,ray,reddish-brown,secondary,seed,size,slightly,slit-like,small,sparsely,stigma,strongly,style,tapering,thicknes,time,tip,tree-like,tube,value,variation,vein,violet,way,wide,width,x,young	1.0-1.5,3.4-4.0,appressed,articulation,asymmetric,black,blue,bract,branched,breeding,broad-based,cell,connective,cup-shaped,dichasial,distinct,elliptic-oblong,elongating,enlarged,fleshy,forked,fully,hair,hermaphroditic,heteromorphism,inflated,insertion,internodal,interpetalar,leathery,lilac,lower,marking,mature,membranous,modification,monochasial,multi-branched,needle-like,none,odour,orientation,paired,pattern,pink,placement,position,present,purple,radially,rhizome,round,scale,simple-entire,smell,spot,staman,stellate,stone,structure,swollen,symmetric,symmetry,sympodial,system,tissue,tuber,unit,vegetative,xylopodia,zygomorphy
140	wfo-0001027359	invalid_json_followup	NA	43	NA	40	120	82	anther,apex,base,berry,branch,calyx,cell,colour,corolla,cuneate,filament,form,fruit,fruiting,growth,inflorescence,interjected,leaf,leaflet,length,margin,marking,membranous,mm,pedicel,petiole,prickle,pseudostipule,purple,red,shape,shrub,stellate,stem,surface,terminal,texture,trichome,type,white	-3,.5,/3,0-9,0.1-0.2,0.3-0.5,0.3-1.2,0.5-1,0.5-2,0.6-1,1-1.2,1.2-1.5-2,1.2-2,1.5-2,1.5-2.5,1.8-3.2,2-10,2.5-3.5,2.5-5.5,4-5,4-6.5,6-8,7-20,acute,alternate,apart,apparently,arrangement,bark,bright,brown,bud,characteristic,chartaceous,cm,concolorous,corrugation,cream,dark,deltate,densely,diameter,distal,drying,dull,entire,exertion,filiform,flattened,flattened-reniform,glabrous,glabrousnes,gray,green,height,history,lateral,life,lobe,lobed,lobing,long,maturity,midpoint,minutely,moderately,na,near,new,number,obtuse,occasional,orange-brown,outline,ovary,ovate,ovoid,pair,pale,peduncle,per,perennial,pit,plant,poricidal,prickly,primary,raised,ray,reflexed,reticulate,seed,shallowly,simple,size,small,smooth,sometimes,spaced,sparsely,spherical,spreading,stellate-pubescent,stigma,style,tapering,thicknes,tip,tube,unarmed,undulate,value,variation,vein,way,wide,width,yellow,yellow-brown,young							0.5,4.0-6.0,absent,absent-inflorescence,absent-leaf,absent-stem,appressed,articulation,basal,blue,bract,branching,breeding,broad-based,connective,dichasial,difoliate,discrete,distinct,eglandular,ellipsoid,enlarged,flat,fleshy,fork,fully,hair,hermaphroditic,heteromorphism,inflated,insertion,internodal,interpetalar,leathery,lilac,lower,mature,modification,needle-like,non-geminate,none,odour,orange,orientation,paired,pattern,pink,placement,pore,position,present,present-inflorescence,present-leaf,present-stem,radially,recurved,rhizome,round,scale,simple-entire,simple-toothed,smell,spot,staman,stone,structure,swollen,symmetric,symmetry,sympodial,system,tapered-lanceolate,tissue,triangular,tuber,unbranched,unit,vegetative,vine,woody,xylopodia,zygomorphy	40.0	120.0	82.0	anther,apex,base,berry,branch,calyx,cell,colour,corolla,cuneate,filament,form,fruit,fruiting,growth,inflorescence,interjected,leaf,leaflet,length,margin,marking,membranous,mm,pedicel,petiole,prickle,pseudostipule,purple,red,shape,shrub,stellate,stem,surface,terminal,texture,trichome,type,white	-3,.5,/3,0-9,0.1-0.2,0.3-0.5,0.3-1.2,0.5-1,0.5-2,0.6-1,1-1.2,1.2-1.5-2,1.2-2,1.5-2,1.5-2.5,1.8-3.2,2-10,2.5-3.5,2.5-5.5,4-5,4-6.5,6-8,7-20,acute,alternate,apart,apparently,arrangement,bark,bright,brown,bud,characteristic,chartaceous,cm,concolorous,corrugation,cream,dark,deltate,densely,diameter,distal,drying,dull,entire,exertion,filiform,flattened,flattened-reniform,glabrous,glabrousnes,gray,green,height,history,lateral,life,lobe,lobed,lobing,long,maturity,midpoint,minutely,moderately,na,near,new,number,obtuse,occasional,orange-brown,outline,ovary,ovate,ovoid,pair,pale,peduncle,per,perennial,pit,plant,poricidal,prickly,primary,raised,ray,reflexed,reticulate,seed,shallowly,simple,size,small,smooth,sometimes,spaced,sparsely,spherical,spreading,stellate-pubescent,stigma,style,tapering,thicknes,tip,tube,unarmed,undulate,value,variation,vein,way,wide,width,yellow,yellow-brown,young	0.5,4.0-6.0,absent,absent-inflorescence,absent-leaf,absent-stem,appressed,articulation,basal,blue,bract,branching,breeding,broad-based,connective,dichasial,difoliate,discrete,distinct,eglandular,ellipsoid,enlarged,flat,fleshy,fork,fully,hair,hermaphroditic,heteromorphism,inflated,insertion,internodal,interpetalar,leathery,lilac,lower,mature,modification,needle-like,non-geminate,none,odour,orange,orientation,paired,pattern,pink,placement,pore,position,present,present-inflorescence,present-leaf,present-stem,radially,recurved,rhizome,round,scale,simple-entire,simple-toothed,smell,spot,staman,stone,structure,swollen,symmetric,symmetry,sympodial,system,tapered-lanceolate,tissue,triangular,tuber,unbranched,unit,vegetative,vine,woody,xylopodia,zygomorphy
141	wfo-0001027366	success	42	37	7	29	77	71	acute,anther,apex,base,berry,calyx,colour,corolla,filament,form,fruit,fruiting,green,growth,inflorescence,leaf,length,margin,mm,pedicel,petiole,rounded,shape,shrub,stem,surface,texture,type,unifoliate	/4,0.25-0.5,0.5-1,0.7-1,1-1.5,1-2,1-3,1.5-2,11-21,2-2.5,3-10-flowered,3-9,4-4.5,4-5,5-7,6-19,abaxially,adaxially,arrangement,bark,branch,bright,broadly,brown,bud,capitate,characteristic,cm,conical,corrugation,dark,dia,diameter,drying,elliptic,exertion,glabrous,glabrousnes,globose,golden,greenish-white,height,history,lateral,life,lobing,long,main,minutely,na,new,orbicular,ovary,ovoid,ovoid-reniform,pair,pale,peduncle,pitted,plant,pointed,primary,seed,shaped,shining,simple,size,somewhat,stigma,style,tear-drop,tip,tube,vein,way,wide,yellowish-grey							0.5-1.0,2.0-2.5,absent,appressed,articulation,basal,bract,branching,breeding,broad-based,cell,connective,discrete,distinct,elliptic-oblong,enlarged,flat,fleshy,hair,heteromorphism,inflated,insertion,interjected,internodal,interpetalar,leaf-opposed,leaflet,leathery,lower,marking,mature,membranous,modification,monochasial,needle-like,none,odour,orientation,paired,pattern,placement,pore,position,present,prickle,pseudostipule,radially,rhizome,round,scale,simple-entire,smell,spot,staman,stellate,stone,structure,swollen,symmetric,symmetry,sympodial,system,tissue,trichome,tuber,unbranched,unit,vegetative,white,xylopodia,zygomorphy	8.0	54.0	92.0	acute,base,berry,green,mm,rounded,shrub,unifoliate	/4,0.25-0.5,0.5-1,0.7-1,1-1.5,1-2,1-3,1.5-2,11-21,2-2.5,3-10-flowered,3-9,4-4.5,4-5,5-7,6-19,abaxially,adaxially,bright,broadly,brown,capitate,cm,conical,dark,dia,drying,elliptic,glabrous,globose,golden,greenish-white,lateral,long,main,minutely,na,orbicular,ovoid,ovoid-reniform,pair,pale,pitted,pointed,shaped,shining,simple,somewhat,tear-drop,tip,vein,way,wide,yellowish-grey	0.5-1.0,2.0-2.5,absent,anther,apex,appressed,articulation,basal,bract,branching,breeding,broad-based,calyx,cell,colour,connective,corolla,discrete,distinct,elliptic-oblong,enlarged,filament,flat,fleshy,form,fruit,fruiting,growth,hair,heteromorphism,inflated,inflorescence,insertion,interjected,internodal,interpetalar,leaf,leaf-opposed,leaflet,leathery,length,lower,margin,marking,mature,membranous,modification,monochasial,needle-like,none,odour,orientation,paired,pattern,pedicel,petiole,placement,pore,position,present,prickle,pseudostipule,radially,rhizome,round,scale,shape,simple-entire,smell,spot,staman,stellate,stem,stone,structure,surface,swollen,symmetric,symmetry,sympodial,system,texture,tissue,trichome,tuber,type,unbranched,unit,vegetative,white,xylopodia,zygomorphy
142	wfo-0001027368	success	33	36	6	35	98	80	anther,apex,base,branched,calyx,colour,corolla,cuneate,filament,forked,form,fruit,fruiting,growth,inflorescence,interjected,leaf,leaflet,length,margin,mm,pedicel,petiole,prickle,pseudostipule,purple,shape,shrub,simple,stem,surface,texture,type,unbranched,white	-5,.5,0.3-2.5,0.5-3.5,0.5-5,0.8-2,1-15-flower,1-2,1.5-2,1.5-2.5,2,2-2.5,3-12.5,5-15-20,5-6,abruptly,acuminate,acute,appearance,arrangement,bark,border,branch,bud,characteristic,chartaceous,cm,corrugation,darker,decurrent,deltate,dendritically,densely,diameter,distal,distally,drying,ellipsiodal,elliptic,elliptic-ovate,entire,exertion,giving,glabrous,glabrousnes,globose,height,history,lanceolate,lateral,lenticular,life,lighter,lobe,lobing,midpoint,moderately,na,narrowed,narrowly,nearly,new,number,oblong,obtuse,occasionally,often,otherwise,ovary,ovoid-fusiform,peduncle,per,perennial,plant,primary,puberulent,pubescent,ray,seed,size,small,sparsely,star,stigma,style,subcapitate,subcoriaceous,subhastate,terminal,thicknes,triangular,truncate,tube,unknown,variation,vein,width,x							4.0-6.0,absent,appressed,articulation,asymmetric,basal,berry,blue,bract,branching,breeding,broad-based,cell,connective,coriaceous,dendritic,discrete,distinct,eglandular,ellipsoid,enlarged,flat,fleshy,fully,fusiform,green,hair,hermaphroditic,heteromorphism,inflated,insertion,internodal,interpetalar,leathery,lilac,lower,marking,mature,membranous,modification,multicellular,needle-like,none,odour,orange,orientation,ovoid,paired,pattern,pink,placement,plurifoliate,pore,position,radially,red,rhizome,round,scale,simple-entire,smell,spot,staman,stellate,stone,structure,swollen,symmetric,symmetry,sympodial,system,tapered-lanceolate,tissue,trichome,tuber,unit,vegetative,winged,xylopodia,zygomorphy	12.0	60.0	103.0	apex,base,branched,cuneate,forked,margin,mm,purple,shrub,simple,unbranched,white	-5,.5,0.3-2.5,0.5-3.5,0.5-5,0.8-2,1-15-flower,1-2,1.5-2,1.5-2.5,2,2-2.5,3-12.5,5-15-20,5-6,abruptly,acuminate,acute,chartaceous,cm,darker,decurrent,deltate,dendritically,densely,distally,ellipsiodal,elliptic,elliptic-ovate,entire,glabrous,globose,lanceolate,lenticular,lighter,lobe,moderately,na,narrowed,narrowly,nearly,oblong,obtuse,occasionally,often,otherwise,ovoid-fusiform,perennial,puberulent,pubescent,small,sparsely,star,subcapitate,subcoriaceous,subhastate,triangular,truncate,unknown,x	4.0-6.0,absent,anther,appressed,articulation,asymmetric,basal,berry,blue,bract,branching,breeding,broad-based,calyx,cell,colour,connective,coriaceous,corolla,dendritic,discrete,distinct,eglandular,ellipsoid,enlarged,filament,flat,fleshy,form,fruit,fruiting,fully,fusiform,green,growth,hair,hermaphroditic,heteromorphism,inflated,inflorescence,insertion,interjected,internodal,interpetalar,leaf,leaflet,leathery,length,lilac,lower,marking,mature,membranous,modification,multicellular,needle-like,none,odour,orange,orientation,ovoid,paired,pattern,pedicel,petiole,pink,placement,plurifoliate,pore,position,prickle,pseudostipule,radially,red,rhizome,round,scale,shape,simple-entire,smell,spot,staman,stellate,stem,stone,structure,surface,swollen,symmetric,symmetry,sympodial,system,tapered-lanceolate,texture,tissue,trichome,tuber,type,unit,vegetative,winged,xylopodia,zygomorphy
143	wfo-0001027369	success	47	42	6	34	86	84	0.5-0.8,anther,apex,base,berry,branch,calyx,colour,cordate,corolla,filament,form,fruit,fruiting,growth,inflorescence,leaf,length,margin,mature,membranous,mm,pedicel,petiole,prickle,shape,shrub,spreading,stem,straight,surface,terminal,texture,type	-10,.4,.5,.7,/4,0-1,0-15,0.2-0.5-1,0.5,0.6-0.8,1-2.5,1.2-2.5,1.2-3,1.5-2,2-3,4-8,acute,apart,apically,apparently,appearance,arrangement,articulated,bark,border,characteristic,cm,densely,diameter,elongating,erect,exertion,eye,giving,glabrous,glabrousnes,glaucous,gray,green,height,history,known,lanceolate,lateral,less,life,lobe,lobed,lobing,long,mauve,moderately,na,naked,new,number,orbicular,ovary,pale,peduncle,per,perennial,plant,poricidal,prickly,primary,reflexed,reniform,rounded,seed,simple,size,slightly,spaced,sparsely,spherical,stellate-pubescent,style,tapering,tip,vein,visible,way,wide,width,yellow							4.0-4.7,absent,acicular,appressed,articulation,basal,bilaterally,blue,bract,branching,breeding,broad-based,cell,connective,dichasial,difoliate,discrete,distinct,eglandular,enlarged,flat,fleshy,fork,fully,hair,hermaphroditic,heteromorphism,inflated,insertion,interjected,internodal,interpetalar,leaflet,leathery,lilac,lower,marking,modification,needle-like,non-geminate,none,odour,orientation,paired,pattern,pink,placement,pore,position,present,present-inflorescence,present-leaf,present-stem,pseudostipule,purple,radially,random,rhizome,round,scale,simple-lobed,simple-toothed,smell,spot,staman,stellate,stone,structure,swollen,symmetric,symmetry,sympodial,system,tapered-lanceolate,tissue,trichome,tuber,unbranched,unit,vegetative,vine,woody,xylopodia,zygomorphy	14.0	61.0	104.0	0.5-0.8,base,berry,cordate,fruit,length,mature,membranous,mm,prickle,shrub,spreading,straight,terminal	-10,.4,.5,.7,/4,0-1,0-15,0.2-0.5-1,0.5,0.6-0.8,1-2.5,1.2-2.5,1.2-3,1.5-2,2-3,4-8,acute,apart,apically,apparently,articulated,cm,densely,diameter,elongating,erect,eye,glabrous,glaucous,gray,green,known,lanceolate,lateral,less,lobed,long,mauve,moderately,na,naked,orbicular,pale,perennial,poricidal,prickly,reflexed,reniform,rounded,simple,slightly,spaced,sparsely,spherical,stellate-pubescent,tapering,tip,visible,way,wide,yellow	4.0-4.7,absent,acicular,anther,apex,appressed,articulation,basal,bilaterally,blue,bract,branch,branching,breeding,broad-based,calyx,cell,colour,connective,corolla,dichasial,difoliate,discrete,distinct,eglandular,enlarged,filament,flat,fleshy,fork,form,fruiting,fully,growth,hair,hermaphroditic,heteromorphism,inflated,inflorescence,insertion,interjected,internodal,interpetalar,leaf,leaflet,leathery,lilac,lower,margin,marking,modification,needle-like,non-geminate,none,odour,orientation,paired,pattern,pedicel,petiole,pink,placement,pore,position,present,present-inflorescence,present-leaf,present-stem,pseudostipule,purple,radially,random,rhizome,round,scale,shape,simple-lobed,simple-toothed,smell,spot,staman,stellate,stem,stone,structure,surface,swollen,symmetric,symmetry,sympodial,system,tapered-lanceolate,texture,tissue,trichome,tuber,type,unbranched,unit,vegetative,vine,woody,xylopodia,zygomorphy
144	wfo-0001027378	invalid_json_followup	NA	39	NA	39	104	74	anther,apex,base,berry,blue,calyx,colour,cordate,corolla,filament,fleshy,form,fruit,fruiting,growth,herbaceous,inflorescence,interjected,leaf,leaflet,length,lower,margin,mm,ovoid,pedicel,petiole,prickle,pseudostipule,shape,simple,stem,surface,texture,trichome,type,unbranched,vine,white	.2,0.5-1,0.7-1,1.2-1.8,1.5-1.8,1.5-8,15-35,2-11,2-2.2,2-2.5,2.3-5,2.5-7,3-5,3-6,4-6,5-10,5-13,5-7,5-8,6-7,abaxially,acuminate,acute,adaxially,apart,arrangement,bark,branch,broadly,bud,capitate,characteristic,chartaceous,cm,corrugation,deeply,deltoid,diameter,distal,drying,exertion,extra-axillary,flattened,flower,glabrous,glabrousnes,hair-tipped,half,height,history,lanceolate,lateral,life,light,lobe,lobing,long,markedly,midpoint,minutely,na,narrowly,new,number,obscure,often,ovary,ovate,palmate,papillose,peduncle,pentagonal,per,plant,pointed,primary,pubescent,ray,revolute,rotate-stellate,rounded,sand-punctate,seed,size,slender,slightly,small,somewhat,spaced,sparsely,stigma,style,terminal,thicknes,tip,tooth,tube,unknown,value,variation,vein,widely,width,x							0.7-1.0,2.0-2.2,absent,appressed,articulation,basal,black,bract,branching,breeding,broad-based,cell,connective,distinct,eglandular,elliptic-oblong,elongating,enlarged,flat,fully,hair,herb,hermaphroditic,heteromorphism,inflated,insertion,internodal,interpetalar,leathery,lilac,marking,mature,membranous,modification,monochasial,multicellular,needle-like,none,odour,orange,orientation,paired,pattern,pink,placement,plurifoliate,pore,position,present,purple,radially,red,rhizome,rotate,scale,simple-entire,smell,spot,staman,stellate,stone,structure,swollen,symmetric,symmetry,sympodial,system,tissue,tuber,unit,vegetative,xylopodia,yellow,zygomorphy	39.0	104.0	74.0	anther,apex,base,berry,blue,calyx,colour,cordate,corolla,filament,fleshy,form,fruit,fruiting,growth,herbaceous,inflorescence,interjected,leaf,leaflet,length,lower,margin,mm,ovoid,pedicel,petiole,prickle,pseudostipule,shape,simple,stem,surface,texture,trichome,type,unbranched,vine,white	.2,0.5-1,0.7-1,1.2-1.8,1.5-1.8,1.5-8,15-35,2-11,2-2.2,2-2.5,2.3-5,2.5-7,3-5,3-6,4-6,5-10,5-13,5-7,5-8,6-7,abaxially,acuminate,acute,adaxially,apart,arrangement,bark,branch,broadly,bud,capitate,characteristic,chartaceous,cm,corrugation,deeply,deltoid,diameter,distal,drying,exertion,extra-axillary,flattened,flower,glabrous,glabrousnes,hair-tipped,half,height,history,lanceolate,lateral,life,light,lobe,lobing,long,markedly,midpoint,minutely,na,narrowly,new,number,obscure,often,ovary,ovate,palmate,papillose,peduncle,pentagonal,per,plant,pointed,primary,pubescent,ray,revolute,rotate-stellate,rounded,sand-punctate,seed,size,slender,slightly,small,somewhat,spaced,sparsely,stigma,style,terminal,thicknes,tip,tooth,tube,unknown,value,variation,vein,widely,width,x	0.7-1.0,2.0-2.2,absent,appressed,articulation,basal,black,bract,branching,breeding,broad-based,cell,connective,distinct,eglandular,elliptic-oblong,elongating,enlarged,flat,fully,hair,herb,hermaphroditic,heteromorphism,inflated,insertion,internodal,interpetalar,leathery,lilac,marking,mature,membranous,modification,monochasial,multicellular,needle-like,none,odour,orange,orientation,paired,pattern,pink,placement,plurifoliate,pore,position,present,purple,radially,red,rhizome,rotate,scale,simple-entire,smell,spot,staman,stellate,stone,structure,swollen,symmetric,symmetry,sympodial,system,tissue,tuber,unit,vegetative,xylopodia,yellow,zygomorphy
145	wfo-0001027378	success	32	39	5	36	99	77	anther,apex,base,blue,calyx,colour,cordate,corolla,filament,fleshy,form,fruit,fruiting,growth,hair,herb,inflorescence,interjected,leaf,leaflet,length,margin,mm,multicellular,pedicel,petiole,prickle,pseudostipule,shape,simple,stem,surface,texture,type,unbranched,white	.2,0.7-1,1.5-1.8,1.5-8,15-35,2-11,2-2.2,2-4,2.5-7,3-5,3-6,4-6,5-13,abaxially,acuminate,acute,adaxially,appearance,arrangement,bark,basally,blade,border,branch,broadly,bud,capitate,characteristic,chartaceous,clavate,climbing,cm,connivent,corrugation,cylindrical,deeply,deltoid,diameter,distal,drying,exertion,extra-axillary,flower,giving,glabrous,glabrousnes,hair-tipped,height,history,lanceolate,lateral,life,light,lobe,lobing,midpoint,minutely,moderately,na,narrowly,new,number,oblong,obscure,often,ovary,ovate,peduncle,per,plant,primary,pubescent,ray,revolute,rotate-pentagonal,rounded,seed,size,slender,small,somewhat,spaced,sparsely,stigma,style,terminal,terrestrial,thicknes,tip,tooth,trailing,tube,unknown,variation,vein,weakly,widely,width,x							0.7-1.0,2.0-2.2,absent,appressed,articulation,basal,berry,black,bract,branching,breeding,broad-based,cell,connective,distinct,eglandular,elliptic-oblong,elongating,enlarged,flat,fully,herbaceous,hermaphroditic,heteromorphism,inflated,insertion,internodal,interpetalar,leathery,lilac,lower,marking,mature,membranous,modification,monochasial,needle-like,none,odour,orange,orientation,ovoid,paired,pattern,pink,placement,plurifoliate,pore,position,present,purple,radially,red,rhizome,rotate,scale,simple-entire,smell,spot,staman,stellate,stone,structure,swollen,symmetric,symmetry,sympodial,system,tissue,trichome,tuber,unit,vegetative,vine,xylopodia,yellow,zygomorphy	12.0	61.0	101.0	blue,cordate,fleshy,fruit,hair,herb,leaf,mm,multicellular,simple,unbranched,white	.2,0.7-1,1.5-1.8,1.5-8,15-35,2-11,2-2.2,2-4,2.5-7,3-5,3-6,4-6,5-13,abaxially,acuminate,acute,adaxially,basally,blade,broadly,capitate,chartaceous,clavate,climbing,cm,connivent,cylindrical,deeply,deltoid,extra-axillary,flower,glabrous,hair-tipped,lanceolate,light,minutely,moderately,na,narrowly,oblong,obscure,often,ovate,pubescent,revolute,rotate-pentagonal,rounded,slender,small,somewhat,spaced,sparsely,terrestrial,tip,tooth,trailing,unknown,vein,weakly,widely,x	0.7-1.0,2.0-2.2,absent,anther,apex,appressed,articulation,basal,base,berry,black,bract,branching,breeding,broad-based,calyx,cell,colour,connective,corolla,distinct,eglandular,elliptic-oblong,elongating,enlarged,filament,flat,form,fruiting,fully,growth,herbaceous,hermaphroditic,heteromorphism,inflated,inflorescence,insertion,interjected,internodal,interpetalar,leaflet,leathery,length,lilac,lower,margin,marking,mature,membranous,modification,monochasial,needle-like,none,odour,orange,orientation,ovoid,paired,pattern,pedicel,petiole,pink,placement,plurifoliate,pore,position,present,prickle,pseudostipule,purple,radially,red,rhizome,rotate,scale,shape,simple-entire,smell,spot,staman,stellate,stem,stone,structure,surface,swollen,symmetric,symmetry,sympodial,system,texture,tissue,trichome,tuber,type,unit,vegetative,vine,xylopodia,yellow,zygomorphy
146	wfo-0001027384	invalid_json_followup	NA	37	NA	37	95	70	anther,apex,base,berry,branch,calyx,colour,corolla,cuneate,filament,form,fruit,fruiting,green,growth,hard,inflorescence,interjected,leaf,leaflet,length,margin,mm,pedicel,petiole,prickle,pseudostipule,shape,shrub,simple,stem,surface,terminal,texture,tree,type,white	.5,0.4-1.1,0.5-1,0.9-1,1-1.3,1-1.5,1-3,1-4,1.5-2,2.5-6.5,3-3.5,3-4,3/4,4-7,5-15-flowered,5-5.5,7-14,7.5-8,acute,alternate,appearance,arrangement,bark,border,brown,bud,capitate,characteristic,clavate,cm,corrugation,deep,dia,diameter,distal,drying,ellipsoid,exertion,flattened-reniform,giving,glabrous,glabrousnes,globose,height,history,later,lateral,life,lobe,lobing,long,long-exserted,main,midpoint,minutely,mustard,na,narrowly,new,number,obovate,opposite,ovary,pair,pale,papillose,peduncle,per,pitted,plant,primary,pseudo-terminal,ray,reddish-purple,rounded,seed,shaped,size,slender,small,stigma,style,sulcate,tapering,tear-drop,thicknes,tube,value,variation,vein,way,width,x,yellow,young							0.5,5.0-5.5,absent,appressed,articulation,basal,bract,branching,breeding,broad-based,cell,connective,coriaceous,difoliate,discrete,distinct,eglandular,elliptic-oblong,enlarged,flat,fleshy,fork,geminate,hair,heteromorphism,inflated,insertion,interpetalar,leaf-opposed,lower,marking,mature,modification,monochasial,multicellular,needle-like,non-geminate,none,odour,orientation,paired,pattern,placement,pore,position,present,radially,rhizome,round,scale,simple-entire,smell,spot,staman,stellate,stone,structure,swollen,symmetric,symmetry,sympodial,system,tissue,trichome,tuber,unbranched,unit,vegetative,xylopodia,zygomorphy	37.0	95.0	70.0	anther,apex,base,berry,branch,calyx,colour,corolla,cuneate,filament,form,fruit,fruiting,green,growth,hard,inflorescence,interjected,leaf,leaflet,length,margin,mm,pedicel,petiole,prickle,pseudostipule,shape,shrub,simple,stem,surface,terminal,texture,tree,type,white	.5,0.4-1.1,0.5-1,0.9-1,1-1.3,1-1.5,1-3,1-4,1.5-2,2.5-6.5,3-3.5,3-4,3/4,4-7,5-15-flowered,5-5.5,7-14,7.5-8,acute,alternate,appearance,arrangement,bark,border,brown,bud,capitate,characteristic,clavate,cm,corrugation,deep,dia,diameter,distal,drying,ellipsoid,exertion,flattened-reniform,giving,glabrous,glabrousnes,globose,height,history,later,lateral,life,lobe,lobing,long,long-exserted,main,midpoint,minutely,mustard,na,narrowly,new,number,obovate,opposite,ovary,pair,pale,papillose,peduncle,per,pitted,plant,primary,pseudo-terminal,ray,reddish-purple,rounded,seed,shaped,size,slender,small,stigma,style,sulcate,tapering,tear-drop,thicknes,tube,value,variation,vein,way,width,x,yellow,young	0.5,5.0-5.5,absent,appressed,articulation,basal,bract,branching,breeding,broad-based,cell,connective,coriaceous,difoliate,discrete,distinct,eglandular,elliptic-oblong,enlarged,flat,fleshy,fork,geminate,hair,heteromorphism,inflated,insertion,interpetalar,leaf-opposed,lower,marking,mature,modification,monochasial,multicellular,needle-like,non-geminate,none,odour,orientation,paired,pattern,placement,pore,position,present,radially,rhizome,round,scale,simple-entire,smell,spot,staman,stellate,stone,structure,swollen,symmetric,symmetry,sympodial,system,tissue,trichome,tuber,unbranched,unit,vegetative,xylopodia,zygomorphy
147	wfo-0001027389	success	45	37	7	33	94	70	0.25-0.3,anther,apex,base,berry,calyx,colour,corolla,filament,form,fruit,fruiting,geminate,green,growth,inflorescence,leaf,length,margin,mm,pedicel,petiole,shape,shrub,simple,stem,surface,texture,trichome,truncate,type,unifoliate,white	.1,.25,.5,0.5-0.75,0.5-1.5,0.6-1,1,1-1.5,1.8-1.9,11-14,2-2.5,3-3.5,3-4.5,4-5-flowered,5-7,7-8,acuminate,acute,arrangement,bark,branch,broadening,broadly,brown,bud,characteristic,cm,conical,corrugation,dark,decurrent,dia,diameter,dry,drying,elliptic,erect,except,exertion,exserted,filiform,glabrous,glabrousnes,globose,height,hispidulous,history,lateral,life,like,lobed,lobing,long,main,material,minutely,na,nearly,new,node,non-reproductive,ovary,ovate,ovoid-reniform,pair,peduncle,perennial,pitted,plant,poricidal,primary,puberulent,reddish-golden,seed,shiny,size,slender,slight,soon,sparsely,stigma,straight,style,tapering,thread-like,tip,top,tube,uniseriate,vein,winged,x,yellowish,young							1.5,absent,appressed,articulation,basal,bract,branching,breeding,broad-based,cell,connective,difoliate,discrete,distinct,eglandular,elliptic-oblong,enlarged,flat,fleshy,hair,heteromorphism,inflated,insertion,interjected,interpetalar,leaf-opposed,leaflet,leathery,lower,marking,mature,membranous,modification,monochasial,multicellular,needle-like,none,odour,orientation,paired,pattern,placement,pore,position,present,prickle,pseudostipule,radially,rhizome,round,scale,simple-entire,smell,spot,staman,stellate,stone,structure,swollen,symmetric,symmetry,sympodial,system,tissue,tuber,unbranched,unit,vegetative,xylopodia,zygomorphy	16.0	72.0	87.0	0.25-0.3,base,berry,calyx,geminate,green,leaf,mm,shrub,simple,stem,surface,trichome,truncate,unifoliate,white	.1,.25,.5,0.5-0.75,0.5-1.5,0.6-1,1,1-1.5,1.8-1.9,11-14,2-2.5,3-3.5,3-4.5,4-5-flowered,5-7,7-8,acuminate,acute,broadening,broadly,brown,cm,conical,dark,decurrent,dia,dry,elliptic,erect,except,exserted,filiform,glabrous,globose,hispidulous,lateral,like,lobed,long,main,material,minutely,na,nearly,node,non-reproductive,ovate,ovoid-reniform,pair,perennial,pitted,poricidal,puberulent,reddish-golden,shiny,slender,slight,soon,sparsely,straight,style,tapering,thread-like,tip,top,tube,uniseriate,vein,winged,x,yellowish,young	1.5,absent,anther,apex,appressed,articulation,basal,bract,branching,breeding,broad-based,cell,colour,connective,corolla,difoliate,discrete,distinct,eglandular,elliptic-oblong,enlarged,filament,flat,fleshy,form,fruit,fruiting,growth,hair,heteromorphism,inflated,inflorescence,insertion,interjected,interpetalar,leaf-opposed,leaflet,leathery,length,lower,margin,marking,mature,membranous,modification,monochasial,multicellular,needle-like,none,odour,orientation,paired,pattern,pedicel,petiole,placement,pore,position,present,prickle,pseudostipule,radially,rhizome,round,scale,shape,simple-entire,smell,spot,staman,stellate,stone,structure,swollen,symmetric,symmetry,sympodial,system,texture,tissue,tuber,type,unbranched,unit,vegetative,xylopodia,zygomorphy
148	wfo-0001027395	success	40	37	7	31	94	72	acute,anther,apex,base,berry,calyx,colour,corolla,filament,fleshy,form,fruit,fruiting,green,growth,inflorescence,leaf,length,margin,mm,pedicel,petiole,shape,shrub,simple,stem,surface,texture,trichome,type,white	.25,.5,0.25-0.5,0.75-1,1-1.5,1-5,1.1-1.5,1.5-1.9,10-20-flowered,12.5-17.3,2-3,5-6.5,8,alternate,anthesi,apically,arrangement,attenuate,bark,beneath,black,branch,bud,capitate,characteristic,cm,conical,constricted,corrugation,cucullate,decurrent,deflexed,densely,dia,diameter,drying,erect,exertion,exserted,glabrous,glabrousnes,globose,height,history,immature,imperceptibly,large,life,lobe,lobed,lobing,long,minutely,na,narrowly,nearly,new,number,obovate,occasionally,once-furcate,ovary,ovoid,papillose,partially,peduncle,per,perennial,planar,plant,pointed,primary,pubescent,raised,robust,rusty-papillate,secondary,seed,shaped,shining,shiny,size,somewhat,stigma,straight,style,tapering,tear-drop,tip,tube,uniseriate,vein,woody,x							0.25,3.5-4.0,absent,appressed,articulation,basal,bract,branching,breeding,broad-based,cell,connective,difoliate,discrete,distinct,eglandular,elliptic-oblong,enlarged,flat,forked,geminate,hair,heteromorphism,inflated,insertion,interjected,interpetalar,leaf-opposed,leaflet,leathery,lower,marking,mature,membranous,modification,monochasial,multicellular,needle-like,none,odour,orientation,paired,pattern,placement,pore,position,present,prickle,pseudostipule,radially,rhizome,round,scale,simple-entire,smell,spot,staman,stellate,stone,structure,swollen,symmetric,symmetry,sympodial,system,tissue,tuber,unbranched,unit,vegetative,xylopodia,zygomorphy	13.0	70.0	90.0	acute,base,berry,calyx,fleshy,green,margin,mm,petiole,shrub,simple,trichome,white	.25,.5,0.25-0.5,0.75-1,1-1.5,1-5,1.1-1.5,1.5-1.9,10-20-flowered,12.5-17.3,2-3,5-6.5,8,alternate,anthesi,apically,attenuate,beneath,black,capitate,cm,conical,constricted,cucullate,decurrent,deflexed,densely,dia,drying,erect,exserted,glabrous,globose,immature,imperceptibly,large,lobe,lobed,long,minutely,na,narrowly,nearly,obovate,occasionally,once-furcate,ovoid,papillose,partially,perennial,planar,pointed,primary,pubescent,raised,robust,rusty-papillate,secondary,shaped,shining,shiny,somewhat,straight,tapering,tear-drop,tip,uniseriate,vein,woody,x	0.25,3.5-4.0,absent,anther,apex,appressed,articulation,basal,bract,branching,breeding,broad-based,cell,colour,connective,corolla,difoliate,discrete,distinct,eglandular,elliptic-oblong,enlarged,filament,flat,forked,form,fruit,fruiting,geminate,growth,hair,heteromorphism,inflated,inflorescence,insertion,interjected,interpetalar,leaf,leaf-opposed,leaflet,leathery,length,lower,marking,mature,membranous,modification,monochasial,multicellular,needle-like,none,odour,orientation,paired,pattern,pedicel,placement,pore,position,present,prickle,pseudostipule,radially,rhizome,round,scale,shape,simple-entire,smell,spot,staman,stellate,stem,stone,structure,surface,swollen,symmetric,symmetry,sympodial,system,texture,tissue,tuber,type,unbranched,unit,vegetative,xylopodia,zygomorphy
149	wfo-0001027396	invalid_json_followup	NA	43	NA	43	123	73	0.5-1.5,6.5-7.5,acute,anther,apex,base,berry,calyx,colour,corolla,filament,form,fruit,fruiting,growth,hair,herb,inflorescence,interjected,leaf,leaflet,length,margin,marking,mm,pedicel,petiole,prickle,pseudostipule,purple,rotate,shape,shrub,simple,stem,straight,surface,texture,trichome,type,unbranched,white,yellow	0-100,0-3,0-4,0.5-1,0.7-2.5,0.8-1.3,1.5-3,1.5-3.5,1.8-3,1/3,1/4-1/3,10-35,2-3,2-3.5,2-7,2.5-4,2.8-4.5,20-100,3.5-6,4-7,5-8,5.5-7.5,6-20,abaxially,almost,apparently,arrangement,articulated,attenuate,bark,black,branch,brown,bud,characteristic,chartaceous,cm,concolorous,connivent,corrugation,cream,cuneate,dark,decurren,densely,diameter,discolorous,distal,drying,elliptic,elongate,erect,exertion,flattened,flattened-reniform,flower,glabrous,glabrousnes,glandular,gray-brown,green,height,history,lateral,life,lobed,lobing,long,long-styled,maturity,mauve,midpoint,moderately,na,near,new,number,obtuse,often,orange,ovary,pair,pale,peduncle,per,perennial,perpendicular,plant,poricidal,porrect,prickly,primary,pubescent,ray,red-brown,seed,short-styled,size,sometimes,somewhat,sparsely,spherical,stalked,stellate-pubescent,stigma,style,tapering,tearing,terminal,thicknes,tip,tube,upper,value,variation,variously,vein,way,wide,width,yellow-green,yellowish,young							absent,andromonoecious,appressed,articulation,basal,blue,bract,branching,breeding,broad-based,cell,connective,dichasial,difoliate,discrete,distinct,eglandular,ellipsoid,enlarged,flat,fleshy,heteromorphism,inflated,insertion,internodal,interpetalar,leathery,lilac,lower,mature,membranous,modification,multicellular,needle-like,non-geminate,none,odour,orientation,paired,pattern,pink,placement,pore,position,present,present-inflorescence,present-leaf,present-stem,radially,rhizome,round,rounded,scale,simple-lobed,smell,spot,staman,stellate,stone,structure,swollen,symmetric,symmetry,sympodial,system,tapered-lanceolate,tissue,triangular,tuber,unit,vegetative,xylopodia,zygomorphy	43.0	123.0	73.0	0.5-1.5,6.5-7.5,acute,anther,apex,base,berry,calyx,colour,corolla,filament,form,fruit,fruiting,growth,hair,herb,inflorescence,interjected,leaf,leaflet,length,margin,marking,mm,pedicel,petiole,prickle,pseudostipule,purple,rotate,shape,shrub,simple,stem,straight,surface,texture,trichome,type,unbranched,white,yellow	0-100,0-3,0-4,0.5-1,0.7-2.5,0.8-1.3,1.5-3,1.5-3.5,1.8-3,1/3,1/4-1/3,10-35,2-3,2-3.5,2-7,2.5-4,2.8-4.5,20-100,3.5-6,4-7,5-8,5.5-7.5,6-20,abaxially,almost,apparently,arrangement,articulated,attenuate,bark,black,branch,brown,bud,characteristic,chartaceous,cm,concolorous,connivent,corrugation,cream,cuneate,dark,decurren,densely,diameter,discolorous,distal,drying,elliptic,elongate,erect,exertion,flattened,flattened-reniform,flower,glabrous,glabrousnes,glandular,gray-brown,green,height,history,lateral,life,lobed,lobing,long,long-styled,maturity,mauve,midpoint,moderately,na,near,new,number,obtuse,often,orange,ovary,pair,pale,peduncle,per,perennial,perpendicular,plant,poricidal,porrect,prickly,primary,pubescent,ray,red-brown,seed,short-styled,size,sometimes,somewhat,sparsely,spherical,stalked,stellate-pubescent,stigma,style,tapering,tearing,terminal,thicknes,tip,tube,upper,value,variation,variously,vein,way,wide,width,yellow-green,yellowish,young	absent,andromonoecious,appressed,articulation,basal,blue,bract,branching,breeding,broad-based,cell,connective,dichasial,difoliate,discrete,distinct,eglandular,ellipsoid,enlarged,flat,fleshy,heteromorphism,inflated,insertion,internodal,interpetalar,leathery,lilac,lower,mature,membranous,modification,multicellular,needle-like,non-geminate,none,odour,orientation,paired,pattern,pink,placement,pore,position,present,present-inflorescence,present-leaf,present-stem,radially,rhizome,round,rounded,scale,simple-lobed,smell,spot,staman,stellate,stone,structure,swollen,symmetric,symmetry,sympodial,system,tapered-lanceolate,tissue,triangular,tuber,unit,vegetative,xylopodia,zygomorphy
150	wfo-0001027449	invalid_json_followup	NA	38	NA	39	98	65	acute,anther,apex,base,berry,calyx,colour,corolla,difoliate,filament,form,fruit,fruiting,geminate,green,growth,inflorescence,interjected,leaf,leaflet,length,margin,mm,pedicel,petiole,prickle,pseudostipule,shape,shrub,simple,stem,surface,sympodial,texture,tree,trichome,type,unit,white	.4,.75,/3,0.5-1,0.5-1.5,0.8-1.5,0.9-1.1,1.4-1.5,1.5-2.5,10-15-flowered,2-4,3,3-3.5,3-7,5-6,8-15,acuminate,area,arrangement,bark,beneath,branch,brown,bud,ca,characteristic,cm,corrugation,dark,dia,diameter,distal,drying,elliptic,exertion,exserted,glabrous,glabrousnes,globose,height,history,lateral,life,lobe,lobed,lobing,long,long-acuminate,long-triangular,midpoint,minutely,na,narrowly,new,number,oblique,often,orangish,ovary,ovoid-reniform,pale,papillose,peduncle,per,persistent,pitted,plant,pointed,primary,prominent,pubescent,raised,ray,red-papillose,reddish-brown,seed,shaped,size,slender,small,soon,stigma,straight,style,tapering,tear-drop,terminal,thicknes,tip,tube,uniseriate,value,variation,vein,way,width,woody,x							0.4,3.0-3.5,absent,appressed,articulation,asymmetric,basal,bract,branching,breeding,broad-based,cell,connective,discrete,distinct,elliptic-oblong,enlarged,flat,fleshy,glandular,hair,heteromorphism,inflated,insertion,interpetalar,leaf-opposed,leathery,lower,marking,mature,membranous,modification,monochasial,multicellular,needle-like,none,odour,orientation,paired,pattern,placement,pore,position,present,radially,rhizome,round,scale,simple-entire,smell,spot,staman,stellate,stone,structure,swollen,symmetric,symmetry,system,tissue,tuber,unbranched,vegetative,xylopodia,zygomorphy	39.0	98.0	65.0	acute,anther,apex,base,berry,calyx,colour,corolla,difoliate,filament,form,fruit,fruiting,geminate,green,growth,inflorescence,interjected,leaf,leaflet,length,margin,mm,pedicel,petiole,prickle,pseudostipule,shape,shrub,simple,stem,surface,sympodial,texture,tree,trichome,type,unit,white	.4,.75,/3,0.5-1,0.5-1.5,0.8-1.5,0.9-1.1,1.4-1.5,1.5-2.5,10-15-flowered,2-4,3,3-3.5,3-7,5-6,8-15,acuminate,area,arrangement,bark,beneath,branch,brown,bud,ca,characteristic,cm,corrugation,dark,dia,diameter,distal,drying,elliptic,exertion,exserted,glabrous,glabrousnes,globose,height,history,lateral,life,lobe,lobed,lobing,long,long-acuminate,long-triangular,midpoint,minutely,na,narrowly,new,number,oblique,often,orangish,ovary,ovoid-reniform,pale,papillose,peduncle,per,persistent,pitted,plant,pointed,primary,prominent,pubescent,raised,ray,red-papillose,reddish-brown,seed,shaped,size,slender,small,soon,stigma,straight,style,tapering,tear-drop,terminal,thicknes,tip,tube,uniseriate,value,variation,vein,way,width,woody,x	0.4,3.0-3.5,absent,appressed,articulation,asymmetric,basal,bract,branching,breeding,broad-based,cell,connective,discrete,distinct,elliptic-oblong,enlarged,flat,fleshy,glandular,hair,heteromorphism,inflated,insertion,interpetalar,leaf-opposed,leathery,lower,marking,mature,membranous,modification,monochasial,multicellular,needle-like,none,odour,orientation,paired,pattern,placement,pore,position,present,radially,rhizome,round,scale,simple-entire,smell,spot,staman,stellate,stone,structure,swollen,symmetric,symmetry,system,tissue,tuber,unbranched,vegetative,xylopodia,zygomorphy
151	wfo-0001027452	success	38	39	8	36	101	75	absent,anther,apex,base,berry,calyx,cell,colour,corolla,filament,form,fruit,fruiting,growth,herb,inflorescence,interjected,leaf,leaflet,length,margin,mm,pedicel,petiole,prickle,pseudostipule,rotate,rounded,shape,stem,surface,swollen,texture,type,white,yellow	.5,0.5-1,0.5-1.5,0.5-2,0.5-2.5,1,1-3,1-4.5,1-5,1.5,1.5-3,10-20,2-foliate,4,4-6,5-12,5-20,acute,appearance,arrangement,bark,border,branch,branched,brown,bud,center,characteristic,chartaceous,ciliate,cm,connected,corrugation,densely,denser,diameter,distal,dm,drying,elliptic,elliptic-ovoid,entire,exertion,flower,giving,glabrousnes,globose,height,history,immature,large,lateral,life,linear-lanceolate,lobe,lobing,maturing,membranaceous,midpoint,moderately,na,nearly,new,notched,number,oblong,obtuse,outer,ovary,parallel,peduncle,per,perpendicular,placenta,plant,primary,pubescent,raised,ray,ridge,running,seed,semitransparent,short,significantly,single,size,smaller,smoother,sparsely,stigma,style,terminal,thicknes,tube,variation,vein,wall,wide,width,x							1.0,1.5-3.0,appressed,articulation,basal,bract,branching,breeding,broad-based,connective,cuneate,difoliate,discrete,distinct,eglandular,elliptic-oblong,enlarged,flat,fleshy,fully,geminate,green,hair,hermaphroditic,heteromorphism,inflated,insertion,internodal,interpetalar,leaf-opposed,leathery,lower,marking,mature,membranous,modification,monochasial,multicellular,needle-like,non-geminate,none,odour,orientation,paired,pattern,placement,pore,position,present,radially,rhizome,round,scale,shrub,simple,simple-entire,smell,spot,staman,stellate,stone,structure,symmetric,symmetry,sympodial,system,tissue,trichome,tuber,unbranched,unit,vegetative,winged,xylopodia,zygomorphy	12.0	65.0	99.0	absent,berry,cell,fruit,herb,margin,mm,rotate,rounded,swollen,white,yellow	.5,0.5-1,0.5-1.5,0.5-2,0.5-2.5,1,1-3,1-4.5,1-5,1.5,1.5-3,10-20,2-foliate,4,4-6,5-12,5-20,acute,branched,brown,center,chartaceous,ciliate,cm,connected,densely,denser,diameter,dm,drying,elliptic,elliptic-ovoid,entire,flower,globose,immature,large,linear-lanceolate,maturing,membranaceous,moderately,na,nearly,notched,oblong,obtuse,outer,parallel,perpendicular,placenta,pubescent,raised,ridge,running,seed,semitransparent,short,significantly,single,smaller,smoother,sparsely,wall,wide,x	1.0,1.5-3.0,anther,apex,appressed,articulation,basal,base,bract,branching,breeding,broad-based,calyx,colour,connective,corolla,cuneate,difoliate,discrete,distinct,eglandular,elliptic-oblong,enlarged,filament,flat,fleshy,form,fruiting,fully,geminate,green,growth,hair,hermaphroditic,heteromorphism,inflated,inflorescence,insertion,interjected,internodal,interpetalar,leaf,leaf-opposed,leaflet,leathery,length,lower,marking,mature,membranous,modification,monochasial,multicellular,needle-like,non-geminate,none,odour,orientation,paired,pattern,pedicel,petiole,placement,pore,position,present,prickle,pseudostipule,radially,rhizome,round,scale,shape,shrub,simple,simple-entire,smell,spot,staman,stellate,stem,stone,structure,surface,symmetric,symmetry,sympodial,system,texture,tissue,trichome,tuber,type,unbranched,unit,vegetative,winged,xylopodia,zygomorphy
152	wfo-0001027471	invalid_json_followup	NA	39	NA	40	101	69	0.5,acute,anther,apex,base,berry,branched,calyx,colour,corolla,dendritic,filament,form,fruit,fruiting,growth,herb,inflorescence,interjected,internodal,leaf,leaf-opposed,leaflet,length,margin,mm,pedicel,petiole,pore,prickle,pseudostipule,shape,shrub,simple,stem,surface,texture,trichome,type,white	.5,/4,0.1-0.2,0.2-0.5,0.4-1,0.5-0.6,0.5-0.7,0.5-1.5,0.9-1,1-1.2,1.4-3,2-2.5,2-3,2-lobed,3-4,3-7,4-5,6-7,age,anthesi,arrangement,bark,bifid,branch,bud,cal,cayx,characteristic,cm,conical,corrugation,densely,diameter,distal,drying,elliptic,entire,erect,exertion,flattened,flower,glabrous,glabrousnes,globose,height,history,included,lamina,lateral,lengthening,less,life,like,lobe,lobing,maturity,midpoint,minutely,mixture,na,new,nodding,number,open-conical,ovary,ovate,pair,pale,papillate,peduncle,per,pitted,plant,poridical,primary,pubescent,ray,red-orange,reniform,seed,size,slender,slit,small,somewhat,sparsely,stigma,style,subshrub,tan,terminal,thicknes,tip,tube,value,variation,vein,way,width,x,yellowish							2.0-2.5,absent,appressed,articulation,basal,bract,branching,breeding,broad-based,cell,connective,difoliate,distinct,eglandular,elliptic-oblong,elongating,enlarged,flat,fleshy,fully,geminate,hair,hermaphroditic,heteromorphism,inflated,insertion,interpetalar,leathery,lower,marking,mature,membranous,modification,monochasial,multicellular,needle-like,none,odour,orange,orientation,paired,pattern,placement,position,present,radially,red,rhizome,round,scale,simple-entire,smell,spot,staman,stellate,stone,structure,swollen,symmetric,symmetry,sympodial,system,tissue,tuber,unbranched,unit,vegetative,xylopodia,zygomorphy	40.0	101.0	69.0	0.5,acute,anther,apex,base,berry,branched,calyx,colour,corolla,dendritic,filament,form,fruit,fruiting,growth,herb,inflorescence,interjected,internodal,leaf,leaf-opposed,leaflet,length,margin,mm,pedicel,petiole,pore,prickle,pseudostipule,shape,shrub,simple,stem,surface,texture,trichome,type,white	.5,/4,0.1-0.2,0.2-0.5,0.4-1,0.5-0.6,0.5-0.7,0.5-1.5,0.9-1,1-1.2,1.4-3,2-2.5,2-3,2-lobed,3-4,3-7,4-5,6-7,age,anthesi,arrangement,bark,bifid,branch,bud,cal,cayx,characteristic,cm,conical,corrugation,densely,diameter,distal,drying,elliptic,entire,erect,exertion,flattened,flower,glabrous,glabrousnes,globose,height,history,included,lamina,lateral,lengthening,less,life,like,lobe,lobing,maturity,midpoint,minutely,mixture,na,new,nodding,number,open-conical,ovary,ovate,pair,pale,papillate,peduncle,per,pitted,plant,poridical,primary,pubescent,ray,red-orange,reniform,seed,size,slender,slit,small,somewhat,sparsely,stigma,style,subshrub,tan,terminal,thicknes,tip,tube,value,variation,vein,way,width,x,yellowish	2.0-2.5,absent,appressed,articulation,basal,bract,branching,breeding,broad-based,cell,connective,difoliate,distinct,eglandular,elliptic-oblong,elongating,enlarged,flat,fleshy,fully,geminate,hair,hermaphroditic,heteromorphism,inflated,insertion,interpetalar,leathery,lower,marking,mature,membranous,modification,monochasial,multicellular,needle-like,none,odour,orange,orientation,paired,pattern,placement,position,present,radially,red,rhizome,round,scale,simple-entire,smell,spot,staman,stellate,stone,structure,swollen,symmetric,symmetry,sympodial,system,tissue,tuber,unbranched,unit,vegetative,xylopodia,zygomorphy
153	wfo-0001027473	success	42	39	8	36	93	75	absent,acute,anther,apex,base,berry,calyx,colour,corolla,dendritic,filament,form,fruit,fruiting,green,growth,inflorescence,interjected,leaf,leaflet,length,margin,mm,pedicel,petiole,prickle,pseudostipule,shape,shrub,stem,surface,texture,trichome,trifoliate,type,white	/2,0.25-0.5,0.5-1,0.8-1,1-2,1.3-2,1.5-2,1.8-2,2-2.5,2.5-3,3.5-5,4.5-13,6-9,8.5-37,?,adaxially,appearance,arrangement,bark,border,branch,brown,bud,characteristic,clavate,cm,conical,corrugation,decurrent,densely,di-,dia,diameter,distal,drying,erect,exertion,flattened-reniform,giving,glabrous,glabrousnes,globose,height,history,incrassate,later,lateral,life,lobe,lobing,long,long-triangular,main,midpoint,minutely,na,near,new,number,obovate,occasionally,ovary,pair,pale,peduncle,per,pitted,plant,pointed,primary,pubescent,pubesent,ray,rusty,seed,sessile,size,somewhat,sparsely,stigma,style,subshrub,terminal,thick,thicknes,tube,variation,vein,way,wide,width,yellowish,yellowish-brown							0.5-1.0,3.5-5.0,appressed,articulation,basal,bract,branched,branching,breeding,broad-based,cell,connective,cuneate,difoliate,discrete,distinct,elliptic-oblong,enlarged,flat,fleshy,forked,fully,geminate,hair,hermaphroditic,heteromorphism,inflated,insertion,internodal,interpetalar,leaf-opposed,leathery,lower,marking,mature,membranous,modification,monochasial,multi-branched,needle-like,non-geminate,none,odour,orientation,paired,pattern,placement,pore,position,present,radially,rhizome,round,scale,simple-entire,smell,spot,staman,stellate,stone,structure,swollen,symmetric,symmetry,sympodial,system,tissue,tuber,unbranched,unit,vegetative,winged,xylopodia,yellow,zygomorphy	14.0	56.0	97.0	absent,acute,apex,base,berry,dendritic,green,margin,mm,shrub,stem,trichome,trifoliate,white	/2,0.25-0.5,0.5-1,0.8-1,1-2,1.3-2,1.5-2,1.8-2,2-2.5,2.5-3,3.5-5,4.5-13,6-9,8.5-37,?,adaxially,brown,clavate,cm,conical,decurrent,densely,di-,dia,erect,flattened-reniform,glabrous,globose,incrassate,later,lateral,long,long-triangular,main,minutely,na,near,obovate,occasionally,pair,pale,pitted,pointed,pubescent,pubesent,rusty,sessile,somewhat,sparsely,subshrub,thick,vein,way,wide,yellowish,yellowish-brown	0.5-1.0,3.5-5.0,anther,appressed,articulation,basal,bract,branched,branching,breeding,broad-based,calyx,cell,colour,connective,corolla,cuneate,difoliate,discrete,distinct,elliptic-oblong,enlarged,filament,flat,fleshy,forked,form,fruit,fruiting,fully,geminate,growth,hair,hermaphroditic,heteromorphism,inflated,inflorescence,insertion,interjected,internodal,interpetalar,leaf,leaf-opposed,leaflet,leathery,length,lower,marking,mature,membranous,modification,monochasial,multi-branched,needle-like,non-geminate,none,odour,orientation,paired,pattern,pedicel,petiole,placement,pore,position,present,prickle,pseudostipule,radially,rhizome,round,scale,shape,simple-entire,smell,spot,staman,stellate,stone,structure,surface,swollen,symmetric,symmetry,sympodial,system,texture,tissue,tuber,type,unbranched,unit,vegetative,winged,xylopodia,yellow,zygomorphy
154	wfo-0001027483	success	42	40	9	38	89	81	acute,anther,apex,base,branch,calyx,colour,corolla,cuneate,distal,filament,flat,form,fruit,fruiting,green,growth,inflorescence,interjected,leaf,leaflet,length,margin,mm,monochasial,ovoid,pedicel,petiole,prickle,pseudostipule,rotate,rounded,shape,stem,surface,terminal,texture,type	0-10,0.2-1.9,0.6,1,1-2.5,1-4,1-5,1.2-2.5,1.5-10,1.5-2.6,1.5-3,2-4,2-4.5,3-15,3-6,3.5-20,5-6,acumen,apically,appearance,arrangement,articulate,bark,border,branched,bud,characteristic,cm,coarsely,connate,corrugation,cyme,dehiscent,diameter,dichasial,dichasially,drying,ebracteate,elliptical,exertion,finely,giving,glabrousnes,globose,green-white,height,herbaceous,history,lateral,life,light,lobe,lobing,long,medium,midpoint,minute,mucilaginous,na,new,number,obtuse,odd-pinnate,ovary,ovate,peduncle,per,perennial,plant,poricidally,primary,pubescent,ray,seed,size,stigma,straight,style,thicknes,tube,tuber-bearing,variation,vein,violet,violet-purple,wet,wide,width,yellow							1.0-4.0,1/2,1/4-1/2,2.0-4.5,absent,appressed,articulation,basal,berry,blue,bract,branching,breeding,broad-based,cell,compound-entire,connective,distinct,eglandular,elliptic-oblong,elongating,enlarged,fleshy,fork,forked,fully,hair,herb,hermaphroditic,heteromorphism,inflated,insertion,interpetalar,leathery,lilac,lower,marking,mature,membranous,modification,multi-branched,multicellular,needle-like,none,odour,orientation,paired,pattern,pink,placement,plurifoliate,pore,position,present,present-pair,purple,radially,rhizome,round,scale,simple,smell,spot,staman,stellate,stone,structure,swollen,symmetric,symmetry,sympodial,system,tissue,trichome,trifoliate,tuber,unit,vegetative,white,xylopodia,zygomorphy	9.0	55.0	110.0	acute,cuneate,flat,green,mm,monochasial,ovoid,rotate,rounded	0-10,0.2-1.9,0.6,1,1-2.5,1-4,1-5,1.2-2.5,1.5-10,1.5-2.6,1.5-3,2-4,2-4.5,3-15,3-6,3.5-20,5-6,acumen,apically,articulate,branched,cm,coarsely,connate,cyme,dehiscent,diameter,dichasial,dichasially,ebracteate,elliptical,finely,globose,green-white,herbaceous,light,lobe,long,medium,minute,mucilaginous,na,obtuse,odd-pinnate,ovate,perennial,poricidally,pubescent,straight,tuber-bearing,violet,violet-purple,wet,wide,yellow	1.0-4.0,1/2,1/4-1/2,2.0-4.5,absent,anther,apex,appressed,articulation,basal,base,berry,blue,bract,branch,branching,breeding,broad-based,calyx,cell,colour,compound-entire,connective,corolla,distal,distinct,eglandular,elliptic-oblong,elongating,enlarged,filament,fleshy,fork,forked,form,fruit,fruiting,fully,growth,hair,herb,hermaphroditic,heteromorphism,inflated,inflorescence,insertion,interjected,interpetalar,leaf,leaflet,leathery,length,lilac,lower,margin,marking,mature,membranous,modification,multi-branched,multicellular,needle-like,none,odour,orientation,paired,pattern,pedicel,petiole,pink,placement,plurifoliate,pore,position,present,present-pair,prickle,pseudostipule,purple,radially,rhizome,round,scale,shape,simple,smell,spot,staman,stellate,stem,stone,structure,surface,swollen,symmetric,symmetry,sympodial,system,terminal,texture,tissue,trichome,trifoliate,tuber,type,unit,vegetative,white,xylopodia,zygomorphy
155	wfo-0001027506	invalid_json_followup	NA	43	NA	40	117	75	0.8-1.5,anther,apex,base,berry,branch,calyx,cell,colour,cordate,corolla,cuneate,filament,form,fruit,fruiting,growth,inflorescence,interjected,leaf,leaflet,length,margin,marking,mm,pedicel,petiole,prickle,pseudostipule,purple,shape,shrub,stem,surface,terminal,texture,tree,truncate,type,yellow	-7,-7.5,.2,.5,.8,/6,0-10,0-60,0.1-0.3,0.5-1.5,0.5-6,0.7-1.3,1-2,1.2-1.5,1.5-2.2,1.8,1/3,10-40,2-3.2,2.2-3.5,2.5-5,3-6,5-10,5-7,6,acuminate,acute,apart,apically,apparently,arrangement,articulated,bark,becoming,brown,bud,characteristic,chartaceous,cm,concolorous,connivent,corrugation,cream,curved,dark,densely,diameter,distal,drying,entire,erect,exertion,fine,flattened,flattened-reniform,glabrousnes,green,height,history,lateral,life,lobe,lobed,lobing,long,maturity,mauve,midpoint,na,narrow-deltate,new,number,occasionally,orange,orange-brown,outline,ovary,ovate,pair,pale,peduncle,per,perennial,pit,plant,poricidal,prickly,primary,raised,ray,reddish,seed,simple,size,small,smooth,sometimes,spaced,spherical,stelate-pubescent,stellate-pubescent,stigma,style,subentire,tapering,thicknes,tip,tube,upper,value,variation,vein,way,wide,width,yellow-green,young							6.5-7.0,absent,andromonoecious,appressed,articulation,basal,blue,bract,branching,breeding,broad-based,connective,dichasial,discrete,distinct,eglandular,enlarged,flat,fleshy,fork,forked,hair,heteromorphism,inflated,insertion,internodal,interpetalar,leathery,lilac,lower,mature,membranous,modification,needle-like,none,odour,orientation,paired,pattern,pink,placement,plurifoliate,pore,position,present,present-inflorescence,present-leaf,present-stem,radially,recurved,rhizome,round,scale,simple-entire,smell,spot,staman,stellate,stone,structure,swollen,symmetric,symmetry,sympodial,system,tapered-lanceolate,tissue,triangular,trichome,tuber,unbranched,unit,vegetative,xylopodia,zygomorphy	40.0	117.0	75.0	0.8-1.5,anther,apex,base,berry,branch,calyx,cell,colour,cordate,corolla,cuneate,filament,form,fruit,fruiting,growth,inflorescence,interjected,leaf,leaflet,length,margin,marking,mm,pedicel,petiole,prickle,pseudostipule,purple,shape,shrub,stem,surface,terminal,texture,tree,truncate,type,yellow	-7,-7.5,.2,.5,.8,/6,0-10,0-60,0.1-0.3,0.5-1.5,0.5-6,0.7-1.3,1-2,1.2-1.5,1.5-2.2,1.8,1/3,10-40,2-3.2,2.2-3.5,2.5-5,3-6,5-10,5-7,6,acuminate,acute,apart,apically,apparently,arrangement,articulated,bark,becoming,brown,bud,characteristic,chartaceous,cm,concolorous,connivent,corrugation,cream,curved,dark,densely,diameter,distal,drying,entire,erect,exertion,fine,flattened,flattened-reniform,glabrousnes,green,height,history,lateral,life,lobe,lobed,lobing,long,maturity,mauve,midpoint,na,narrow-deltate,new,number,occasionally,orange,orange-brown,outline,ovary,ovate,pair,pale,peduncle,per,perennial,pit,plant,poricidal,prickly,primary,raised,ray,reddish,seed,simple,size,small,smooth,sometimes,spaced,spherical,stelate-pubescent,stellate-pubescent,stigma,style,subentire,tapering,thicknes,tip,tube,upper,value,variation,vein,way,wide,width,yellow-green,young	6.5-7.0,absent,andromonoecious,appressed,articulation,basal,blue,bract,branching,breeding,broad-based,connective,dichasial,discrete,distinct,eglandular,enlarged,flat,fleshy,fork,forked,hair,heteromorphism,inflated,insertion,internodal,interpetalar,leathery,lilac,lower,mature,membranous,modification,needle-like,none,odour,orientation,paired,pattern,pink,placement,plurifoliate,pore,position,present,present-inflorescence,present-leaf,present-stem,radially,recurved,rhizome,round,scale,simple-entire,smell,spot,staman,stellate,stone,structure,swollen,symmetric,symmetry,sympodial,system,tapered-lanceolate,tissue,triangular,trichome,tuber,unbranched,unit,vegetative,xylopodia,zygomorphy
156	wfo-0001027548	success	46	38	7	36	91	74	anther,apex,base,berry,black,branch,calyx,colour,corolla,filament,form,fruit,fruiting,growth,inflorescence,interjected,leaf,leaflet,length,lilac,margin,membranous,mm,pedicel,petiole,prickle,pseudostipule,shape,stem,surface,terminal,texture,type,vine,white,woody	-11.5,0.3-1.2,0.5-2,1-1.5,1-3.5,1.2-2.5,1.5-2,10-12,3-7,4.5,6-9,8,8-9,acuminate,acute,almost,appearance,arrangement,attenuate,bark,border,brown,bud,c.,capitate,characteristic,cm,dark,densely,depressed-elliptic,diameter,distal,ellipsoid,elliptic,entire,exertion,exserted,flattened-reniform,flexuous,giving,glabrous,glabrousnes,globose,green,height,history,immature,lateral,life,like,lobe,lobing,long,loosely,midpoint,minute,minutely,na,narrowly,new,number,ovary,pair,pale,peduncle,per,pitted,plant,primary,puberulent,pubescent,ray,reddish,revolute,ripe,seed,simple,size,slender,stigma,strongly,style,thicknes,tinged,tube,variation,vein,warty,way,width,x							1.0-1.5,4.0,absent,appressed,articulation,basal,blue,bract,branched,branching,breeding,broad-based,cell,connective,cup-shaped,dendritic,distinct,elliptic-oblong,elongating,enlarged,fleshy,fork,forked,fully,hair,hermaphroditic,heteromorphism,inflated,insertion,interpetalar,leathery,lower,marking,mature,modification,monochasial,multi-branched,needle-like,none,odour,orientation,paired,pattern,pink,placement,plurifoliate,pore,position,present,purple,radially,rhizome,round,rounded,scale,simple-entire,smell,spot,staman,stellate,stone,structure,swollen,symmetric,symmetry,sympodial,system,tissue,trichome,tuber,unit,vegetative,xylopodia,zygomorphy	13.0	59.0	97.0	base,berry,black,branch,calyx,lilac,membranous,mm,stem,terminal,vine,white,woody	-11.5,0.3-1.2,0.5-2,1-1.5,1-3.5,1.2-2.5,1.5-2,10-12,3-7,4.5,6-9,8,8-9,acuminate,acute,almost,attenuate,brown,c.,capitate,cm,dark,densely,depressed-elliptic,diameter,ellipsoid,elliptic,entire,exserted,flattened-reniform,flexuous,glabrous,globose,green,immature,like,long,loosely,minute,minutely,na,narrowly,pair,pale,per,pitted,puberulent,pubescent,reddish,revolute,ripe,simple,slender,strongly,tinged,tube,warty,way,x	1.0-1.5,4.0,absent,anther,apex,appressed,articulation,basal,blue,bract,branched,branching,breeding,broad-based,cell,colour,connective,corolla,cup-shaped,dendritic,distinct,elliptic-oblong,elongating,enlarged,filament,fleshy,fork,forked,form,fruit,fruiting,fully,growth,hair,hermaphroditic,heteromorphism,inflated,inflorescence,insertion,interjected,interpetalar,leaf,leaflet,leathery,length,lower,margin,marking,mature,modification,monochasial,multi-branched,needle-like,none,odour,orientation,paired,pattern,pedicel,petiole,pink,placement,plurifoliate,pore,position,present,prickle,pseudostipule,purple,radially,rhizome,round,rounded,scale,shape,simple-entire,smell,spot,staman,stellate,stone,structure,surface,swollen,symmetric,symmetry,sympodial,system,texture,tissue,trichome,tuber,type,unit,vegetative,xylopodia,zygomorphy
157	wfo-0001027581	invalid_json_followup	NA	40	NA	38	114	70	acute,anther,apex,base,berry,branch,branching,calyx,colour,corolla,filament,form,fruit,fruiting,green,growth,inflorescence,interjected,leaf,leaflet,length,margin,mm,pedicel,petiole,prickle,pseudostipule,purple,shape,shrub,stellate,stem,surface,terminal,texture,tree,trichome,type	0.2-0.3,0.5-1,1-1.5,1-3-rayed,1.2-1.5,1.3-1.5,1.5-2,1.5-3,100+,12,12-30,15-20,2.5-3,200,3-3.5,4-8,4.5-16,7-10,7-9,9-11,9-9.5,>,along,anthesi,arrangement,axe,bark,branched,broadly,brown,bud,c.,characteristic,clavate,cm,corrugation,cup-shaped,dark,densely,diameter,discolorous,distal,drying,echinoid,ellipsoidal,elliptic,entire,evenly,exertion,exserted,flattened-reniform,flower,glabrescent,glabrous,glabrousnes,globose,golden,gradually,height,history,lateral,life,like,lobed,lobing,long,many,midpoint,minute,minutely,moderately,multangulate,multiseriate,na,narrowing,new,nodding,number,ovary,pair,part,peduncle,per,pitted,plane,plant,primary,pubescent,ray,reddish,ripe,scarcely,seed,sessile,simple,size,small,sparsely,stalk,stigma,stout,style,thicknes,time,tube,undersurface,upper,value,variation,vein,way,wide,width,yellowish							2.5-3.0,3.0-3.5,absent,appressed,articulation,basal,blue,bract,breeding,broad-based,cell,connective,coriaceous,cuneate,dichasial,distinct,eglandular,elliptic-oblong,elongating,enlarged,flat,fleshy,fork,fully,hair,hermaphroditic,heteromorphism,inflated,insertion,interpetalar,leathery,lilac,lower,marking,mature,modification,multi-branched,needle-like,none,odour,orientation,paired,pattern,pink,placement,plurifoliate,pore,position,present,radially,rhizome,round,scale,simple-entire,smell,spot,staman,stone,structure,swollen,symmetric,symmetry,sympodial,system,tissue,tuber,unit,vegetative,xylopodia,zygomorphy	38.0	114.0	70.0	acute,anther,apex,base,berry,branch,branching,calyx,colour,corolla,filament,form,fruit,fruiting,green,growth,inflorescence,interjected,leaf,leaflet,length,margin,mm,pedicel,petiole,prickle,pseudostipule,purple,shape,shrub,stellate,stem,surface,terminal,texture,tree,trichome,type	0.2-0.3,0.5-1,1-1.5,1-3-rayed,1.2-1.5,1.3-1.5,1.5-2,1.5-3,100+,12,12-30,15-20,2.5-3,200,3-3.5,4-8,4.5-16,7-10,7-9,9-11,9-9.5,>,along,anthesi,arrangement,axe,bark,branched,broadly,brown,bud,c.,characteristic,clavate,cm,corrugation,cup-shaped,dark,densely,diameter,discolorous,distal,drying,echinoid,ellipsoidal,elliptic,entire,evenly,exertion,exserted,flattened-reniform,flower,glabrescent,glabrous,glabrousnes,globose,golden,gradually,height,history,lateral,life,like,lobed,lobing,long,many,midpoint,minute,minutely,moderately,multangulate,multiseriate,na,narrowing,new,nodding,number,ovary,pair,part,peduncle,per,pitted,plane,plant,primary,pubescent,ray,reddish,ripe,scarcely,seed,sessile,simple,size,small,sparsely,stalk,stigma,stout,style,thicknes,time,tube,undersurface,upper,value,variation,vein,way,wide,width,yellowish	2.5-3.0,3.0-3.5,absent,appressed,articulation,basal,blue,bract,breeding,broad-based,cell,connective,coriaceous,cuneate,dichasial,distinct,eglandular,elliptic-oblong,elongating,enlarged,flat,fleshy,fork,fully,hair,hermaphroditic,heteromorphism,inflated,insertion,interpetalar,leathery,lilac,lower,marking,mature,modification,multi-branched,needle-like,none,odour,orientation,paired,pattern,pink,placement,plurifoliate,pore,position,present,radially,rhizome,round,scale,simple-entire,smell,spot,staman,stone,structure,swollen,symmetric,symmetry,sympodial,system,tissue,tuber,unit,vegetative,xylopodia,zygomorphy
158	wfo-0001027584	invalid_json_followup	NA	39	NA	39	97	72	absent,anther,apex,base,branch,calyx,cell,colour,corolla,ellipsoid,filament,form,fruit,fruiting,green,growth,herb,inflorescence,interjected,leaf,leaflet,length,margin,mm,pedicel,petiole,plurifoliate,pointed,prickle,pseudostipule,shape,shrub,stem,surface,terminal,texture,trichome,type,white	0.5-1.5-2,0.9-1,0.9-2.5,1-1.2,1.2-1.4,1.5-2,1.6-1.9,10-15,11.5-45,2,2-10,3,3-.,4-6,4-7,4.5-20,7-10-16,abruptly,acuminate,anthesi,appearance,arrangement,attenuate,bark,becoming,border,branched,brown,bud,capitate,characteristic,cm,conical,corrugation,darker,deflexed,diameter,distal,drying,elliptic,exertion,flattened,four,giving,glabrous,glabrousnes,height,history,lamina,lateral,life,lobe,lobing,long,midpoint,minutely,na,nearly,new,number,outer,outline,ovary,ovate,pair,pale,papillate,peduncle,per,plant,primary,ray,reddish,regularly,reniform,scattered,seed,sinuate,size,sparsely,stigma,striate,stripe,style,suffruticose,tan,thicknes,time,tube,uniseriate,value,variation,vein,wall,width,without,x							0.5-1.0,2.5-3.5,appressed,articulation,basal,berry,bract,branching,breeding,broad-based,connective,cuneate,discrete,distinct,eglandular,elliptic-oblong,elongated,enlarged,flat,fleshy,fork,forked,fully,hair,hermaphroditic,heteromorphism,inflated,insertion,interpetalar,leathery,lower,marking,mature,membranous,modification,monochasial,multi-branched,multicellular,needle-like,none,odour,orientation,paired,pattern,placement,pore,position,present,radially,rhizome,scale,simple,simple-entire,small,smell,spot,staman,stellate,stone,structure,swollen,symmetric,symmetry,sympodial,system,tissue,tuber,unbranched,unit,vegetative,xylopodia,zygomorphy	39.0	97.0	72.0	absent,anther,apex,base,branch,calyx,cell,colour,corolla,ellipsoid,filament,form,fruit,fruiting,green,growth,herb,inflorescence,interjected,leaf,leaflet,length,margin,mm,pedicel,petiole,plurifoliate,pointed,prickle,pseudostipule,shape,shrub,stem,surface,terminal,texture,trichome,type,white	0.5-1.5-2,0.9-1,0.9-2.5,1-1.2,1.2-1.4,1.5-2,1.6-1.9,10-15,11.5-45,2,2-10,3,3-.,4-6,4-7,4.5-20,7-10-16,abruptly,acuminate,anthesi,appearance,arrangement,attenuate,bark,becoming,border,branched,brown,bud,capitate,characteristic,cm,conical,corrugation,darker,deflexed,diameter,distal,drying,elliptic,exertion,flattened,four,giving,glabrous,glabrousnes,height,history,lamina,lateral,life,lobe,lobing,long,midpoint,minutely,na,nearly,new,number,outer,outline,ovary,ovate,pair,pale,papillate,peduncle,per,plant,primary,ray,reddish,regularly,reniform,scattered,seed,sinuate,size,sparsely,stigma,striate,stripe,style,suffruticose,tan,thicknes,time,tube,uniseriate,value,variation,vein,wall,width,without,x	0.5-1.0,2.5-3.5,appressed,articulation,basal,berry,bract,branching,breeding,broad-based,connective,cuneate,discrete,distinct,eglandular,elliptic-oblong,elongated,enlarged,flat,fleshy,fork,forked,fully,hair,hermaphroditic,heteromorphism,inflated,insertion,interpetalar,leathery,lower,marking,mature,membranous,modification,monochasial,multi-branched,multicellular,needle-like,none,odour,orientation,paired,pattern,placement,pore,position,present,radially,rhizome,scale,simple,simple-entire,small,smell,spot,staman,stellate,stone,structure,swollen,symmetric,symmetry,sympodial,system,tissue,tuber,unbranched,unit,vegetative,xylopodia,zygomorphy
159	wfo-0001027600	success	35	36	6	37	94	78	anther,apex,base,branch,calyx,colour,cordate,corolla,cuneate,filament,forked,form,fruit,green,growth,inflorescence,leaf,length,margin,mature,mm,orange,pedicel,petiole,prickle,purple,rounded,shape,simple,stem,surface,texture,tree,type,unbranched,white,yellow	0.5-1.5,1,1-14,1-4,1-5,1.5-2,10-15-25,10-20,2-18,2-3,2-4,2-4.5,2-6,2.5-21,20-30,3-5,3-5-lobed,abaxially,acuminate,acute,adaxially,adpressed,along,apical,apiculate,appearance,arrangement,bark,basal,border,bud,characteristic,cm,concave,corrugation,deltate,densely,diameter,drying,ellipsoidal,entire,except,fading,flattened,flower,giving,glabrous,glabrousnes,gland,greenish-white,height,history,lateral,life,lobe,lobed,main,midpoint,midrib,minutely,moderately,na,new,oblong,obtuse,occasionally,ovary,ovoid,peduncle,perennial,pilose,pinnately,plant,primary,puberulence,puberulent,purplish,rarely,ray,seed,size,stigma,style,subcoriaceous,thicknes,tip,truncate,two,unlobed,variation,vein,width,x,yellow-green							3.0-5.0,absent,appressed,articulation,berry,blue,bract,branching,breeding,broad-based,campanulate,cell,connective,coriaceous,discrete,distinct,eglandular,elliptic-oblong,enlarged,flat,fleshy,fork,fruiting,fully,hair,hermaphroditic,heteromorphism,inflated,insertion,interjected,internodal,interpetalar,leaflet,leathery,lilac,lower,marking,modification,multicellular,near-basal,needle-like,none,odour,orientation,paired,pattern,pink,placement,plurifoliate,pore,position,present,pseudostipule,radially,red,rhizome,round,scale,simple-entire,smell,spot,staman,stellate,stone,structure,swollen,symmetric,symmetry,sympodial,system,terminal,tissue,trichome,tuber,unit,vegetative,xylopodia,zygomorphy	17.0	67.0	98.0	apex,base,cordate,cuneate,forked,fruit,green,mature,mm,orange,purple,rounded,simple,tree,unbranched,white,yellow	0.5-1.5,1,1-14,1-4,1-5,1.5-2,10-15-25,10-20,2-18,2-3,2-4,2-4.5,2-6,2.5-21,20-30,3-5,3-5-lobed,abaxially,acuminate,acute,adaxially,adpressed,along,apical,apiculate,basal,cm,concave,deltate,densely,diameter,ellipsoidal,entire,except,fading,flattened,flower,glabrous,gland,greenish-white,lobe,lobed,main,midrib,minutely,moderately,na,oblong,obtuse,occasionally,ovoid,perennial,pilose,pinnately,puberulence,puberulent,purplish,rarely,style,subcoriaceous,tip,truncate,two,unlobed,vein,x,yellow-green	3.0-5.0,absent,anther,appressed,articulation,berry,blue,bract,branch,branching,breeding,broad-based,calyx,campanulate,cell,colour,connective,coriaceous,corolla,discrete,distinct,eglandular,elliptic-oblong,enlarged,filament,flat,fleshy,fork,form,fruiting,fully,growth,hair,hermaphroditic,heteromorphism,inflated,inflorescence,insertion,interjected,internodal,interpetalar,leaf,leaflet,leathery,length,lilac,lower,margin,marking,modification,multicellular,near-basal,needle-like,none,odour,orientation,paired,pattern,pedicel,petiole,pink,placement,plurifoliate,pore,position,present,prickle,pseudostipule,radially,red,rhizome,round,scale,shape,simple-entire,smell,spot,staman,stellate,stem,stone,structure,surface,swollen,symmetric,symmetry,sympodial,system,terminal,texture,tissue,trichome,tuber,type,unit,vegetative,xylopodia,zygomorphy
160	wfo-0001027607	success	40	38	7	32	97	73	acute,anther,apex,base,berry,calyx,colour,corolla,filament,form,fruit,fruiting,green,growth,inflorescence,leaf,length,margin,mm,pedicel,petiole,shape,shrub,simple,stem,surface,texture,trichome,type,unifoliate,white,winged	.1,.25,.5,0.25-0.5,0.5,0.8-1,1-4,1.2-1.5,1.5-3,2-2.5,2-3,2-4,2.5-3,3-3.5,3/4,4-10-flowered,5-10,5-7,8-9,acuminate,arching,area,arrangement,aspect,bark,branch,brown,bud,characteristic,cm,corrugation,curling,dark,decurrent,deltoid,densely,dia,diameter,dry,drying,elliptic,erect,exertion,exserted,filiform,flattened,giving,glabrous,globose,golden,height,history,lateral,life,like,lobing,long,main,material,minute,minutely,na,narrowly,number,obovoid,occasionally,older,ovary,ovoid-reniform,pagoda-like,pair,papillose,peduncle,per,perennial,pitted,plant,primary,pubescent,reddish-brown,seed,shaped,size,slender,soon,stigma,style,tan,tear-drop,tip,tube,uniseriate,vein,way,widened,x,zig-zag							0.25,2.5,absent,appressed,articulation,basal,bract,branching,breeding,broad-based,cell,connective,difoliate,discrete,distinct,eglandular,elliptic-oblong,enlarged,flat,fleshy,geminate,hair,heteromorphism,inflated,insertion,interjected,interpetalar,leaf-opposed,leaflet,leathery,lower,marking,mature,membranous,modification,monochasial,multicellular,needle-like,none,odour,orientation,paired,pattern,placement,pore,position,present,prickle,pseudostipule,radially,rhizome,round,scale,simple-entire,smell,spot,staman,stellate,stone,structure,swollen,symmetric,symmetry,sympodial,system,tissue,tree,tuber,unbranched,unit,vegetative,xylopodia,zygomorphy	14.0	77.0	91.0	acute,base,berry,calyx,green,mm,petiole,shrub,simple,stem,trichome,unifoliate,white,winged	.1,.25,.5,0.25-0.5,0.5,0.8-1,1-4,1.2-1.5,1.5-3,2-2.5,2-3,2-4,2.5-3,3-3.5,3/4,4-10-flowered,5-10,5-7,8-9,acuminate,arching,area,aspect,branch,brown,cm,curling,dark,decurrent,deltoid,densely,dia,dry,elliptic,erect,exserted,filiform,flattened,giving,glabrous,globose,golden,lateral,like,long,main,material,minute,minutely,na,narrowly,obovoid,occasionally,older,ovoid-reniform,pagoda-like,pair,papillose,perennial,pitted,plant,pubescent,reddish-brown,shaped,slender,soon,style,tan,tear-drop,tip,tube,uniseriate,vein,way,widened,x,zig-zag	0.25,2.5,absent,anther,apex,appressed,articulation,basal,bract,branching,breeding,broad-based,cell,colour,connective,corolla,difoliate,discrete,distinct,eglandular,elliptic-oblong,enlarged,filament,flat,fleshy,form,fruit,fruiting,geminate,growth,hair,heteromorphism,inflated,inflorescence,insertion,interjected,interpetalar,leaf,leaf-opposed,leaflet,leathery,length,lower,margin,marking,mature,membranous,modification,monochasial,multicellular,needle-like,none,odour,orientation,paired,pattern,pedicel,placement,pore,position,present,prickle,pseudostipule,radially,rhizome,round,scale,shape,simple-entire,smell,spot,staman,stellate,stone,structure,surface,swollen,symmetric,symmetry,sympodial,system,texture,tissue,tree,tuber,type,unbranched,unit,vegetative,xylopodia,zygomorphy
161	wfo-0001027618	invalid_json_followup	NA	38	NA	45	93	75	anther,apex,base,branch,calyx,campanulate,colour,cordate,corolla,cuneate,filament,fleshy,form,fruit,fruiting,fusiform,growth,inflorescence,interjected,leaf,leaflet,length,margin,mm,orange,pedicel,petiole,prickle,pseudostipule,purple,shape,shrub,simple,stem,surface,sympodial,terminal,texture,truncate,type,unbranched,unit,urceolate,white,yellow	-10,1,1-23,1-3,1-5,1-8.5,1-9,1.4-,15-35,2-11.5,2-27,2-5,2.5-6,3-30,3-5,3-7,4,5-30,5-7.5,6-40,8-16,8-35,acuminate,arrangement,articulated,bark,branched,bud,capitate,characteristic,chartaceous,cm,compound,corrugation,deltate,densely,diameter,distal,drying,ellipsoidal,elliptic-ovate,entire,exertion,flower,glabrous,glabrousnes,globose,greenish,height,history,lateral,leaving,less,life,lobe,lobing,long,membranaceous,midpoint,minutely,na,near,new,number,oblong,ovary,pedicellar,peduncle,per,perennial,pinnately,plant,primary,puberulent,puberulent-pilose,pubescent-pilose,ray,remnant,reticulate,ripe,seed,size,stigma,style,thicknes,triangular,tube,value,variation,vein,wide,width,x							3.0-5.0,absent,appressed,articulation,axillary,berry,blue,bract,branching,breeding,broad-based,cell,compound-entire,connective,discrete,distinct,eglandular,ellipsoid,enlarged,flat,fork,forked,fully,green,hair,hermaphroditic,heteromorphism,inflated,insertion,interpetalar,leathery,lilac,lower,marking,mature,membranous,modification,multicellular,near-basal,needle-like,none,odour,orientation,paired,pattern,pink,placement,plurifoliate,pore,position,present,radially,red,rhizome,round,scale,simple-entire,smell,spot,staman,stellate,stone,structure,swollen,symmetric,symmetry,system,tapered-lanceolate,tissue,tree,trichome,tuber,vegetative,xylopodia,zygomorphy	45.0	93.0	75.0	anther,apex,base,branch,calyx,campanulate,colour,cordate,corolla,cuneate,filament,fleshy,form,fruit,fruiting,fusiform,growth,inflorescence,interjected,leaf,leaflet,length,margin,mm,orange,pedicel,petiole,prickle,pseudostipule,purple,shape,shrub,simple,stem,surface,sympodial,terminal,texture,truncate,type,unbranched,unit,urceolate,white,yellow	-10,1,1-23,1-3,1-5,1-8.5,1-9,1.4-,15-35,2-11.5,2-27,2-5,2.5-6,3-30,3-5,3-7,4,5-30,5-7.5,6-40,8-16,8-35,acuminate,arrangement,articulated,bark,branched,bud,capitate,characteristic,chartaceous,cm,compound,corrugation,deltate,densely,diameter,distal,drying,ellipsoidal,elliptic-ovate,entire,exertion,flower,glabrous,glabrousnes,globose,greenish,height,history,lateral,leaving,less,life,lobe,lobing,long,membranaceous,midpoint,minutely,na,near,new,number,oblong,ovary,pedicellar,peduncle,per,perennial,pinnately,plant,primary,puberulent,puberulent-pilose,pubescent-pilose,ray,remnant,reticulate,ripe,seed,size,stigma,style,thicknes,triangular,tube,value,variation,vein,wide,width,x	3.0-5.0,absent,appressed,articulation,axillary,berry,blue,bract,branching,breeding,broad-based,cell,compound-entire,connective,discrete,distinct,eglandular,ellipsoid,enlarged,flat,fork,forked,fully,green,hair,hermaphroditic,heteromorphism,inflated,insertion,interpetalar,leathery,lilac,lower,marking,mature,membranous,modification,multicellular,near-basal,needle-like,none,odour,orientation,paired,pattern,pink,placement,plurifoliate,pore,position,present,radially,red,rhizome,round,scale,simple-entire,smell,spot,staman,stellate,stone,structure,swollen,symmetric,symmetry,system,tapered-lanceolate,tissue,tree,trichome,tuber,vegetative,xylopodia,zygomorphy
162	wfo-0001027622	invalid_json_followup	NA	40	NA	40	121	74	anther,apex,base,berry,blue,branch,calyx,cell,colour,corolla,distal,filament,forked,form,fruit,fruiting,green,growth,herb,inflorescence,interjected,leaf,leaflet,length,margin,membranous,mm,pedicel,petiole,prickle,pseudostipule,purple,rounded,shape,stem,surface,terminal,texture,truncate,type	.5,0-14,0-16,0.3-10,1,1-2,1.5-3.5,1.5-4.2,1.6-4.5,1/3,12-23,2-25,2-6,2.5-3.5,3-4.5,3.5-11,4-9.5,5-11,6-7,8-16,8-20,abaxially,acuminate,acute,adaxially,arrangement,articulated,axillary,bark,blue-purple,broadly,brownish,bud,capitate,characteristic,chartaceous,clavate,cm,condition,connivent,corrugation,covering,decumbent,diameter,drying,elliptical,erect,exertion,flower,fresh,generally,glabrescent,glabrous,glabrousnes,globose,green-white,greenish,hair-like,half,height,history,lanceolate,lateral,life,light,lobe,lobing,long,make,middle,midpoint,mottled,mucilaginous,na,narrowly,new,number,oblique,odd-pinnate,ovary,ovate,ovate-lanceolate,ovoid,pale,peduncle,per,petal,plant,poricidal,primary,pubescent,ray,seed,shortly,size,slightly,star,stigma,striped,style,subglabrous,subtending,testal,thick,thicknes,throughout,tip,tube,unwinged,usually,value,variation,vein,wall,wet,whitish,wide,width,wing,x,yellow							1.0,1/2,6.0-7.0,absent,appressed,articulation,asymmetric,bract,branching,breeding,broad-based,compound-entire,connective,distinct,eglandular,elliptic-oblong,elongating,enlarged,flat,fleshy,fork,fully,hair,hermaphroditic,heteromorphism,inflated,insertion,interpetalar,leathery,lilac,lower,marking,mature,modification,monochasial,multicellular,needle-like,none,odour,orientation,paired,pattern,pink,placement,plurifoliate,pore,position,present,present-pair,radially,rhizome,rotate,round,scale,simple,smell,spot,staman,stellate,stone,structure,swollen,symmetric,symmetry,sympodial,system,tissue,trichome,trifoliate,tuber,unit,vegetative,xylopodia,zygomorphy	40.0	121.0	74.0	anther,apex,base,berry,blue,branch,calyx,cell,colour,corolla,distal,filament,forked,form,fruit,fruiting,green,growth,herb,inflorescence,interjected,leaf,leaflet,length,margin,membranous,mm,pedicel,petiole,prickle,pseudostipule,purple,rounded,shape,stem,surface,terminal,texture,truncate,type	.5,0-14,0-16,0.3-10,1,1-2,1.5-3.5,1.5-4.2,1.6-4.5,1/3,12-23,2-25,2-6,2.5-3.5,3-4.5,3.5-11,4-9.5,5-11,6-7,8-16,8-20,abaxially,acuminate,acute,adaxially,arrangement,articulated,axillary,bark,blue-purple,broadly,brownish,bud,capitate,characteristic,chartaceous,clavate,cm,condition,connivent,corrugation,covering,decumbent,diameter,drying,elliptical,erect,exertion,flower,fresh,generally,glabrescent,glabrous,glabrousnes,globose,green-white,greenish,hair-like,half,height,history,lanceolate,lateral,life,light,lobe,lobing,long,make,middle,midpoint,mottled,mucilaginous,na,narrowly,new,number,oblique,odd-pinnate,ovary,ovate,ovate-lanceolate,ovoid,pale,peduncle,per,petal,plant,poricidal,primary,pubescent,ray,seed,shortly,size,slightly,star,stigma,striped,style,subglabrous,subtending,testal,thick,thicknes,throughout,tip,tube,unwinged,usually,value,variation,vein,wall,wet,whitish,wide,width,wing,x,yellow	1.0,1/2,6.0-7.0,absent,appressed,articulation,asymmetric,bract,branching,breeding,broad-based,compound-entire,connective,distinct,eglandular,elliptic-oblong,elongating,enlarged,flat,fleshy,fork,fully,hair,hermaphroditic,heteromorphism,inflated,insertion,interpetalar,leathery,lilac,lower,marking,mature,modification,monochasial,multicellular,needle-like,none,odour,orientation,paired,pattern,pink,placement,plurifoliate,pore,position,present,present-pair,radially,rhizome,rotate,round,scale,simple,smell,spot,staman,stellate,stone,structure,swollen,symmetric,symmetry,sympodial,system,tissue,trichome,trifoliate,tuber,unit,vegetative,xylopodia,zygomorphy
163	wfo-0001027624	invalid_json_followup	NA	40	NA	39	105	74	anther,apex,base,berry,branch,calyx,cell,colour,corolla,cuneate,distal,filament,forked,form,fruit,fruiting,green,growth,hair,herb,inflorescence,interjected,leaf,leaflet,length,margin,mm,ovoid,pedicel,petiole,prickle,pseudostipule,purple,shape,stem,surface,terminal,texture,type	0-7,0.1-0.9,0.3-1,0.4-3,0.5-1.5,0.8-5.6,1-2,1.1-8.4,1.2-2.6,1.3-2.9,1.5-6.6,2-20,2.4-4.8,2.9-12,3-10,3-11,4-8,5-9,6-18.5,9-41,\u201chair-like\u201d,abaxially,acute,adaxially,arrangement,axillary,bark,brownish,bud,capitate,characteristic,clavate,cm,condition,connivent,corrugation,covering,decumbent,deep,densely,diameter,drying,elliptic,entirely,erect,exertion,flower,fresh,glabrous,glabrousnes,globose,green-white,greenish,half,height,history,lanceolate,lateral,life,light,lobe,lobing,long,make,midpoint,mottled,mucilaginous,na,new,number,odd-pinnate,ovary,ovate,peduncle,per,plant,primary,pubescent,ray,seed,short,size,slightly,sometimes,stigma,style,subtending,testal,thick,thicknes,throughout,tube,unwinged,usually,value,variation,vein,wall,wet,white,whitish,wide,width,x,yellow							1.0-2.0,1/2,4.0-8.0,absent,appressed,articulation,blue,bract,branching,breeding,broad-based,compound-entire,connective,distinct,eglandular,elliptic-oblong,elongating,enlarged,flat,fleshy,fork,fully,hermaphroditic,heteromorphism,inflated,insertion,interpetalar,leathery,lilac,lower,marking,mature,membranous,modification,monochasial,multicellular,needle-like,none,odour,orientation,paired,pattern,pink,placement,plurifoliate,pore,position,present,present-pair,radially,rhizome,rotate,round,scale,simple,smell,spot,staman,stellate,stone,structure,swollen,symmetric,symmetry,sympodial,system,tissue,trichome,trifoliate,tuber,unit,vegetative,xylopodia,zygomorphy	39.0	105.0	74.0	anther,apex,base,berry,branch,calyx,cell,colour,corolla,cuneate,distal,filament,forked,form,fruit,fruiting,green,growth,hair,herb,inflorescence,interjected,leaf,leaflet,length,margin,mm,ovoid,pedicel,petiole,prickle,pseudostipule,purple,shape,stem,surface,terminal,texture,type	0-7,0.1-0.9,0.3-1,0.4-3,0.5-1.5,0.8-5.6,1-2,1.1-8.4,1.2-2.6,1.3-2.9,1.5-6.6,2-20,2.4-4.8,2.9-12,3-10,3-11,4-8,5-9,6-18.5,9-41,\u201chair-like\u201d,abaxially,acute,adaxially,arrangement,axillary,bark,brownish,bud,capitate,characteristic,clavate,cm,condition,connivent,corrugation,covering,decumbent,deep,densely,diameter,drying,elliptic,entirely,erect,exertion,flower,fresh,glabrous,glabrousnes,globose,green-white,greenish,half,height,history,lanceolate,lateral,life,light,lobe,lobing,long,make,midpoint,mottled,mucilaginous,na,new,number,odd-pinnate,ovary,ovate,peduncle,per,plant,primary,pubescent,ray,seed,short,size,slightly,sometimes,stigma,style,subtending,testal,thick,thicknes,throughout,tube,unwinged,usually,value,variation,vein,wall,wet,white,whitish,wide,width,x,yellow	1.0-2.0,1/2,4.0-8.0,absent,appressed,articulation,blue,bract,branching,breeding,broad-based,compound-entire,connective,distinct,eglandular,elliptic-oblong,elongating,enlarged,flat,fleshy,fork,fully,hermaphroditic,heteromorphism,inflated,insertion,interpetalar,leathery,lilac,lower,marking,mature,membranous,modification,monochasial,multicellular,needle-like,none,odour,orientation,paired,pattern,pink,placement,plurifoliate,pore,position,present,present-pair,radially,rhizome,rotate,round,scale,simple,smell,spot,staman,stellate,stone,structure,swollen,symmetric,symmetry,sympodial,system,tissue,trichome,trifoliate,tuber,unit,vegetative,xylopodia,zygomorphy
164	wfo-0001027626	success	35	39	8	39	91	78	anther,apex,base,berry,branch,calyx,colour,cordate,coriaceous,corolla,filament,fleshy,form,fruit,fruiting,growth,inflorescence,interjected,leaf,leaf-opposed,leaflet,length,margin,mm,pedicel,petiole,plurifoliate,prickle,pseudostipule,shape,shrub,stem,surface,terminal,texture,trichome,type,unbranched,white	.3,.5,0.1–0.2,0.2–0.6,0.5-1,0.7–1,1,1.3–4.5,1.5–2,13–14,2–5,3–4,3–4.5,4.4–11,4–6,5–6,8,9–18,acuminate,acute,adaxially,appearance,arrangement,bark,border,bud,capitate,characteristic,chartaceous,cm,corrugation,diameter,distal,distichous,drying,elliptical,entire,exertion,extra-axillary,flower,giving,glabrous,glabrousnes,greenish-white,height,history,lanceolate,lateral,liana,life,lobe,lobing,long,maturity,midpoint,minutely,moderately,na,nearly,new,number,oblique,ovary,ovate,peduncle,per,pinnate,plant,possibly,primary,pubescent,ray,reflexed,sand-punctate,scandent,seed,size,slender,somewhat,spindle-shaped,stigma,style,thicknes,tip,tube,unknown,variation,vein,width,wiry-woody,x							0.5-1.0,2.5,absent,appressed,articulation,asymmetric,basal,black,bract,branching,breeding,broad-based,cell,connective,distinct,eglandular,elliptic-oblong,elongating,enlarged,flat,fork,fully,fusiform,green,hair,hermaphroditic,heteromorphism,inflated,insertion,internodal,interpetalar,leathery,lower,marking,mature,membranous,modification,monochasial,multicellular,needle-like,none,odour,orange,orientation,paired,pattern,placement,pointed,pore,position,purple,radially,red,rhizome,rounded,scale,simple,simple-entire,smell,spot,staman,stellate,stone,structure,swollen,symmetric,symmetry,sympodial,system,tissue,tuber,unit,vegetative,vine,woody,xylopodia,yellow,zygomorphy	13.0	54.0	104.0	berry,cordate,coriaceous,fleshy,fruit,leaf-opposed,mm,plurifoliate,shrub,terminal,trichome,unbranched,white	.3,.5,0.1–0.2,0.2–0.6,0.5-1,0.7–1,1,1.3–4.5,1.5–2,13–14,2–5,3–4,3–4.5,4.4–11,4–6,5–6,8,9–18,acuminate,acute,adaxially,capitate,chartaceous,cm,distichous,elliptical,entire,extra-axillary,flower,glabrous,greenish-white,lanceolate,liana,long,maturity,minutely,moderately,na,nearly,oblique,ovate,pinnate,possibly,pubescent,reflexed,sand-punctate,scandent,slender,somewhat,spindle-shaped,tip,unknown,wiry-woody,x	0.5-1.0,2.5,absent,anther,apex,appressed,articulation,asymmetric,basal,base,black,bract,branch,branching,breeding,broad-based,calyx,cell,colour,connective,corolla,distinct,eglandular,elliptic-oblong,elongating,enlarged,filament,flat,fork,form,fruiting,fully,fusiform,green,growth,hair,hermaphroditic,heteromorphism,inflated,inflorescence,insertion,interjected,internodal,interpetalar,leaf,leaflet,leathery,length,lower,margin,marking,mature,membranous,modification,monochasial,multicellular,needle-like,none,odour,orange,orientation,paired,pattern,pedicel,petiole,placement,pointed,pore,position,prickle,pseudostipule,purple,radially,red,rhizome,rounded,scale,shape,simple,simple-entire,smell,spot,staman,stellate,stem,stone,structure,surface,swollen,symmetric,symmetry,sympodial,system,texture,tissue,tuber,type,unit,vegetative,vine,woody,xylopodia,yellow,zygomorphy
165	wfo-0001027630	success	44	37	5	31	70	73	acute,anther,apex,base,berry,calyx,colour,corolla,filament,form,fruit,fruiting,growth,inflorescence,leaf,length,margin,mm,pedicel,petiole,shape,shrub,simple,stem,surface,texture,trichome,type,unifoliate,white,winged	.1,0.5-1.2,0.5-2,1-1.5,1-5,1.5-2,2-3,3/4,4-6,8-9,anthesi,apart,arrangement,bark,bud,characteristic,ciliation,climbing,cm,deflexed,densely,density,diameter,distance,elongate,erose,glabrate,glabrous,glabrousnes,globose,golden,green,height,hirsute,history,lanceolate,life,linear,lobing,long-acuminate,minutely,na,near,new,number,ovary,papillose,partially,per,perennial,plant,puberulent,pubescent,reflexed,scar,seed,shaped,size,slender,spacing,sparsely,stigma,style,tapering,tear-drop,tip,tube,way,width,yellowish							0.5-1.0,1.5-2.0,absent,appressed,articulation,basal,bract,branching,breeding,broad-based,cell,connective,discrete,distinct,eglandular,elliptic-oblong,enlarged,flat,fleshy,hair,heteromorphism,inflated,insertion,interjected,internodal,interpetalar,leaf-opposed,leaflet,leathery,lower,marking,mature,membranous,modification,monochasial,multicellular,needle-like,none,odour,orientation,paired,pattern,placement,pore,position,present,prickle,pseudostipule,radially,rhizome,round,scale,simple-entire,smell,spot,staman,stellate,stone,structure,swollen,symmetric,symmetry,sympodial,system,tissue,tuber,unbranched,unit,vegetative,vine,woody,xylopodia,zygomorphy	10.0	42.0	94.0	acute,apex,base,berry,mm,shrub,simple,unifoliate,white,winged	.1,0.5-1.2,0.5-2,1-1.5,1-5,1.5-2,2-3,3/4,4-6,8-9,apart,climbing,cm,deflexed,densely,elongate,erose,glabrate,glabrous,globose,golden,green,hirsute,lanceolate,linear,long-acuminate,minutely,na,near,papillose,partially,perennial,puberulent,pubescent,reflexed,shaped,slender,sparsely,tapering,tear-drop,way,yellowish	0.5-1.0,1.5-2.0,absent,anther,appressed,articulation,basal,bract,branching,breeding,broad-based,calyx,cell,colour,connective,corolla,discrete,distinct,eglandular,elliptic-oblong,enlarged,filament,flat,fleshy,form,fruit,fruiting,growth,hair,heteromorphism,inflated,inflorescence,insertion,interjected,internodal,interpetalar,leaf,leaf-opposed,leaflet,leathery,length,lower,margin,marking,mature,membranous,modification,monochasial,multicellular,needle-like,none,odour,orientation,paired,pattern,pedicel,petiole,placement,pore,position,present,prickle,pseudostipule,radially,rhizome,round,scale,shape,simple-entire,smell,spot,staman,stellate,stem,stone,structure,surface,swollen,symmetric,symmetry,sympodial,system,texture,tissue,trichome,tuber,type,unbranched,unit,vegetative,vine,woody,xylopodia,zygomorphy
166	wfo-0001027661	success	43	39	7	40	97	83	0.5,anther,apex,base,berry,branch,calyx,colour,cordate,corolla,dendritic,ellipsoid,filament,form,fruit,fruiting,growth,herbaceous,inflorescence,leaf,length,margin,mm,pedicel,petiole,purple,red,shape,simple,stellate,stem,surface,terminal,texture,trichome,truncate,type,vine,white,woody	+,0.5-1-7,0.5-2,0.6-1.1,0.6-1.5,1.2-6,1.3,1.5-2,2.5-7,30,4.5-6,5-9,6-12,6-9,8-10,>,acuminate,acute,anthesi,arrangement,bark,bright,bud,capitate,characteristic,cm,column,connivent,creeping,deeply,diameter,entire,exertion,extremely,flattened,fused,glabrous,glabrousnes,globose,grey,height,history,lateral,leaf-opposed,life,like,lobed,lobing,long,long-exserted,minute,minutely,mixture,moderately,na,new,number,ovary,pair,pale,papillose,peduncle,per,pinnatifid,pitted,plant,primary,pubescent,reniform,ripe,seed,short,single,size,slender,sparsely,spreading,stigma,style,tan,ternately,tightly,trailing,tube,turbinate,two,underground,uniseriate,usually,variable,vein,violet,way,wide,yellow,yellowish,¾							2,4.5-6.0,absent,appressed,articulation,basal,blue,bract,branched,branching,breeding,broad-based,cell,connective,cup-shaped,discrete,distinct,eglandular,elliptic-oblong,enlarged,fleshy,fork,forked,fully,hair,hermaphroditic,heteromorphism,inflated,insertion,interjected,internodal,interpetalar,leaflet,leathery,lilac,lobe,lower,marking,mature,membranous,modification,monochasial,multi-branched,multicellular,nectar,needle-like,none,odour,orange,orientation,paired,pattern,pink,placement,plurifoliate,pore,position,present,prickle,pseudostipule,radially,rhizome,round,rounded,scale,simple-entire,simple-lobed,smell,spot,staman,stone,structure,swollen,symmetric,symmetry,sympodial,system,tissue,tuber,unit,vegetative,xylopodia,zygomorphy	24.0	74.0	99.0	0.5,base,berry,branch,calyx,cordate,dendritic,ellipsoid,herbaceous,leaf,mm,purple,red,simple,stellate,stem,surface,terminal,trichome,truncate,type,vine,white,woody	+,0.5-1-7,0.5-2,0.6-1.1,0.6-1.5,1.2-6,1.3,1.5-2,2.5-7,30,4.5-6,5-9,6-12,6-9,8-10,>,acuminate,acute,anthesi,bright,capitate,cm,column,connivent,creeping,deeply,entire,extremely,flattened,fused,glabrous,globose,grey,lateral,leaf-opposed,like,lobed,long,long-exserted,minute,minutely,mixture,moderately,na,pair,pale,papillose,pinnatifid,pitted,pubescent,reniform,ripe,short,single,slender,sparsely,spreading,tan,ternately,tightly,trailing,tube,turbinate,two,underground,uniseriate,usually,variable,violet,way,wide,yellow,yellowish,¾	2,4.5-6.0,absent,anther,apex,appressed,articulation,basal,blue,bract,branched,branching,breeding,broad-based,cell,colour,connective,corolla,cup-shaped,discrete,distinct,eglandular,elliptic-oblong,enlarged,filament,fleshy,fork,forked,form,fruit,fruiting,fully,growth,hair,hermaphroditic,heteromorphism,inflated,inflorescence,insertion,interjected,internodal,interpetalar,leaflet,leathery,length,lilac,lobe,lower,margin,marking,mature,membranous,modification,monochasial,multi-branched,multicellular,nectar,needle-like,none,odour,orange,orientation,paired,pattern,pedicel,petiole,pink,placement,plurifoliate,pore,position,present,prickle,pseudostipule,radially,rhizome,round,rounded,scale,shape,simple-entire,simple-lobed,smell,spot,staman,stone,structure,swollen,symmetric,symmetry,sympodial,system,texture,tissue,tuber,unit,vegetative,xylopodia,zygomorphy
167	wfo-0001027714	invalid_json_followup	NA	39	NA	41	102	79	acute,anther,apex,basal,base,berry,branch,calyx,colour,cordate,corolla,filament,form,fruit,fruiting,growth,inflated,inflorescence,interjected,leaf,leaflet,length,margin,mature,mm,pedicel,petiole,prickle,pseudostipule,purple,red,shape,simple,stem,surface,terminal,texture,truncate,type,vine,woody	+,.5,/3,0,1-1.5,1-1.6,1-2,1-8,1.5-2.5,1.5-3,1.5-5,14-16,2-2.5,2-4,2.5-10,4-5,4.5-5,5,5-6,6-7,7-20,acuminate,almost,appearance,arrangement,bark,bright,brown,bud,capitate,characteristic,cm,conical,corky,corrugation,deep,densely,diameter,distal,drying,ellipsoid,elliptic,entire,exertion,exserted,flattened,giving,glabrate,glabrous,glabrousnes,globose,h,height,history,immature,juicy,lateral,life,lobe,lobing,midpoint,minutely,na,new,number,obovate,occasionally,ovary,pair,pale,papillose,peduncle,per,pitted,plant,plate,primary,pubescent,ray,reddish,reniform,ripe,seed,shiny,size,slender,small,somewhat,sparsely,stigma,strongly,style,thicknes,tube,value,variation,vein,violet,way,width,x,yellowish							1.5-3.0,4.0-4.5,absent,appressed,articulation,blue,bract,branched,branching,breeding,broad-based,cell,connective,cup-shaped,dendritic,discrete,distinct,eglandular,elliptic-oblong,enlarged,fleshy,fork,forked,fully,hair,hermaphroditic,heteromorphism,insertion,internodal,interpetalar,leathery,lilac,lower,marking,membranous,modification,monochasial,multi-branched,multicellular,needle-like,none,odour,orange,orientation,paired,pattern,pink,placement,plurifoliate,pore,position,present,radially,rhizome,rotate,round,rounded,scale,simple-entire,simple-lobed,simple-pinnatifid,smell,spot,staman,stellate,stone,structure,swollen,symmetric,symmetry,sympodial,system,tissue,trichome,tuber,unit,vegetative,xylopodia,zygomorphy	41.0	102.0	79.0	acute,anther,apex,basal,base,berry,branch,calyx,colour,cordate,corolla,filament,form,fruit,fruiting,growth,inflated,inflorescence,interjected,leaf,leaflet,length,margin,mature,mm,pedicel,petiole,prickle,pseudostipule,purple,red,shape,simple,stem,surface,terminal,texture,truncate,type,vine,woody	+,.5,/3,0,1-1.5,1-1.6,1-2,1-8,1.5-2.5,1.5-3,1.5-5,14-16,2-2.5,2-4,2.5-10,4-5,4.5-5,5,5-6,6-7,7-20,acuminate,almost,appearance,arrangement,bark,bright,brown,bud,capitate,characteristic,cm,conical,corky,corrugation,deep,densely,diameter,distal,drying,ellipsoid,elliptic,entire,exertion,exserted,flattened,giving,glabrate,glabrous,glabrousnes,globose,h,height,history,immature,juicy,lateral,life,lobe,lobing,midpoint,minutely,na,new,number,obovate,occasionally,ovary,pair,pale,papillose,peduncle,per,pitted,plant,plate,primary,pubescent,ray,reddish,reniform,ripe,seed,shiny,size,slender,small,somewhat,sparsely,stigma,strongly,style,thicknes,tube,value,variation,vein,violet,way,width,x,yellowish	1.5-3.0,4.0-4.5,absent,appressed,articulation,blue,bract,branched,branching,breeding,broad-based,cell,connective,cup-shaped,dendritic,discrete,distinct,eglandular,elliptic-oblong,enlarged,fleshy,fork,forked,fully,hair,hermaphroditic,heteromorphism,insertion,internodal,interpetalar,leathery,lilac,lower,marking,membranous,modification,monochasial,multi-branched,multicellular,needle-like,none,odour,orange,orientation,paired,pattern,pink,placement,plurifoliate,pore,position,present,radially,rhizome,rotate,round,rounded,scale,simple-entire,simple-lobed,simple-pinnatifid,smell,spot,staman,stellate,stone,structure,swollen,symmetric,symmetry,sympodial,system,tissue,trichome,tuber,unit,vegetative,xylopodia,zygomorphy
168	wfo-0001027720	invalid_json_followup	NA	43	NA	40	104	80	acute,anther,apex,base,berry,calyx,colour,corolla,eglandular,filament,form,fruit,fruiting,geminate,growth,inflorescence,interjected,leaf,leaflet,length,lilac,margin,mm,pedicel,petiole,prickle,pseudostipule,red,shape,shrub,simple,stellate,stem,straight,surface,sympodial,texture,triangular,type,unit	0,0-15,0.25-0.35,0.3-5,0.4-0.8,0.5-0.8,0.8-1,1-1.5,1-2,1-3.5,1.5-2,13-35,15-25,2-3,2-4,2-7,2-branched,2-foliate,4-5.5,4-7,4.3-15,7-8,7-9,8-16,appearance,arrangement,articulated,bark,branch,brown,bud,capitate,characteristic,chartaceous,cm,connivent,corrugation,cuneate,deltate,diameter,distal,distally,drying,elliptic,entire,exertion,extra-axillary,flattened,flower,giving,glabrous,glabrousnes,globose,green,height,history,lanceolate,lateral,life,lobe,lobing,long,loosely,markedly,midpoint,na,narrowly,new,notched,number,oblique,ovary,ovate,pale,part,peduncle,per,perennial,plant,porrect,primary,pubescent,ray,seed,sessile,size,slightly,sparsely,stellae,stigma,style,subreniform,terminal,thicker,thicknes,time,tube,value,variation,vein,width,x,yellow,yellowish							0.8-1.9,3.7-5.7,absent,absent-inflorescence,absent-leaf,absent-stem,appressed,articulation,asymmetric,basal,blue,bract,branching,breeding,broad-based,cell,connective,dichasial,difoliate,discrete,distinct,enlarged,flat,fleshy,forked,fully,glandular,hair,hermaphroditic,heteromorphism,inflated,insertion,internodal,interpetalar,leathery,lower,marking,mature,membranous,modification,multi-branched,multicellular,needle-like,none,odour,orange,orientation,paired,pattern,pink,placement,pore,position,present,present-leaf,present-stem,purple,radially,rhizome,round,rounded,scale,simple-entire,smell,spot,staman,stone,structure,swollen,symmetric,symmetry,system,tapered-lanceolate,tissue,tree,trichome,tuber,vegetative,xylopodia,zygomorphy	40.0	104.0	80.0	acute,anther,apex,base,berry,calyx,colour,corolla,eglandular,filament,form,fruit,fruiting,geminate,growth,inflorescence,interjected,leaf,leaflet,length,lilac,margin,mm,pedicel,petiole,prickle,pseudostipule,red,shape,shrub,simple,stellate,stem,straight,surface,sympodial,texture,triangular,type,unit	0,0-15,0.25-0.35,0.3-5,0.4-0.8,0.5-0.8,0.8-1,1-1.5,1-2,1-3.5,1.5-2,13-35,15-25,2-3,2-4,2-7,2-branched,2-foliate,4-5.5,4-7,4.3-15,7-8,7-9,8-16,appearance,arrangement,articulated,bark,branch,brown,bud,capitate,characteristic,chartaceous,cm,connivent,corrugation,cuneate,deltate,diameter,distal,distally,drying,elliptic,entire,exertion,extra-axillary,flattened,flower,giving,glabrous,glabrousnes,globose,green,height,history,lanceolate,lateral,life,lobe,lobing,long,loosely,markedly,midpoint,na,narrowly,new,notched,number,oblique,ovary,ovate,pale,part,peduncle,per,perennial,plant,porrect,primary,pubescent,ray,seed,sessile,size,slightly,sparsely,stellae,stigma,style,subreniform,terminal,thicker,thicknes,time,tube,value,variation,vein,width,x,yellow,yellowish	0.8-1.9,3.7-5.7,absent,absent-inflorescence,absent-leaf,absent-stem,appressed,articulation,asymmetric,basal,blue,bract,branching,breeding,broad-based,cell,connective,dichasial,difoliate,discrete,distinct,enlarged,flat,fleshy,forked,fully,glandular,hair,hermaphroditic,heteromorphism,inflated,insertion,internodal,interpetalar,leathery,lower,marking,mature,membranous,modification,multi-branched,multicellular,needle-like,none,odour,orange,orientation,paired,pattern,pink,placement,pore,position,present,present-leaf,present-stem,purple,radially,rhizome,round,rounded,scale,simple-entire,smell,spot,staman,stone,structure,swollen,symmetric,symmetry,system,tapered-lanceolate,tissue,tree,trichome,tuber,vegetative,xylopodia,zygomorphy
169	wfo-0001027720	invalid_json_followup	NA	43	NA	44	149	76	acute,anther,apex,base,berry,broad-based,calyx,colour,corolla,filament,form,fruit,fruiting,glandular,growth,hair,inflorescence,interjected,interpetalar,leaf,leaflet,length,margin,mature,mm,orange,pedicel,petiole,pore,prickle,pseudostipule,red,shape,shrub,simple,stellate,stem,straight,surface,texture,tissue,tree,triangular,type	.2,0,0.8\u20131.9,1.4\u20131.9,1.5\u20133.3,1.5\u20139.0,1.7\u20132.5,1.8\u20132.0,1/3,12\u201316,19.7\u201330.0,2.0,2.5\u20132.8,2.5\u20132.9,2\u20133,3.2,3.6,3.7\u20135.7,4.0\u201312.6,5.1\u201318.6,6.5\u20139.5,6\u20138,8.0\u201311.9,8.2\u201310.5,9.5\u201316.0,\u00d7,\u20134,acuminate,aequilateral,apical,apparently,appearing,arrangement,attachment,attenuate,bark,bilobed,branch,broad,bud,cancellate,capitate,channel,channeled,characteristic,cm,colored,concave,conical,connivent,corrugation,cream,crisped,curved,deciduous,developed,diameter,distal,distally,dry,drying,either,elliptic,entire,erect,especially,exertion,extra-axillary,fertile,flattened-irregular,flattened-orbicular,flattened-reniform,flower,glabrous,glabrousnes,globose,gradually,green,heavily,height,history,increasing,internode,juvenile,lateral,lavender,life,lobing,long,midpoint,midvein,minute,moderately,na,narrowly,new,notched,number,oblique,oblong,often,ovary,ovate,peduncle,per,perennial,plant,point,poorly,porrect,portion,potentially,primary,pubescent,ray,scattered,seed,sessile,short,shorter,side,size,slightly,small,soon,stellae,stigma,style,subacute,subcoriaceous,terminal,thicknes,tube,twice-branched,unarmed,upper,value,variation,vein,violet,wavy,white,wide,width,yellow,yellow-ferruginous,yellow-tan,young,±equal							0.8-1.9,3.7-5.7,absent,absent-inflorescence,absent-leaf,absent-stem,appressed,articulation,asymmetric,basal,blue,bract,branching,breeding,cell,connective,dichasial,difoliate,discrete,distinct,eglandular,enlarged,flat,fleshy,forked,fully,geminate,hermaphroditic,heteromorphism,inflated,insertion,internodal,leathery,lilac,lower,marking,membranous,modification,multi-branched,multicellular,needle-like,none,odour,orientation,paired,pattern,pink,placement,position,present,present-leaf,present-stem,purple,radially,rhizome,round,rounded,scale,simple-entire,smell,spot,staman,stone,structure,swollen,symmetric,symmetry,sympodial,system,tapered-lanceolate,trichome,tuber,unit,vegetative,xylopodia,zygomorphy	44.0	149.0	76.0	acute,anther,apex,base,berry,broad-based,calyx,colour,corolla,filament,form,fruit,fruiting,glandular,growth,hair,inflorescence,interjected,interpetalar,leaf,leaflet,length,margin,mature,mm,orange,pedicel,petiole,pore,prickle,pseudostipule,red,shape,shrub,simple,stellate,stem,straight,surface,texture,tissue,tree,triangular,type	.2,0,0.8\u20131.9,1.4\u20131.9,1.5\u20133.3,1.5\u20139.0,1.7\u20132.5,1.8\u20132.0,1/3,12\u201316,19.7\u201330.0,2.0,2.5\u20132.8,2.5\u20132.9,2\u20133,3.2,3.6,3.7\u20135.7,4.0\u201312.6,5.1\u201318.6,6.5\u20139.5,6\u20138,8.0\u201311.9,8.2\u201310.5,9.5\u201316.0,\u00d7,\u20134,acuminate,aequilateral,apical,apparently,appearing,arrangement,attachment,attenuate,bark,bilobed,branch,broad,bud,cancellate,capitate,channel,channeled,characteristic,cm,colored,concave,conical,connivent,corrugation,cream,crisped,curved,deciduous,developed,diameter,distal,distally,dry,drying,either,elliptic,entire,erect,especially,exertion,extra-axillary,fertile,flattened-irregular,flattened-orbicular,flattened-reniform,flower,glabrous,glabrousnes,globose,gradually,green,heavily,height,history,increasing,internode,juvenile,lateral,lavender,life,lobing,long,midpoint,midvein,minute,moderately,na,narrowly,new,notched,number,oblique,oblong,often,ovary,ovate,peduncle,per,perennial,plant,point,poorly,porrect,portion,potentially,primary,pubescent,ray,scattered,seed,sessile,short,shorter,side,size,slightly,small,soon,stellae,stigma,style,subacute,subcoriaceous,terminal,thicknes,tube,twice-branched,unarmed,upper,value,variation,vein,violet,wavy,white,wide,width,yellow,yellow-ferruginous,yellow-tan,young,±equal	0.8-1.9,3.7-5.7,absent,absent-inflorescence,absent-leaf,absent-stem,appressed,articulation,asymmetric,basal,blue,bract,branching,breeding,cell,connective,dichasial,difoliate,discrete,distinct,eglandular,enlarged,flat,fleshy,forked,fully,geminate,hermaphroditic,heteromorphism,inflated,insertion,internodal,leathery,lilac,lower,marking,membranous,modification,multi-branched,multicellular,needle-like,none,odour,orientation,paired,pattern,pink,placement,position,present,present-leaf,present-stem,purple,radially,rhizome,round,rounded,scale,simple-entire,smell,spot,staman,stone,structure,swollen,symmetric,symmetry,sympodial,system,tapered-lanceolate,trichome,tuber,unit,vegetative,xylopodia,zygomorphy
170	wfo-0001027757	success	39	39	6	31	79	85	anther,apex,base,blue,calyx,campanulate,colour,corolla,filament,form,fruit,growth,hair,inflorescence,leaf,length,lilac,margin,mm,multicellular,pedicel,petiole,rotate,shape,shrub,simple,stem,surface,texture,type,white	-6,0-1.4,0.2-0.3,0.3-2.0-2.7,0.5,1.0-1.1,1.2-4.0-5.5,1.5-1.6,1.5-2.5-3.2,2-10,2.5,2.5-4,3-12,4-9,6-9,60-100,8-16-19,abaxially,acute,anthesi,apart,arrangement,articulated,axillary,borne,brown,characteristic,clavate,cm,dark,decurred,deeply,diameter,elliptic,erect,exertion,flattened,glabrous,glabrousnes,globose,height,history,irregularly,lanceolate,leafy,life,lobed,lobing,long,moderately,narrowly,new,oblong,obtuse,occasionally,often,ovary,ovate,pale,peduncle,perennial,pitted,plant,pubescent,regularly,seed,shoot,size,spaced,sparsely,stigma,style,tube,unicellular,uniseriate,unknown,violet,woody,x							0.2,2.5-5.5,absent,appressed,articulation,attenuate,basal,berry,black,bract,branch,branching,breeding,broad-based,cell,connective,distinct,eglandular,elliptic-oblong,elongating,enlarged,flat,fleshy,fork,forked,fruiting,fully,glandular,green,hermaphroditic,heteromorphism,inflated,insertion,interjected,interpetalar,leaflet,leathery,lower,marking,mature,modification,monochasial,needle-like,none,odour,orange,orientation,paired,pattern,pink,placement,plurifoliate,pore,position,present,prickle,pseudostipule,purple,radially,red,rhizome,round,scale,simple-lobed,simple-toothed,smell,spot,staman,stellate,stone,structure,swollen,symmetric,symmetry,sympodial,system,terminal,tissue,trichome,tuber,unbranched,unit,vegetative,xylopodia,zygomorphy	12.0	62.0	104.0	base,blue,campanulate,fruit,hair,lilac,mm,multicellular,rotate,shrub,simple,white	-6,0-1.4,0.2-0.3,0.3-2.0-2.7,0.5,1.0-1.1,1.2-4.0-5.5,1.5-1.6,1.5-2.5-3.2,2-10,2.5,2.5-4,3-12,4-9,6-9,60-100,8-16-19,abaxially,acute,anthesi,apart,articulated,axillary,borne,brown,clavate,cm,dark,decurred,deeply,diameter,elliptic,erect,flattened,glabrous,globose,irregularly,lanceolate,leafy,lobed,long,moderately,narrowly,oblong,obtuse,occasionally,often,ovate,pale,perennial,pitted,pubescent,regularly,shoot,spaced,sparsely,unicellular,uniseriate,unknown,violet,woody,x	0.2,2.5-5.5,absent,anther,apex,appressed,articulation,attenuate,basal,berry,black,bract,branch,branching,breeding,broad-based,calyx,cell,colour,connective,corolla,distinct,eglandular,elliptic-oblong,elongating,enlarged,filament,flat,fleshy,fork,forked,form,fruiting,fully,glandular,green,growth,hermaphroditic,heteromorphism,inflated,inflorescence,insertion,interjected,interpetalar,leaf,leaflet,leathery,length,lower,margin,marking,mature,modification,monochasial,needle-like,none,odour,orange,orientation,paired,pattern,pedicel,petiole,pink,placement,plurifoliate,pore,position,present,prickle,pseudostipule,purple,radially,red,rhizome,round,scale,shape,simple-lobed,simple-toothed,smell,spot,staman,stellate,stem,stone,structure,surface,swollen,symmetric,symmetry,sympodial,system,terminal,texture,tissue,trichome,tuber,type,unbranched,unit,vegetative,xylopodia,zygomorphy
171	wfo-0001027765	success	40	40	9	38	112	79	anther,apex,base,branch,calyx,cell,colour,corolla,distal,filament,form,fruit,glandular,green,growth,hair,inflorescence,interjected,leaf,leaflet,length,margin,mm,monochasial,pedicel,petiole,prickle,pseudostipule,rounded,shape,simple,stem,surface,terminal,texture,truncate,type,white	0-2,0.8,1,1-10,1-11.5,1-2,1-4,1-5,1.5-6,10-13,2-2.5,2-4,2.5-4,2.5-4.2,20-30-44,3-12,3-5-15-30,5-6,5-8,7-20,acumen,acute,apical,apically,apiculate,appearance,arrangement,articulate,bark,border,branched,bud,characteristic,cm,connate,cordate,corrugation,covering,cyme,dehiscent,diameter,dichasial,dichasially,drying,ebracteate,elliptic,exceeding,exertion,giving,glabrousnes,globose,green-white,hair-like,height,herbaceous,history,introrse,lateral,life,light,lobe,lobing,long,make,maturing,midpoint,mucilaginous,na,new,number,oblique,obtuse,odd-pinnate,often,ovary,ovate,ovate-lanceolate,ovoid,peduncle,per,perennial,pilose,plant,poricidally,primary,proximal,ray,seed,short,size,slightly,slit,stamen,stigma,straight,style,testal,thick,thicknes,throughout,tone,tube,tuber-bearing,variation,vein,violet,wall,wet,wide,width,yellow,¼							1.0-4.0,1/2,1/4-1/2,5.0-6.0,absent,appressed,articulation,asymmetric,basal,berry,blue,bract,branching,breeding,broad-based,compound-entire,connective,distinct,elliptic-oblong,elongating,enlarged,flat,fleshy,fork,forked,fruiting,fully,herb,hermaphroditic,heteromorphism,inflated,insertion,interpetalar,leathery,lilac,lower,marking,mature,membranous,modification,multi-branched,multicellular,needle-like,none,odour,orientation,paired,pattern,pink,placement,plurifoliate,pore,position,present,present-pair,purple,radially,rhizome,round,scale,smell,spot,staman,stellate,stone,structure,swollen,symmetric,symmetry,sympodial,system,tissue,trichome,trifoliate,tuber,unit,vegetative,xylopodia,zygomorphy	11.0	82.0	106.0	cell,distal,glandular,green,hair,mm,monochasial,rounded,simple,truncate,white	0-2,0.8,1,1-10,1-11.5,1-2,1-4,1-5,1.5-6,10-13,2-2.5,2-4,2.5-4,2.5-4.2,20-30-44,3-12,3-5-15-30,5-6,5-8,7-20,acumen,acute,apical,apically,apiculate,articulate,branched,cm,connate,cordate,covering,cyme,dehiscent,diameter,dichasial,dichasially,ebracteate,elliptic,exceeding,globose,green-white,hair-like,herbaceous,introrse,lateral,light,lobe,long,make,maturing,mucilaginous,na,oblique,obtuse,odd-pinnate,often,ovate,ovate-lanceolate,ovoid,perennial,pilose,poricidally,proximal,seed,short,slightly,slit,stamen,stigma,straight,style,testal,thick,throughout,tone,tuber-bearing,violet,wall,wet,wide,yellow,¼	1.0-4.0,1/2,1/4-1/2,5.0-6.0,absent,anther,apex,appressed,articulation,asymmetric,basal,base,berry,blue,bract,branch,branching,breeding,broad-based,calyx,colour,compound-entire,connective,corolla,distinct,elliptic-oblong,elongating,enlarged,filament,flat,fleshy,fork,forked,form,fruit,fruiting,fully,growth,herb,hermaphroditic,heteromorphism,inflated,inflorescence,insertion,interjected,interpetalar,leaf,leaflet,leathery,length,lilac,lower,margin,marking,mature,membranous,modification,multi-branched,multicellular,needle-like,none,odour,orientation,paired,pattern,pedicel,petiole,pink,placement,plurifoliate,pore,position,present,present-pair,prickle,pseudostipule,purple,radially,rhizome,round,scale,shape,smell,spot,staman,stellate,stem,stone,structure,surface,swollen,symmetric,symmetry,sympodial,system,terminal,texture,tissue,trichome,trifoliate,tuber,type,unit,vegetative,xylopodia,zygomorphy
172	wfo-0001027807	success	32	34	4	36	90	69	anther,apex,base,berry,branch,calyx,colour,corolla,filament,form,fruit,fruiting,green,growth,inflorescence,interjected,internodal,leaf,leaf-opposed,leaflet,length,margin,pedicel,petiole,prickle,pseudostipule,shape,shrub,simple,stem,surface,terminal,texture,tree,type,winged	.5,0-0.2,0.1-1,0.2-0.3,0.2-0.9,0.3-0.4,0.9-1,0.9-2.5,1-1.5,15-30,2-5,2-6,3.5-9,acuminate,acute,appearance,arrangement,attenuate,bark,border,brittle,brown,bud,characteristic,closely,cm,corrugation,decurrent,diameter,distal,dry,drying,elliptic,exertion,flattened,flower,giving,glabrous,glabrousnes,globose,gray,grayish,height,history,lanceolate,lateral,life,lobe,lobing,material,maturity,midpoint,minutely,mm,na,narrowly,new,number,occasionally,ovary,pair,pale,papillate,parallel,peduncle,per,pitted,plant,primary,ray,reddish,reniform,revolute,seed,seemingly,size,slender,slightly,small,spaced,sparsely,stigma,style,thicknes,tube,variation,vein,width,x,yellowish							absent,appressed,articulation,basal,bract,branching,breeding,broad-based,cell,connective,cuneate,difoliate,distinct,eglandular,elliptic-oblong,enlarged,flat,fleshy,fork,geminate,hair,heteromorphism,inflated,insertion,interpetalar,leathery,lower,marking,mature,membranous,modification,monochasial,multicellular,needle-like,none,odour,orientation,paired,pattern,placement,pore,position,present,radially,rhizome,round,scale,simple-entire,smell,spot,staman,stellate,stone,structure,swollen,symmetric,symmetry,sympodial,system,tissue,trichome,tuber,unbranched,unifoliate,unit,vegetative,white,xylopodia,zygomorphy	12.0	54.0	93.0	apex,base,berry,green,internodal,leaf,leaf-opposed,shrub,simple,surface,tree,winged	.5,0-0.2,0.1-1,0.2-0.3,0.2-0.9,0.3-0.4,0.9-1,0.9-2.5,1-1.5,15-30,2-5,2-6,3.5-9,acuminate,acute,attenuate,brittle,brown,closely,cm,decurrent,diameter,dry,elliptic,flattened,flower,glabrous,globose,gray,grayish,lanceolate,material,maturity,minutely,mm,na,narrowly,occasionally,pair,pale,papillate,parallel,pitted,reddish,reniform,revolute,seemingly,slender,slightly,small,spaced,sparsely,x,yellowish	absent,anther,appressed,articulation,basal,bract,branch,branching,breeding,broad-based,calyx,cell,colour,connective,corolla,cuneate,difoliate,distinct,eglandular,elliptic-oblong,enlarged,filament,flat,fleshy,fork,form,fruit,fruiting,geminate,growth,hair,heteromorphism,inflated,inflorescence,insertion,interjected,interpetalar,leaflet,leathery,length,lower,margin,marking,mature,membranous,modification,monochasial,multicellular,needle-like,none,odour,orientation,paired,pattern,pedicel,petiole,placement,pore,position,present,prickle,pseudostipule,radially,rhizome,round,scale,shape,simple-entire,smell,spot,staman,stellate,stem,stone,structure,swollen,symmetric,symmetry,sympodial,system,terminal,texture,tissue,trichome,tuber,type,unbranched,unifoliate,unit,vegetative,white,xylopodia,zygomorphy
173	wfo-0001027816	invalid_json_followup	NA	39	NA	39	114	75	anther,apex,attenuate,base,berry,branch,calyx,colour,corolla,filament,form,fruit,fruiting,glandular,growth,inflorescence,interjected,leaf,leaflet,length,lower,margin,mm,orange,pedicel,petiole,prickle,pseudostipule,purple,red,shape,shrub,simple,stem,surface,terminal,texture,trichome,type	.5,0.5-1,0.5-2,0.6-0.8,0.7-1,1,1-1.5,1-3,1.2-2,1.5-2,1.8-6,12-14,2-4,2/3,3-3.5,3.5-4,4-5,5-30,6-9,acuminate,acute,anthesi,arrangement,bark,becoming,bluish,branched,brown,bud,capitate,cayx,characteristic,cm,conical,corrugation,dark,dense,densely,diameter,distal,drying,ellipsoid,entire,erect,exertion,exserted,filiform,flattened,flower,glabrous,glabrousnes,gland-tipped,globose,half,height,history,lanceolate,lateral,less,life,like,linear,lobe,lobed,lobing,midpoint,minute,minutely,na,new,number,occasionally,often,ovary,pair,papillose,patent,peduncle,per,pitted,plant,primary,pubescent,ray,reddish,reniform,ripe,rounded,seed,several,size,slightly,sometimes,sparse,sparsely,stigma,style,thicknes,time,tip,triangular,tube,ultimate,uniformly,uniseriate,value,variation,vein,viscous,way,width,x,yellowish,½							0.5,1.5-2.0,absent,appressed,articulation,basal,blue,bract,branching,breeding,broad-based,cell,connective,cup-shaped,distinct,eglandular,elliptic-oblong,elongating,enlarged,fleshy,fork,forked,fully,hair,hermaphroditic,heteromorphism,inflated,insertion,internodal,interpetalar,leathery,lilac,marking,mature,membranous,modification,monochasial,multi-branched,multicellular,nectar,needle-like,none,odour,orientation,paired,pattern,pink,placement,plurifoliate,pore,position,present,radially,rhizome,round,scale,simple-entire,smell,spot,staman,stellate,stone,structure,swollen,symmetric,symmetry,sympodial,system,tissue,tuber,unbranched,unit,vegetative,xylopodia,zygomorphy	39.0	114.0	75.0	anther,apex,attenuate,base,berry,branch,calyx,colour,corolla,filament,form,fruit,fruiting,glandular,growth,inflorescence,interjected,leaf,leaflet,length,lower,margin,mm,orange,pedicel,petiole,prickle,pseudostipule,purple,red,shape,shrub,simple,stem,surface,terminal,texture,trichome,type	.5,0.5-1,0.5-2,0.6-0.8,0.7-1,1,1-1.5,1-3,1.2-2,1.5-2,1.8-6,12-14,2-4,2/3,3-3.5,3.5-4,4-5,5-30,6-9,acuminate,acute,anthesi,arrangement,bark,becoming,bluish,branched,brown,bud,capitate,cayx,characteristic,cm,conical,corrugation,dark,dense,densely,diameter,distal,drying,ellipsoid,entire,erect,exertion,exserted,filiform,flattened,flower,glabrous,glabrousnes,gland-tipped,globose,half,height,history,lanceolate,lateral,less,life,like,linear,lobe,lobed,lobing,midpoint,minute,minutely,na,new,number,occasionally,often,ovary,pair,papillose,patent,peduncle,per,pitted,plant,primary,pubescent,ray,reddish,reniform,ripe,rounded,seed,several,size,slightly,sometimes,sparse,sparsely,stigma,style,thicknes,time,tip,triangular,tube,ultimate,uniformly,uniseriate,value,variation,vein,viscous,way,width,x,yellowish,½	0.5,1.5-2.0,absent,appressed,articulation,basal,blue,bract,branching,breeding,broad-based,cell,connective,cup-shaped,distinct,eglandular,elliptic-oblong,elongating,enlarged,fleshy,fork,forked,fully,hair,hermaphroditic,heteromorphism,inflated,insertion,internodal,interpetalar,leathery,lilac,marking,mature,membranous,modification,monochasial,multi-branched,multicellular,nectar,needle-like,none,odour,orientation,paired,pattern,pink,placement,plurifoliate,pore,position,present,radially,rhizome,round,scale,simple-entire,smell,spot,staman,stellate,stone,structure,swollen,symmetric,symmetry,sympodial,system,tissue,tuber,unbranched,unit,vegetative,xylopodia,zygomorphy
174	wfo-0001027819	invalid_json_followup	NA	37	NA	41	93	77	anther,apex,base,branch,calyx,colour,cordate,corolla,cuneate,filament,fleshy,forked,form,fruit,fruiting,green,growth,inflorescence,interjected,leaf,leaflet,length,margin,mm,pedicel,petiole,prickle,pseudostipule,purple,shape,simple,stem,surface,sympodial,terminal,texture,tree,type,unbranched,unit,yellow	10-20,10-50,12-21,16-25,2-15,20-35,22-35,25-35,3-5,4,4-10,4-5,5-6,8-10,9-12,abaxially,acute,adaxially,apical,appearance,arrangement,bark,branched,bud,characteristic,cm,concave,corrugation,densely,diameter,distal,drying,ellipsoidal,entire,especially,exertion,fading,finely,giving,glabrous,glabrousnes,globose,height,history,lateral,life,lobe,lobed,lobing,long,midpoint,na,narrowly,new,number,oblong,obtuse,occasionally,ovary,peduncle,per,perennial,pilose,plant,primary,probably,protuberance,puberulent,rarely,ray,rugose,seed,short-acuminate,size,sometimes,sparsely,stigma,style,thicknes,triangular,tube,two,umbrella-shaped,unknown,unlobed,usually,value,variation,vein,whitish,wide,width,x							8.0-10.0,absent,appressed,articulation,asymmetric,axillary,berry,blue,bract,branching,breeding,broad-based,cell,compound-entire,connective,coriaceous,discrete,distinct,eglandular,ellipsoid,enlarged,flat,fork,fully,hair,hermaphroditic,heteromorphism,inflated,insertion,internodal,interpetalar,leathery,lilac,lower,marking,mature,modification,multi-branched,multicellular,near-basal,needle-like,none,odour,orientation,paired,pattern,pink,placement,plurifoliate,pore,position,present,radially,rhizome,round,scale,simple-entire,simple-lobed,smell,spot,staman,stellate,stone,structure,swollen,symmetric,symmetry,system,tapered-lanceolate,tissue,trichome,truncate,tuber,vegetative,white,xylopodia,zygomorphy	41.0	93.0	77.0	anther,apex,base,branch,calyx,colour,cordate,corolla,cuneate,filament,fleshy,forked,form,fruit,fruiting,green,growth,inflorescence,interjected,leaf,leaflet,length,margin,mm,pedicel,petiole,prickle,pseudostipule,purple,shape,simple,stem,surface,sympodial,terminal,texture,tree,type,unbranched,unit,yellow	10-20,10-50,12-21,16-25,2-15,20-35,22-35,25-35,3-5,4,4-10,4-5,5-6,8-10,9-12,abaxially,acute,adaxially,apical,appearance,arrangement,bark,branched,bud,characteristic,cm,concave,corrugation,densely,diameter,distal,drying,ellipsoidal,entire,especially,exertion,fading,finely,giving,glabrous,glabrousnes,globose,height,history,lateral,life,lobe,lobed,lobing,long,midpoint,na,narrowly,new,number,oblong,obtuse,occasionally,ovary,peduncle,per,perennial,pilose,plant,primary,probably,protuberance,puberulent,rarely,ray,rugose,seed,short-acuminate,size,sometimes,sparsely,stigma,style,thicknes,triangular,tube,two,umbrella-shaped,unknown,unlobed,usually,value,variation,vein,whitish,wide,width,x	8.0-10.0,absent,appressed,articulation,asymmetric,axillary,berry,blue,bract,branching,breeding,broad-based,cell,compound-entire,connective,coriaceous,discrete,distinct,eglandular,ellipsoid,enlarged,flat,fork,fully,hair,hermaphroditic,heteromorphism,inflated,insertion,internodal,interpetalar,leathery,lilac,lower,marking,mature,modification,multi-branched,multicellular,near-basal,needle-like,none,odour,orientation,paired,pattern,pink,placement,plurifoliate,pore,position,present,radially,rhizome,round,scale,simple-entire,simple-lobed,smell,spot,staman,stellate,stone,structure,swollen,symmetric,symmetry,system,tapered-lanceolate,tissue,trichome,truncate,tuber,vegetative,white,xylopodia,zygomorphy
175	wfo-0001027834	invalid_json_followup	NA	41	NA	36	114	73	anther,apex,base,berry,branch,calyx,colour,corolla,filament,fleshy,form,fruit,fruiting,growth,inflorescence,interjected,leaf,leaflet,length,margin,mm,pedicel,petiole,prickle,pseudostipule,rounded,shape,shrub,simple,stem,surface,terminal,texture,tree,type,white	0-110,0.2-0.3,0.2-0.6,0.4-1.1,0.9-1.8,1-1.6,1-1.9,1-10,1.1-1.6,1.1-1.8,1.4-2,10-25,2-8,2.3-3.4,25,3-15,4-5.2-6.1,5-merous,6.9-18.1,9-13,acuminate,acute,angled,anthesi,appearance,arrangement,articulated,attenuate,bark,blunt-tipped,border,branched,brown,bud,capitate,caylx,characteristic,cm,corrugation,deltoid,diameter,distal,drying,ellipsoid,entire,exertion,finely,flower,giving,glabrous,glabrousnes,globose,granular-tomentose,gray,grooved,height,history,included,lateral,lenticular,life,lobe,lobing,longitudinally,midpoint,na,new,number,numerous,obovate,obtuse,orbicular,ovary,ovate,ovate-elliptic,pair,peduncle,per,perennial,plant,primary,pseudoterminally,rarely,ray,reticulate-punctate,ripe,scabridulous,seed,semi-spherical,short,size,small,soft,sometimes,sparsely,stellate-pubescent,stigma,style,subcampanulate,thicknes,tube,turbinoid,unarmed,value,variation,vein,velutinous-tomentose,whitish,width,x,yellow,yellowish,yellowish-tan,yellowish-tomentose							1.0-1.9,2.5-3.5,absent,appressed,articulation,basal,bract,branching,breeding,broad-based,cell,connective,coriaceous,cuneate,dendritic,dichasial,distinct,eglandular,elliptic-oblong,elongating,enlarged,flat,fork,fully,green,hair,hermaphroditic,heteromorphism,inflated,insertion,interpetalar,leathery,lower,marking,mature,modification,multi-branched,multicellular,needle-like,none,odour,orientation,paired,pattern,placement,plurifoliate,pore,position,present,radially,rhizome,round,scale,simple-entire,smell,spot,staman,stellate,stone,structure,swollen,symmetric,symmetry,sympodial,system,tissue,trichome,truncate,tuber,unit,vegetative,xylopodia,zygomorphy	36.0	114.0	73.0	anther,apex,base,berry,branch,calyx,colour,corolla,filament,fleshy,form,fruit,fruiting,growth,inflorescence,interjected,leaf,leaflet,length,margin,mm,pedicel,petiole,prickle,pseudostipule,rounded,shape,shrub,simple,stem,surface,terminal,texture,tree,type,white	0-110,0.2-0.3,0.2-0.6,0.4-1.1,0.9-1.8,1-1.6,1-1.9,1-10,1.1-1.6,1.1-1.8,1.4-2,10-25,2-8,2.3-3.4,25,3-15,4-5.2-6.1,5-merous,6.9-18.1,9-13,acuminate,acute,angled,anthesi,appearance,arrangement,articulated,attenuate,bark,blunt-tipped,border,branched,brown,bud,capitate,caylx,characteristic,cm,corrugation,deltoid,diameter,distal,drying,ellipsoid,entire,exertion,finely,flower,giving,glabrous,glabrousnes,globose,granular-tomentose,gray,grooved,height,history,included,lateral,lenticular,life,lobe,lobing,longitudinally,midpoint,na,new,number,numerous,obovate,obtuse,orbicular,ovary,ovate,ovate-elliptic,pair,peduncle,per,perennial,plant,primary,pseudoterminally,rarely,ray,reticulate-punctate,ripe,scabridulous,seed,semi-spherical,short,size,small,soft,sometimes,sparsely,stellate-pubescent,stigma,style,subcampanulate,thicknes,tube,turbinoid,unarmed,value,variation,vein,velutinous-tomentose,whitish,width,x,yellow,yellowish,yellowish-tan,yellowish-tomentose	1.0-1.9,2.5-3.5,absent,appressed,articulation,basal,bract,branching,breeding,broad-based,cell,connective,coriaceous,cuneate,dendritic,dichasial,distinct,eglandular,elliptic-oblong,elongating,enlarged,flat,fork,fully,green,hair,hermaphroditic,heteromorphism,inflated,insertion,interpetalar,leathery,lower,marking,mature,modification,multi-branched,multicellular,needle-like,none,odour,orientation,paired,pattern,placement,plurifoliate,pore,position,present,radially,rhizome,round,scale,simple-entire,smell,spot,staman,stellate,stone,structure,swollen,symmetric,symmetry,sympodial,system,tissue,trichome,truncate,tuber,unit,vegetative,xylopodia,zygomorphy
176	wfo-0001027843	invalid_json_followup	NA	38	NA	35	112	68	acute,anther,apex,base,berry,calyx,colour,corolla,filament,form,fruit,fruiting,green,growth,inflorescence,interjected,leaf,leaflet,length,margin,mm,pedicel,petiole,prickle,pseudostipule,shape,shrub,simple,stem,surface,texture,trichome,type,white,winged	.5,.75,0.5-0.75,0.5-1,0.8-3.5,1-1.2,1-1.3,1-1.5,1.2-1.5,3-15-flowered,3-6,5-6,6-13,6-9,along,alternate,anthesi,arrangement,bark,bearing,becoming,beneath,branch,broadly,bud,characteristic,clavate,cm,conical,corrugation,curly,densely,dia,diameter,distal,distally,drying,ellipsoid,erose,exertion,exsertion,flower,glabrate,glabrous,glabrousnes,globose,hairy,height,history,lamina,later,lateral,life,like,lobe,lobed,lobing,long,long-acuminate,main,midpoint,minutely,na,near,nearly,new,number,older,one,ovary,ovate,pair,papillose,peduncle,per,perennial,plant,pleated,primary,pubescent,ray,reddish-grey,reflexed,seed,shaped,sinus,size,slender,slightly,somewhat,sparsely,sparser,stiff,stigma,straight,strongly,style,tapering,tear-drop,terminal,thicknes,time,tipped,tube,two,uniseriate,value,variation,vein,width,x,young							0.5-1.0,2.0-2.5,absent,appressed,articulation,basal,bract,branching,breeding,broad-based,cell,connective,difoliate,discrete,distinct,eglandular,elliptic-oblong,enlarged,flat,fleshy,geminate,hair,heteromorphism,inflated,insertion,interpetalar,leaf-opposed,leathery,lower,marking,mature,membranous,modification,monochasial,multicellular,needle-like,none,odour,orientation,paired,pattern,placement,pore,position,present,radially,rhizome,round,scale,simple-entire,smell,spot,staman,stellate,stone,structure,swollen,symmetric,symmetry,sympodial,system,tissue,tuber,unbranched,unit,vegetative,xylopodia,zygomorphy	35.0	112.0	68.0	acute,anther,apex,base,berry,calyx,colour,corolla,filament,form,fruit,fruiting,green,growth,inflorescence,interjected,leaf,leaflet,length,margin,mm,pedicel,petiole,prickle,pseudostipule,shape,shrub,simple,stem,surface,texture,trichome,type,white,winged	.5,.75,0.5-0.75,0.5-1,0.8-3.5,1-1.2,1-1.3,1-1.5,1.2-1.5,3-15-flowered,3-6,5-6,6-13,6-9,along,alternate,anthesi,arrangement,bark,bearing,becoming,beneath,branch,broadly,bud,characteristic,clavate,cm,conical,corrugation,curly,densely,dia,diameter,distal,distally,drying,ellipsoid,erose,exertion,exsertion,flower,glabrate,glabrous,glabrousnes,globose,hairy,height,history,lamina,later,lateral,life,like,lobe,lobed,lobing,long,long-acuminate,main,midpoint,minutely,na,near,nearly,new,number,older,one,ovary,ovate,pair,papillose,peduncle,per,perennial,plant,pleated,primary,pubescent,ray,reddish-grey,reflexed,seed,shaped,sinus,size,slender,slightly,somewhat,sparsely,sparser,stiff,stigma,straight,strongly,style,tapering,tear-drop,terminal,thicknes,time,tipped,tube,two,uniseriate,value,variation,vein,width,x,young	0.5-1.0,2.0-2.5,absent,appressed,articulation,basal,bract,branching,breeding,broad-based,cell,connective,difoliate,discrete,distinct,eglandular,elliptic-oblong,enlarged,flat,fleshy,geminate,hair,heteromorphism,inflated,insertion,interpetalar,leaf-opposed,leathery,lower,marking,mature,membranous,modification,monochasial,multicellular,needle-like,none,odour,orientation,paired,pattern,placement,pore,position,present,radially,rhizome,round,scale,simple-entire,smell,spot,staman,stellate,stone,structure,swollen,symmetric,symmetry,sympodial,system,tissue,tuber,unbranched,unit,vegetative,xylopodia,zygomorphy
177	wfo-0001027847	success	44	43	6	32	97	86	anther,apex,base,berry,calyx,colour,cordate,corolla,filament,form,fruit,growth,inflorescence,leaf,length,margin,mm,orange,pedicel,petiole,prickle,purple,red,rounded,shape,shrub,stem,surface,terminal,texture,type,white	-2.5,-6,/3,0-2,0.4-1,0.8-0.9,0.8-1.2,1-2.5-4,1.5-2,1.9-2.3,1/4,2-2.8,2-3,2-4,2-5,2.2-3,3-5,3-6,5-25,acute,almost,apparently,arrangement,articulated,bark,brown,characteristic,chartaceous,cm,connivent,deltate,densely,diameter,discolorous,drying,dull,elliptic,erect,evenly,finely,flattened,flattened-reniform,glabrescent,glabrous,gray,green,height,history,lateral,life,lobe,lobed,lobing,long,maturity,mauve,middle,narrow-deltate,number,orange-brown,ovary,ovate,pair,peduncle,per,perennial,perpendicular,pitted,plant,poricidal,prickly,primary,red-brown,reddish,retrorse,seed,side,simple,size,smooth,sometimes,sparsely,spherical,stellate-pubescent,strongly,style,tapering,terete,tip,tube,upper,vein,way,weakly,wide,yellow,young							0.7,5.5-8.0,absent,absent-inflorescence,appressed,articulation,basal,blue,bract,branch,branching,breeding,broad-based,cell,connective,dichasial,discrete,distinct,eglandular,enlarged,flat,fleshy,fork,fruiting,fully,hair,hermaphroditic,heteromorphism,inflated,insertion,interjected,internodal,interpetalar,leaflet,leathery,lilac,lower,marking,mature,membranous,modification,needle-like,none,odour,orientation,paired,pattern,pink,placement,plurifoliate,pore,position,present,present-leaf,present-stem,pseudostipule,radially,recurved,rhizome,round,scale,simple-lobed,smell,spot,staman,stellate,stone,straight,structure,swollen,symmetric,symmetry,sympodial,system,tapered-lanceolate,tissue,triangular,trichome,tuber,unbranched,unit,vegetative,vine,woody,xylopodia,zygomorphy	12.0	81.0	106.0	base,berry,cordate,mm,orange,purple,red,rounded,shrub,stem,terminal,white	-2.5,-6,/3,0-2,0.4-1,0.8-0.9,0.8-1.2,1-2.5-4,1.5-2,1.9-2.3,1/4,2-2.8,2-3,2-4,2-5,2.2-3,3-5,3-6,5-25,acute,almost,apparently,articulated,brown,chartaceous,cm,connivent,deltate,densely,diameter,discolorous,drying,dull,elliptic,erect,evenly,finely,flattened,flattened-reniform,glabrescent,glabrous,gray,green,lateral,lobe,lobed,long,maturity,mauve,middle,narrow-deltate,orange-brown,ovate,pair,per,perennial,perpendicular,pitted,poricidal,prickly,red-brown,reddish,retrorse,seed,side,simple,smooth,sometimes,sparsely,spherical,stellate-pubescent,strongly,tapering,terete,tip,upper,way,weakly,wide,yellow,young	0.7,5.5-8.0,absent,absent-inflorescence,anther,apex,appressed,articulation,basal,blue,bract,branch,branching,breeding,broad-based,calyx,cell,colour,connective,corolla,dichasial,discrete,distinct,eglandular,enlarged,filament,flat,fleshy,fork,form,fruit,fruiting,fully,growth,hair,hermaphroditic,heteromorphism,inflated,inflorescence,insertion,interjected,internodal,interpetalar,leaf,leaflet,leathery,length,lilac,lower,margin,marking,mature,membranous,modification,needle-like,none,odour,orientation,paired,pattern,pedicel,petiole,pink,placement,plurifoliate,pore,position,present,present-leaf,present-stem,prickle,pseudostipule,radially,recurved,rhizome,round,scale,shape,simple-lobed,smell,spot,staman,stellate,stone,straight,structure,surface,swollen,symmetric,symmetry,sympodial,system,tapered-lanceolate,texture,tissue,triangular,trichome,tuber,type,unbranched,unit,vegetative,vine,woody,xylopodia,zygomorphy
178	wfo-0001027872	invalid_json_followup	NA	40	NA	34	118	82	acute,anther,apex,base,branch,calyx,cell,colour,corolla,filament,form,fruit,green,growth,inflorescence,interjected,leaf,leaflet,length,margin,mm,monochasial,pedicel,petiole,prickle,pseudostipule,purple,rounded,shape,stem,surface,terminal,texture,type	1,1-4,1-8,1.0-1.3,10,15,2,2.2-3.5,20,35,5-7,5-lobed,6-20,8-11,\u201chair-like\u201d,acuminate,angular,apical,apically,arrangement,articulate,bark,branched,bud,ca,characteristic,cm,commonly,connate,cordate,corrugation,covering,cuneate,cyme,deep,dehiscent,densely,diameter,dichasial,dichasially,distal,drying,ebracteate,elliptic,exertion,glabrescent,glabrousnes,glandular-pubescent,globose,gray-green,green-white,height,herbaceous,history,homogeneously,introrse,lanceolate,lateral,life,light,lobe,lobing,long,make,maturing,middle,midpoint,moderately,mottled,mucilaginous,na,narrowly,nearly,new,number,obliquely,odd-pinnate,often,ovary,ovate,ovoid,peduncle,per,perennial,plant,poricidally,primary,rarely,ray,rhizomatous,seed,short,size,slightly,slit,sometimes,stigma,style,symmetrically,terete,testal,thick,thicknes,tinged,tube,typically,usually,value,variation,vein,violet,wall,wet,wide,wider,width,yellow,yellowish-green							1.0-4.0,5.0-7.0,absent,appressed,articulation,asymmetric,basal,berry,black,blue,bract,branching,breeding,broad-based,compound-entire,connective,distinct,eglandular,elliptic-oblong,elongating,enlarged,flat,fleshy,fork,forked,fruiting,fully,glandular,hair,herb,hermaphroditic,heteromorphism,inflated,insertion,interpetalar,leathery,lilac,lower,marking,mature,membranous,modification,multi-branched,multicellular,near-basal,needle-like,none,odour,orientation,paired,pattern,pink,placement,plurifoliate,pore,position,present,present-pair,radially,rhizome,rotate,round,scale,simple,smell,spot,staman,stellate,stone,structure,swollen,symmetric,symmetry,sympodial,system,tissue,trichome,tuber,unit,vegetative,xylopodia,zygomorphy	34.0	118.0	82.0	acute,anther,apex,base,branch,calyx,cell,colour,corolla,filament,form,fruit,green,growth,inflorescence,interjected,leaf,leaflet,length,margin,mm,monochasial,pedicel,petiole,prickle,pseudostipule,purple,rounded,shape,stem,surface,terminal,texture,type	1,1-4,1-8,1.0-1.3,10,15,2,2.2-3.5,20,35,5-7,5-lobed,6-20,8-11,\u201chair-like\u201d,acuminate,angular,apical,apically,arrangement,articulate,bark,branched,bud,ca,characteristic,cm,commonly,connate,cordate,corrugation,covering,cuneate,cyme,deep,dehiscent,densely,diameter,dichasial,dichasially,distal,drying,ebracteate,elliptic,exertion,glabrescent,glabrousnes,glandular-pubescent,globose,gray-green,green-white,height,herbaceous,history,homogeneously,introrse,lanceolate,lateral,life,light,lobe,lobing,long,make,maturing,middle,midpoint,moderately,mottled,mucilaginous,na,narrowly,nearly,new,number,obliquely,odd-pinnate,often,ovary,ovate,ovoid,peduncle,per,perennial,plant,poricidally,primary,rarely,ray,rhizomatous,seed,short,size,slightly,slit,sometimes,stigma,style,symmetrically,terete,testal,thick,thicknes,tinged,tube,typically,usually,value,variation,vein,violet,wall,wet,wide,wider,width,yellow,yellowish-green	1.0-4.0,5.0-7.0,absent,appressed,articulation,asymmetric,basal,berry,black,blue,bract,branching,breeding,broad-based,compound-entire,connective,distinct,eglandular,elliptic-oblong,elongating,enlarged,flat,fleshy,fork,forked,fruiting,fully,glandular,hair,herb,hermaphroditic,heteromorphism,inflated,insertion,interpetalar,leathery,lilac,lower,marking,mature,membranous,modification,multi-branched,multicellular,near-basal,needle-like,none,odour,orientation,paired,pattern,pink,placement,plurifoliate,pore,position,present,present-pair,radially,rhizome,rotate,round,scale,simple,smell,spot,staman,stellate,stone,structure,swollen,symmetric,symmetry,sympodial,system,tissue,trichome,tuber,unit,vegetative,xylopodia,zygomorphy
179	wfo-0001027880	success	36	39	7	38	92	79	anther,apex,base,calyx,colour,cordate,coriaceous,corolla,filament,form,fruit,fruiting,growth,inflorescence,interjected,leaf,leaflet,length,lower,margin,mm,ovoid,pedicel,petiole,pink,prickle,pseudostipule,purple,shape,shrub,stem,surface,texture,truncate,type,unbranched,vine,white	.25,0.3-3,0.5-5,0.6-1,0.6-1.5,0.8-1.5,1-2,1.5-2,10-15,2-3,2-80,2/3,4-10,4-6,acuminate,acute,apiculate,appearance,arrangement,bark,border,branch,bud,characteristic,clavate,cm,conical,corrugation,cylindrical,densely,diameter,discolorous,distal,distichous,drying,entire,epiphytic,exertion,flattened,flower,giving,glabrous,glabrousnes,globose,greenish,height,history,lateral,life,lobe,lobing,midpoint,minutely,na,new,number,oblique,oblong,oblong-ovate,often,ovary,ovate,papillose,peduncle,per,plant,primary,pubescent,ray,red-brown,revolute,ripe,rounded,rugulose,scar,seed,size,slender,slightly,sometimes,somewhat,stigma,style,tan,terminal,thicknes,tube,undulate,variation,vein,width,x							1.0-1.5,3.0-4.0,absent,appressed,articulation,asymmetric,basal,berry,blue,bract,branching,breeding,broad-based,brown,cell,connective,distinct,eglandular,elliptic-oblong,elongating,enlarged,flat,fleshy,fully,green,hair,herb,herbaceous,hermaphroditic,heteromorphism,inflated,insertion,internodal,interpetalar,leaf-opposed,leathery,lilac,marking,mature,membranous,modification,monochasial,multicellular,needle-like,none,odour,orange,orientation,paired,pattern,placement,plurifoliate,pore,position,radially,red,rhizome,round,scale,simple,simple-entire,smell,spot,staman,stellate,stone,structure,swollen,symmetric,symmetry,sympodial,system,tissue,trichome,tuber,unit,vegetative,xylopodia,zygomorphy	13.0	54.0	104.0	cordate,coriaceous,fruit,lower,mm,ovoid,pink,purple,shrub,truncate,unbranched,vine,white	.25,0.3-3,0.5-5,0.6-1,0.6-1.5,0.8-1.5,1-2,1.5-2,10-15,2-3,2-80,2/3,4-10,4-6,acuminate,acute,apiculate,clavate,cm,conical,cylindrical,densely,diameter,discolorous,distichous,entire,epiphytic,flattened,flower,glabrous,globose,greenish,minutely,na,oblique,oblong,oblong-ovate,often,ovate,papillose,pubescent,red-brown,revolute,ripe,rounded,rugulose,scar,slender,slightly,sometimes,somewhat,tan,undulate,x	1.0-1.5,3.0-4.0,absent,anther,apex,appressed,articulation,asymmetric,basal,base,berry,blue,bract,branching,breeding,broad-based,brown,calyx,cell,colour,connective,corolla,distinct,eglandular,elliptic-oblong,elongating,enlarged,filament,flat,fleshy,form,fruiting,fully,green,growth,hair,herb,herbaceous,hermaphroditic,heteromorphism,inflated,inflorescence,insertion,interjected,internodal,interpetalar,leaf,leaf-opposed,leaflet,leathery,length,lilac,margin,marking,mature,membranous,modification,monochasial,multicellular,needle-like,none,odour,orange,orientation,paired,pattern,pedicel,petiole,placement,plurifoliate,pore,position,prickle,pseudostipule,radially,red,rhizome,round,scale,shape,simple,simple-entire,smell,spot,staman,stellate,stem,stone,structure,surface,swollen,symmetric,symmetry,sympodial,system,texture,tissue,trichome,tuber,type,unit,vegetative,xylopodia,zygomorphy
180	wfo-0001027880	invalid_json_followup	NA	39	NA	40	101	77	absent,anther,apex,base,berry,calyx,colour,cordate,coriaceous,corolla,filament,form,fruit,fruiting,growth,inflorescence,interjected,leaf,leaf-opposed,leaflet,length,lower,margin,mm,ovoid,pedicel,petiole,pink,prickle,pseudostipule,red,shape,stem,surface,texture,truncate,type,unbranched,vine,white	.25,0.3–3,0.5,0.5–1.5,0.5–5,0.6–1,0.6–1.5,0.8–1.5,1.5–2,10–15,1–2,2/3,2–3,4–10,4–6,acuminate,acute,apiculate,appearance,arrangement,bark,bluish-purple,branch,bud,capitate,characteristic,chartaceous,clavate,cm,conical,corrugation,cylindrical,densely,diameter,distal,distichous,distinctly,drying,entire,exertion,extra-axillary,flattened,flower,giving,glabrous,glabrousnes,globose,greenish,height,history,lateral,life,lobe,lobing,long,midpoint,minutely,na,nearly,new,number,oblique,oblong-ovate,often,ovary,ovate,papillose,peduncle,per,pinnate,plant,primary,pubescent,ray,reddish-brown,revolute,ripe,rounded,rugulose,sand-punctate,seed,shrubby,size,slender,slightly,sometimes,somewhat,stigma,style,tan,terminal,thicknes,tube,undulate,value,variation,vein,width,woody,x,–3.5							1.0-1.5,3.0-4.0,appressed,articulation,asymmetric,basal,blue,bract,branching,breeding,broad-based,brown,cell,connective,distinct,eglandular,elliptic-oblong,elongating,enlarged,flat,fleshy,fully,green,hair,herb,herbaceous,hermaphroditic,heteromorphism,inflated,insertion,internodal,interpetalar,leathery,lilac,marking,mature,membranous,modification,monochasial,multicellular,needle-like,none,odour,orange,orientation,paired,pattern,placement,plurifoliate,pore,position,purple,radially,rhizome,round,scale,shrub,simple,simple-entire,smell,spot,staman,stellate,stone,structure,swollen,symmetric,symmetry,sympodial,system,tissue,trichome,tuber,unit,vegetative,xylopodia,zygomorphy	40.0	101.0	77.0	absent,anther,apex,base,berry,calyx,colour,cordate,coriaceous,corolla,filament,form,fruit,fruiting,growth,inflorescence,interjected,leaf,leaf-opposed,leaflet,length,lower,margin,mm,ovoid,pedicel,petiole,pink,prickle,pseudostipule,red,shape,stem,surface,texture,truncate,type,unbranched,vine,white	.25,0.3–3,0.5,0.5–1.5,0.5–5,0.6–1,0.6–1.5,0.8–1.5,1.5–2,10–15,1–2,2/3,2–3,4–10,4–6,acuminate,acute,apiculate,appearance,arrangement,bark,bluish-purple,branch,bud,capitate,characteristic,chartaceous,clavate,cm,conical,corrugation,cylindrical,densely,diameter,distal,distichous,distinctly,drying,entire,exertion,extra-axillary,flattened,flower,giving,glabrous,glabrousnes,globose,greenish,height,history,lateral,life,lobe,lobing,long,midpoint,minutely,na,nearly,new,number,oblique,oblong-ovate,often,ovary,ovate,papillose,peduncle,per,pinnate,plant,primary,pubescent,ray,reddish-brown,revolute,ripe,rounded,rugulose,sand-punctate,seed,shrubby,size,slender,slightly,sometimes,somewhat,stigma,style,tan,terminal,thicknes,tube,undulate,value,variation,vein,width,woody,x,–3.5	1.0-1.5,3.0-4.0,appressed,articulation,asymmetric,basal,blue,bract,branching,breeding,broad-based,brown,cell,connective,distinct,eglandular,elliptic-oblong,elongating,enlarged,flat,fleshy,fully,green,hair,herb,herbaceous,hermaphroditic,heteromorphism,inflated,insertion,internodal,interpetalar,leathery,lilac,marking,mature,membranous,modification,monochasial,multicellular,needle-like,none,odour,orange,orientation,paired,pattern,placement,plurifoliate,pore,position,purple,radially,rhizome,round,scale,shrub,simple,simple-entire,smell,spot,staman,stellate,stone,structure,swollen,symmetric,symmetry,sympodial,system,tissue,trichome,tuber,unit,vegetative,xylopodia,zygomorphy
181	wfo-0001027881	success	39	39	7	33	96	79	anther,apex,base,berry,calyx,colour,cordate,corolla,filament,form,fruit,fruiting,growth,herb,inflorescence,interjected,leaf,leaflet,length,margin,mm,pedicel,petiole,prickle,pseudostipule,rotate,shape,simple,stem,surface,texture,type,white	0.5-2.2,0.8-1.5,1-2,1-2.5-3,1-3,1-4,1.8-2.9,10-25,2.5-3.6,20-40,6-10,7-14,7-9,acute,almost,appearance,arrangement,articulated,attenuate,bark,blackish,border,branch,bud,camptodromous,capitate,characteristic,chartaceous,ciliate,cm,connivent,contiguous,cordiform,corrugation,densely,diameter,distal,drying,entire,exertion,extra-axillary,few-,flattened,flower,giving,glabrous,glabrousnes,globose,greenish,groove,height,history,immature,impression,lateral,life,light-brown,lobe,lobing,many-branched,maturity,membranaceous,midpoint,moderately,na,netlike,new,number,ovary,ovate-elliptic,parallel,peduncle,per,plant,primary,projection,pubescent,raised,ray,reniform,seed,sessile,size,stigma,style,subopposite,terminal,thicknes,translucent,triangular,tube,variation,vein,width,yellow,×							1.0-2.0,4.0-6.0,absent,appressed,articulation,basal,bract,branching,breeding,broad-based,cell,connective,difoliate,discrete,distinct,eglandular,elliptic-oblong,enlarged,flat,fleshy,fully,geminate,glandular,green,hair,hermaphroditic,heteromorphism,inflated,insertion,internodal,interpetalar,leaf-opposed,leathery,lower,marking,mature,membranous,modification,monochasial,multicellular,needle-like,non-geminate,none,odour,orientation,paired,pattern,placement,pore,position,present,radially,rhizome,round,rounded,scale,shrub,simple-entire,smell,spot,staman,stellate,stone,structure,swollen,symmetric,symmetry,sympodial,system,tissue,trichome,truncate,tuber,unbranched,unit,vegetative,winged,xylopodia,zygomorphy	11.0	61.0	101.0	apex,base,berry,cordate,fruit,herb,margin,mm,rotate,simple,white	0.5-2.2,0.8-1.5,1-2,1-2.5-3,1-3,1-4,1.8-2.9,10-25,2.5-3.6,20-40,6-10,7-14,7-9,acute,almost,articulated,attenuate,blackish,camptodromous,capitate,chartaceous,ciliate,cm,connivent,contiguous,cordiform,densely,diameter,drying,entire,extra-axillary,few-,flattened,flower,giving,glabrous,globose,greenish,groove,immature,impression,lateral,light-brown,many-branched,maturity,membranaceous,moderately,na,netlike,ovate-elliptic,parallel,projection,pubescent,raised,reniform,sessile,subopposite,translucent,triangular,yellow,×	1.0-2.0,4.0-6.0,absent,anther,appressed,articulation,basal,bract,branching,breeding,broad-based,calyx,cell,colour,connective,corolla,difoliate,discrete,distinct,eglandular,elliptic-oblong,enlarged,filament,flat,fleshy,form,fruiting,fully,geminate,glandular,green,growth,hair,hermaphroditic,heteromorphism,inflated,inflorescence,insertion,interjected,internodal,interpetalar,leaf,leaf-opposed,leaflet,leathery,length,lower,marking,mature,membranous,modification,monochasial,multicellular,needle-like,non-geminate,none,odour,orientation,paired,pattern,pedicel,petiole,placement,pore,position,present,prickle,pseudostipule,radially,rhizome,round,rounded,scale,shape,shrub,simple-entire,smell,spot,staman,stellate,stem,stone,structure,surface,swollen,symmetric,symmetry,sympodial,system,texture,tissue,trichome,truncate,tuber,type,unbranched,unit,vegetative,winged,xylopodia,zygomorphy
182	wfo-0001027882	invalid_json_followup	NA	39	NA	39	133	71	anther,apex,base,berry,branch,calyx,colour,corolla,filament,fork,form,fruit,fruiting,green,growth,inflorescence,interjected,leaf,leaf-opposed,leaflet,length,margin,mm,pedicel,petiole,pore,prickle,pseudostipule,shape,shrub,simple,stem,surface,terminal,texture,tree,trichome,type,white	.25,.5,0.1,0.5-1,1,1-5,1.5-2,1.5-2.2,1.5-3-4,1.5-3.2-6,1.5-6,10-40,2-3,2-lobed,2.1-2.6,2.5-3,3-4,3.5-4,3.5-5,4-5,6-9,7-10-25,9-13,abaxially,acuminate,adaxially,age,along,anthesi,apparently,appearing,arrangement,attenuate,axil,bark,branched,broadly,brown,bud,c.,characteristic,clavate,cm,completely,conical,corrugation,dark,diameter,distal,dry,drying,elliptic,entire,erect,exerted,exertion,flattened,flower,fusiform,glabrous,glabrousnes,globose,hairy,height,history,hollow,junction,lamina,lateral,lengthening,less,life,lobed,lobing,maturity,midpoint,midrib,minutely,na,new,nodding,number,occasionally,ovary,ovoid,pair,pale,paulo,peduncle,per,pitted,plant,pointed,population,poricidal,primary,rarely,ray,red-papillate,reddish,reniform,seed,shattering,shiny,size,slender,slit,small,sometimes,sparse,sparsely,specimen,stigma,stout,strongly,structurally,style,são,thicknes,time,tip,tube,u00b4,uniseriate,usually,value,variation,vein,way,width,x,yellow,yellowish							0.5-1.0,3.5-5.0,absent,acute,appressed,articulation,basal,bract,branching,breeding,broad-based,cell,connective,cuneate,difoliate,distinct,eglandular,elliptic-oblong,elongating,enlarged,flat,fleshy,fully,hair,hermaphroditic,heteromorphism,inflated,insertion,interpetalar,leathery,lower,marking,mature,membranous,modification,monochasial,multi-branched,multicellular,needle-like,non-geminate,none,odour,orientation,paired,pattern,placement,plurifoliate,position,present,radially,rhizome,round,scale,simple-entire,smell,spot,staman,stellate,stone,structure,swollen,symmetric,symmetry,sympodial,system,tissue,tuber,unit,vegetative,xylopodia,zygomorphy	39.0	133.0	71.0	anther,apex,base,berry,branch,calyx,colour,corolla,filament,fork,form,fruit,fruiting,green,growth,inflorescence,interjected,leaf,leaf-opposed,leaflet,length,margin,mm,pedicel,petiole,pore,prickle,pseudostipule,shape,shrub,simple,stem,surface,terminal,texture,tree,trichome,type,white	.25,.5,0.1,0.5-1,1,1-5,1.5-2,1.5-2.2,1.5-3-4,1.5-3.2-6,1.5-6,10-40,2-3,2-lobed,2.1-2.6,2.5-3,3-4,3.5-4,3.5-5,4-5,6-9,7-10-25,9-13,abaxially,acuminate,adaxially,age,along,anthesi,apparently,appearing,arrangement,attenuate,axil,bark,branched,broadly,brown,bud,c.,characteristic,clavate,cm,completely,conical,corrugation,dark,diameter,distal,dry,drying,elliptic,entire,erect,exerted,exertion,flattened,flower,fusiform,glabrous,glabrousnes,globose,hairy,height,history,hollow,junction,lamina,lateral,lengthening,less,life,lobed,lobing,maturity,midpoint,midrib,minutely,na,new,nodding,number,occasionally,ovary,ovoid,pair,pale,paulo,peduncle,per,pitted,plant,pointed,population,poricidal,primary,rarely,ray,red-papillate,reddish,reniform,seed,shattering,shiny,size,slender,slit,small,sometimes,sparse,sparsely,specimen,stigma,stout,strongly,structurally,style,são,thicknes,time,tip,tube,u00b4,uniseriate,usually,value,variation,vein,way,width,x,yellow,yellowish	0.5-1.0,3.5-5.0,absent,acute,appressed,articulation,basal,bract,branching,breeding,broad-based,cell,connective,cuneate,difoliate,distinct,eglandular,elliptic-oblong,elongating,enlarged,flat,fleshy,fully,hair,hermaphroditic,heteromorphism,inflated,insertion,interpetalar,leathery,lower,marking,mature,membranous,modification,monochasial,multi-branched,multicellular,needle-like,non-geminate,none,odour,orientation,paired,pattern,placement,plurifoliate,position,present,radially,rhizome,round,scale,simple-entire,smell,spot,staman,stellate,stone,structure,swollen,symmetric,symmetry,sympodial,system,tissue,tuber,unit,vegetative,xylopodia,zygomorphy
183	wfo-0001027889	success	28	37	5	37	80	76	anther,apex,base,branch,calyx,colour,corolla,filament,form,fruit,fruiting,green,growth,inflorescence,interjected,leaf,leaflet,length,margin,mm,ovoid,pedicel,petiole,prickle,pseudostipule,shape,shrub,simple,stem,surface,terminal,texture,tree,truncate,type,unbranched,white	-pubescent,0.5-1,0.5-11,0.7-2,1-10,1-2.5,1-3.5,1.5,10-12,10-20,10-30,2-20,3-4,acute-acuminate,appearance,arrangement,bark,basal,border,bud,capitate,characteristic,chartaceous,cm,connivent,corrugation,darker,densely,diameter,distal,drying,eglandular-puberulent,elliptic,entire,exertion,flower,giving,glabrous,glabrousnes,glandular-,greenish,height,history,immature,lateral,life,light,lobe,lobing,longitudinal,midpoint,na,new,number,ovary,ovate,peduncle,per,plant,primary,probably,puberulent,ray,ripe,seed,size,somewhat,stigma,stripe,style,subcordate,thicknes,tube,unknown,variation,vein,violet,width,x,yellowish							3.0-4.0,absent,appressed,articulation,axillary,berry,blue,bract,branching,breeding,broad-based,cell,connective,cordate,dendritic,discrete,distinct,eglandular,enlarged,flat,fleshy,fork,fully,glandular,hair,hermaphroditic,heteromorphism,inflated,insertion,internodal,interpetalar,leathery,lilac,lower,marking,mature,membranous,modification,multicellular,near-basal,needle-like,none,odour,orientation,paired,pattern,pink,placement,plurifoliate,pore,position,present,purple,radially,rhizome,scale,simple-entire,smell,spot,staman,stellate,stone,structure,swollen,symmetric,symmetry,sympodial,system,tapered-lanceolate,tissue,trichome,tuber,unit,vegetative,xylopodia,zygomorphy	9.0	44.0	104.0	green,mm,ovoid,shrub,simple,tree,truncate,unbranched,white	-pubescent,0.5-1,0.5-11,0.7-2,1-10,1-2.5,1-3.5,1.5,10-12,10-20,10-30,2-20,3-4,acute-acuminate,basal,capitate,chartaceous,cm,connivent,darker,densely,eglandular-puberulent,elliptic,entire,flower,glabrous,glandular-,greenish,immature,light,lobe,longitudinal,na,ovate,probably,puberulent,ripe,somewhat,stripe,subcordate,unknown,violet,x,yellowish	3.0-4.0,absent,anther,apex,appressed,articulation,axillary,base,berry,blue,bract,branch,branching,breeding,broad-based,calyx,cell,colour,connective,cordate,corolla,dendritic,discrete,distinct,eglandular,enlarged,filament,flat,fleshy,fork,form,fruit,fruiting,fully,glandular,growth,hair,hermaphroditic,heteromorphism,inflated,inflorescence,insertion,interjected,internodal,interpetalar,leaf,leaflet,leathery,length,lilac,lower,margin,marking,mature,membranous,modification,multicellular,near-basal,needle-like,none,odour,orientation,paired,pattern,pedicel,petiole,pink,placement,plurifoliate,pore,position,present,prickle,pseudostipule,purple,radially,rhizome,scale,shape,simple-entire,smell,spot,staman,stellate,stem,stone,structure,surface,swollen,symmetric,symmetry,sympodial,system,tapered-lanceolate,terminal,texture,tissue,trichome,tuber,type,unit,vegetative,xylopodia,zygomorphy
184	wfo-0001027901	invalid_json_followup	NA	38	NA	34	102	69	acute,anther,apex,base,berry,calyx,colour,corolla,filament,form,fruit,fruiting,growth,inflorescence,interjected,leaf,leaflet,length,margin,mm,pedicel,petiole,prickle,pseudostipule,shape,shrub,simple,stem,surface,texture,trichome,type,white,yellow	.25,.5,0.3-1.2,0.8-1,1-1.5,1-2.5,1.5-1.8,1.8-4.5,2.5-3,3-5,4-10-flowered,4-5,4.7-12,6-7,abaxially,acuminate,adaxially,alternate,area,arrangement,attenuate,bark,branch,bright,broadened,brown,bud,characteristic,cm,conical,corrugation,curled,dark,densely,dia,diameter,distal,dry,drying,ellipsoid,elliptic,exertion,exserted,fresh,glabrous,glabrousnes,globose,green,height,history,immature,later,lateral,life,like,lobe,lobed,lobing,long,main,material,midpoint,minutely,na,nearly,new,number,ovary,ovoid-reniform,pair,papillose,peduncle,per,pitted,plant,primary,pubescent,ray,reddish,ripe,seed,shaped,shiny,size,slender,sparsely,stigma,strongly,style,tear-drop,terminal,thicknes,tip,translucent,tube,uniseriate,value,variation,vein,width,x,young							0.25,2.5-3.0,absent,appressed,articulation,basal,bract,branching,breeding,broad-based,cell,connective,difoliate,discrete,distinct,eglandular,elliptic-oblong,enlarged,flat,fleshy,geminate,glandular,hair,heteromorphism,inflated,insertion,interpetalar,leaf-opposed,leathery,lower,marking,mature,membranous,modification,monochasial,multicellular,needle-like,none,odour,orientation,paired,pattern,placement,pore,position,present,radially,rhizome,round,scale,simple-entire,smell,spot,staman,stellate,stone,structure,swollen,symmetric,symmetry,sympodial,system,tissue,tuber,unbranched,unit,vegetative,xylopodia,zygomorphy	34.0	102.0	69.0	acute,anther,apex,base,berry,calyx,colour,corolla,filament,form,fruit,fruiting,growth,inflorescence,interjected,leaf,leaflet,length,margin,mm,pedicel,petiole,prickle,pseudostipule,shape,shrub,simple,stem,surface,texture,trichome,type,white,yellow	.25,.5,0.3-1.2,0.8-1,1-1.5,1-2.5,1.5-1.8,1.8-4.5,2.5-3,3-5,4-10-flowered,4-5,4.7-12,6-7,abaxially,acuminate,adaxially,alternate,area,arrangement,attenuate,bark,branch,bright,broadened,brown,bud,characteristic,cm,conical,corrugation,curled,dark,densely,dia,diameter,distal,dry,drying,ellipsoid,elliptic,exertion,exserted,fresh,glabrous,glabrousnes,globose,green,height,history,immature,later,lateral,life,like,lobe,lobed,lobing,long,main,material,midpoint,minutely,na,nearly,new,number,ovary,ovoid-reniform,pair,papillose,peduncle,per,pitted,plant,primary,pubescent,ray,reddish,ripe,seed,shaped,shiny,size,slender,sparsely,stigma,strongly,style,tear-drop,terminal,thicknes,tip,translucent,tube,uniseriate,value,variation,vein,width,x,young	0.25,2.5-3.0,absent,appressed,articulation,basal,bract,branching,breeding,broad-based,cell,connective,difoliate,discrete,distinct,eglandular,elliptic-oblong,enlarged,flat,fleshy,geminate,glandular,hair,heteromorphism,inflated,insertion,interpetalar,leaf-opposed,leathery,lower,marking,mature,membranous,modification,monochasial,multicellular,needle-like,none,odour,orientation,paired,pattern,placement,pore,position,present,radially,rhizome,round,scale,simple-entire,smell,spot,staman,stellate,stone,structure,swollen,symmetric,symmetry,sympodial,system,tissue,tuber,unbranched,unit,vegetative,xylopodia,zygomorphy
185	wfo-0001027902	invalid_json_followup	NA	37	NA	39	96	72	anther,apex,base,branch,calyx,colour,cordate,corolla,eglandular,filament,forked,form,fruit,fruiting,glandular,growth,hair,inflated,inflorescence,interjected,leaf,leaflet,length,margin,mm,pedicel,petiole,prickle,pseudostipule,purple,shape,shrub,simple,stem,surface,terminal,texture,tree,type	-2.5,0.5-1,1-1.5,1-6,1.5-3,10-20,15-30,2,2-15,2-8,20-50,3-4,3-5,4-25,4-5,5-20,6-37,7-9,8-13,abaxially,acuminate,acute,adaxially,angled,appearance,arrangement,articulated,bark,branched,bud,characteristic,chartaceous,cm,corrugation,deeply,densely,diameter,distal,distally,drying,entire,exertion,flower,giving,glabrous,glabrousnes,globose,height,history,lateral,leaving,life,like,lobe,lobing,long,midpoint,moderately,na,narrowly,nearly,new,number,obtuse,ovary,ovate,pedicellar,peduncle,per,plant,primary,puberulent,pubescent,ray,remnant,reticulate,seed,size,small,sparsely,stigma,style,thicknes,tip,triangular,truncate,tube,unbranched,unknown,usually,value,variation,vein,whitish,width,x							4.0-5.0,absent,appressed,articulation,berry,blue,bract,branching,breeding,broad-based,cell,connective,dendritic,discrete,distinct,enlarged,flat,fleshy,fork,fully,green,hermaphroditic,heteromorphism,insertion,interpetalar,leathery,lilac,lower,marking,mature,membranous,modification,multi-branched,multicellular,near-basal,needle-like,none,odour,orientation,paired,pattern,pink,placement,pore,position,present,radially,rhizome,round,scale,simple-entire,smell,spot,staman,stellate,stone,structure,swollen,symmetric,symmetry,sympodial,system,tapered-lanceolate,tissue,trichome,trifoliate,tuber,unit,vegetative,xylopodia,yellow,zygomorphy	39.0	96.0	72.0	anther,apex,base,branch,calyx,colour,cordate,corolla,eglandular,filament,forked,form,fruit,fruiting,glandular,growth,hair,inflated,inflorescence,interjected,leaf,leaflet,length,margin,mm,pedicel,petiole,prickle,pseudostipule,purple,shape,shrub,simple,stem,surface,terminal,texture,tree,type	-2.5,0.5-1,1-1.5,1-6,1.5-3,10-20,15-30,2,2-15,2-8,20-50,3-4,3-5,4-25,4-5,5-20,6-37,7-9,8-13,abaxially,acuminate,acute,adaxially,angled,appearance,arrangement,articulated,bark,branched,bud,characteristic,chartaceous,cm,corrugation,deeply,densely,diameter,distal,distally,drying,entire,exertion,flower,giving,glabrous,glabrousnes,globose,height,history,lateral,leaving,life,like,lobe,lobing,long,midpoint,moderately,na,narrowly,nearly,new,number,obtuse,ovary,ovate,pedicellar,peduncle,per,plant,primary,puberulent,pubescent,ray,remnant,reticulate,seed,size,small,sparsely,stigma,style,thicknes,tip,triangular,truncate,tube,unbranched,unknown,usually,value,variation,vein,whitish,width,x	4.0-5.0,absent,appressed,articulation,berry,blue,bract,branching,breeding,broad-based,cell,connective,dendritic,discrete,distinct,enlarged,flat,fleshy,fork,fully,green,hermaphroditic,heteromorphism,insertion,interpetalar,leathery,lilac,lower,marking,mature,membranous,modification,multi-branched,multicellular,near-basal,needle-like,none,odour,orientation,paired,pattern,pink,placement,pore,position,present,radially,rhizome,round,scale,simple-entire,smell,spot,staman,stellate,stone,structure,swollen,symmetric,symmetry,sympodial,system,tapered-lanceolate,tissue,trichome,trifoliate,tuber,unit,vegetative,xylopodia,yellow,zygomorphy
186	wfo-0001027929	invalid_json_followup	NA	40	NA	37	99	79	acute,anther,apex,base,branch,calyx,cell,colour,corolla,filament,form,fruit,fruiting,green,growth,hair,inflorescence,interjected,leaf,leaflet,length,margin,mm,monochasial,pedicel,petiole,prickle,pseudostipule,purple,rounded,shape,spot,stem,surface,terminal,texture,type	1,1-10,1-4,1-8,1.0-1.3,10,2,2.0-3.0,20,3.5-5,35,4-5,5-lobed,6-15,\u201chair-like\u201d,abaxially,acuminate,adaxially,along,angular,appearance,arrangement,articulate,bark,branched,bud,characteristic,cm,connate,cordate,corrugation,covering,cuneate,cyme,dark,deep,diameter,dichasial,dichasially,distal,drying,ebracteate,elliptic,except,exertion,giving,glabrous,glabrousnes,globose,green-white,height,herbaceous,history,lanceolate,lateral,life,lobe,lobing,long,middle,midpoint,na,narrowly,new,number,obliquely,occasional,odd-pinnate,ovary,ovate,ovoid,peduncle,per,perennial,plant,primary,puberulent,rarely,ray,seed,size,sometimes,stigma,style,symmetrically,terete,testal,thick,thicknes,tinged,tube,value,variation,vein,violet,violet-blue,wall,wide,width							1.0-4.0,3.5-5.0,absent,appressed,articulation,asymmetric,basal,berry,black,blue,bract,branching,breeding,broad-based,compound-entire,connective,distinct,eglandular,elliptic-oblong,elongating,enlarged,flat,fleshy,fork,forked,fully,herb,hermaphroditic,heteromorphism,inflated,insertion,interpetalar,leathery,lilac,lower,marking,mature,membranous,modification,multi-branched,multicellular,needle-like,none,odour,orientation,paired,pattern,pink,placement,plurifoliate,pore,position,present,present-pair,radially,rhizome,rotate,round,scale,simple,smell,staman,stellate,stone,structure,swollen,symmetric,symmetry,sympodial,system,tissue,trichome,trifoliate,truncate,tuber,unit,vegetative,xylopodia,zygomorphy	37.0	99.0	79.0	acute,anther,apex,base,branch,calyx,cell,colour,corolla,filament,form,fruit,fruiting,green,growth,hair,inflorescence,interjected,leaf,leaflet,length,margin,mm,monochasial,pedicel,petiole,prickle,pseudostipule,purple,rounded,shape,spot,stem,surface,terminal,texture,type	1,1-10,1-4,1-8,1.0-1.3,10,2,2.0-3.0,20,3.5-5,35,4-5,5-lobed,6-15,\u201chair-like\u201d,abaxially,acuminate,adaxially,along,angular,appearance,arrangement,articulate,bark,branched,bud,characteristic,cm,connate,cordate,corrugation,covering,cuneate,cyme,dark,deep,diameter,dichasial,dichasially,distal,drying,ebracteate,elliptic,except,exertion,giving,glabrous,glabrousnes,globose,green-white,height,herbaceous,history,lanceolate,lateral,life,lobe,lobing,long,middle,midpoint,na,narrowly,new,number,obliquely,occasional,odd-pinnate,ovary,ovate,ovoid,peduncle,per,perennial,plant,primary,puberulent,rarely,ray,seed,size,sometimes,stigma,style,symmetrically,terete,testal,thick,thicknes,tinged,tube,value,variation,vein,violet,violet-blue,wall,wide,width	1.0-4.0,3.5-5.0,absent,appressed,articulation,asymmetric,basal,berry,black,blue,bract,branching,breeding,broad-based,compound-entire,connective,distinct,eglandular,elliptic-oblong,elongating,enlarged,flat,fleshy,fork,forked,fully,herb,hermaphroditic,heteromorphism,inflated,insertion,interpetalar,leathery,lilac,lower,marking,mature,membranous,modification,multi-branched,multicellular,needle-like,none,odour,orientation,paired,pattern,pink,placement,plurifoliate,pore,position,present,present-pair,radially,rhizome,rotate,round,scale,simple,smell,staman,stellate,stone,structure,swollen,symmetric,symmetry,sympodial,system,tissue,trichome,trifoliate,truncate,tuber,unit,vegetative,xylopodia,zygomorphy
187	wfo-0001027948	success	30	39	7	33	104	82	anther,apex,basal,base,berry,calyx,colour,corolla,filament,form,fruit,fruiting,growth,herb,inflorescence,interjected,leaf,leaflet,length,margin,mm,pedicel,petiole,prickle,pseudostipule,purple,shape,simple,stem,surface,texture,trichome,type	.5,0-,0.5-2,1-1.2,1-2,1.3-1.8,1.5-4.5,13-15,2.2-8.2,3.7-4,5,7,7-15-16,7.5-10,acuminate,appearance,arrangement,attenuate,bark,border,branch,bud,characteristic,cm,corrugation,diameter,directed,distal,dorsally,drying,edentate,ellipsoidal,elliptical,erect,exertion,generally,giving,glabrous,glabrousnes,globose,height,herbaceous,history,hollow,ill-smelling,inconspicuous,lateral,life,light,lobe,lobing,longer,longitudinally,midpoint,na,narrowly,new,non-glandular,number,occasionally,ovary,ovate,ovoid,pair,papillate,peduncle,per,perennial,plant,primary,pubescent,ray,reduced,ridged,saddle-shaped,seed,serrulate,shorter,size,slightly,small,smooth,stigma,straight,striate,style,sub-shrub,terminal,thickened,thicknes,tip,tooth,triangular,tube,unequal,upward,variation,vein,violet,viscid-pubescent,width,x,¼,½							1.0-2.0,3.7-4.0,absent,acute,appressed,articulation,asymmetric,black,blue,bract,branching,breeding,broad-based,campanulate,cell,connective,difoliate,distinct,eglandular,elliptic-oblong,elongating,enlarged,flat,fleshy,forked,fully,glandular,green,hair,hermaphroditic,heteromorphism,inflated,insertion,internodal,interpetalar,leathery,lilac,lower,marking,mature,membranous,modification,monochasial,multi-branched,multicellular,needle-like,non-geminate,none,odour,orientation,paired,pattern,pink,placement,pore,position,present,radially,rhizome,round,scale,shrub,simple-toothed,smell,spot,staman,stellate,stone,structure,swollen,symmetric,symmetry,sympodial,system,tissue,tuber,unifoliate,unit,vegetative,winged,xylopodia,zygomorphy	8.0	67.0	107.0	basal,berry,filament,herb,mm,purple,simple,trichome	.5,0-,0.5-2,1-1.2,1-2,1.3-1.8,1.5-4.5,13-15,2.2-8.2,3.7-4,5,7,7-15-16,7.5-10,acuminate,attenuate,cm,diameter,directed,dorsally,edentate,ellipsoidal,elliptical,erect,generally,glabrous,globose,herbaceous,hollow,ill-smelling,inconspicuous,light,longer,longitudinally,na,narrowly,non-glandular,occasionally,ovate,ovoid,pair,papillate,perennial,pubescent,reduced,ridged,saddle-shaped,serrulate,shorter,slightly,small,smooth,straight,striate,sub-shrub,thickened,tip,tooth,triangular,tube,unequal,upward,violet,viscid-pubescent,x,¼,½	1.0-2.0,3.7-4.0,absent,acute,anther,apex,appressed,articulation,asymmetric,base,black,blue,bract,branching,breeding,broad-based,calyx,campanulate,cell,colour,connective,corolla,difoliate,distinct,eglandular,elliptic-oblong,elongating,enlarged,flat,fleshy,forked,form,fruit,fruiting,fully,glandular,green,growth,hair,hermaphroditic,heteromorphism,inflated,inflorescence,insertion,interjected,internodal,interpetalar,leaf,leaflet,leathery,length,lilac,lower,margin,marking,mature,membranous,modification,monochasial,multi-branched,multicellular,needle-like,non-geminate,none,odour,orientation,paired,pattern,pedicel,petiole,pink,placement,pore,position,present,prickle,pseudostipule,radially,rhizome,round,scale,shape,shrub,simple-toothed,smell,spot,staman,stellate,stem,stone,structure,surface,swollen,symmetric,symmetry,sympodial,system,texture,tissue,tuber,type,unifoliate,unit,vegetative,winged,xylopodia,zygomorphy
188	wfo-0001027961	success	39	39	7	35	73	82	anther,apex,asymmetric,base,berry,branch,calyx,colour,cordate,corolla,filament,form,fruit,fruiting,green,growth,inflorescence,leaf,length,margin,membranous,mm,pedicel,petiole,purple,shape,simple,stem,surface,terminal,texture,truncate,type,vine,woody	0.9-1,1-1.5,1-4,1-5,2-2.5,2.3-2.5,2.5-9,3-3.5,7-9,8-10,?,acute,anthesi,arrangement,bark,brown,bud,c.,characteristic,clavate,cm,corrugation,densely,diameter,drying,ellipsoid,elliptic,entire,exertion,exserted,fading,fusiform,glabrous,glabrousnes,globose,height,history,immature,lateral,life,lobed,lobing,minute,na,new,number,obovate,occasionally,often,ovary,pair,peduncle,per,pinnatifid,plant,primary,pubescent,reddish,seed,size,slender,slightly,sparsely,stigma,style,triangular,tube,vein,violet,way,white,white-pubescent,x							2.0-3.5,4.5-5.0,absent,appressed,articulation,basal,blue,bract,branching,breeding,broad-based,cell,connective,cup-shaped,discrete,distinct,eglandular,elliptic-oblong,elongating,enlarged,fleshy,fork,forked,fully,hair,hermaphroditic,heteromorphism,inflated,insertion,interjected,internodal,interpetalar,leaflet,leathery,lilac,lower,marking,mature,modification,monochasial,multi-branched,multicellular,needle-like,none,odour,orientation,paired,pattern,pink,placement,plurifoliate,pore,position,present,prickle,pseudostipule,radially,rhizome,rotate,round,scale,simple-entire,simple-lobed,simple-pinnatifid,smell,spot,staman,stellate,stone,structure,swollen,symmetric,symmetry,sympodial,system,tissue,trichome,tuber,unit,vegetative,xylopodia,zygomorphy	14.0	49.0	103.0	asymmetric,base,berry,calyx,cordate,green,membranous,mm,purple,simple,terminal,truncate,vine,woody	0.9-1,1-1.5,1-4,1-5,2-2.5,2.3-2.5,2.5-9,3-3.5,7-9,8-10,?,acute,anthesi,brown,c.,clavate,cm,densely,diameter,ellipsoid,elliptic,entire,exserted,fading,fusiform,glabrous,globose,immature,lateral,lobed,minute,na,obovate,occasionally,often,pair,pinnatifid,pubescent,reddish,slender,slightly,sparsely,triangular,tube,violet,way,white,white-pubescent,x	2.0-3.5,4.5-5.0,absent,anther,apex,appressed,articulation,basal,blue,bract,branch,branching,breeding,broad-based,cell,colour,connective,corolla,cup-shaped,discrete,distinct,eglandular,elliptic-oblong,elongating,enlarged,filament,fleshy,fork,forked,form,fruit,fruiting,fully,growth,hair,hermaphroditic,heteromorphism,inflated,inflorescence,insertion,interjected,internodal,interpetalar,leaf,leaflet,leathery,length,lilac,lower,margin,marking,mature,modification,monochasial,multi-branched,multicellular,needle-like,none,odour,orientation,paired,pattern,pedicel,petiole,pink,placement,plurifoliate,pore,position,present,prickle,pseudostipule,radially,rhizome,rotate,round,scale,shape,simple-entire,simple-lobed,simple-pinnatifid,smell,spot,staman,stellate,stem,stone,structure,surface,swollen,symmetric,symmetry,sympodial,system,texture,tissue,trichome,tuber,type,unit,vegetative,xylopodia,zygomorphy
189	wfo-0001027966	invalid_json_followup	NA	40	NA	40	110	74	absent,anther,apex,base,berry,branch,calyx,cell,colour,corolla,distal,filament,forked,form,fruit,fruiting,green,growth,hair,herb,inflorescence,interjected,leaf,leaflet,length,margin,membranous,mm,ovoid,pedicel,petiole,prickle,pseudostipule,purple,shape,stem,surface,terminal,texture,type	0.8,0.8-2.5,1-1.8,1-2,1-4.2,1-5,1.2-4.5,1.3-2.2,1.5-5.2,10,10-30,2.2-2.9,2.5-10.5,2.8-9,3-4,3-5,4,40-80,5-10,5-6,5.5-14,\u201chair-like\u201d,acuminate,appearance,arrangement,attenuate,axillary,bark,blue-violet,brownish,bud,capitate,characteristic,chartaceous,cm,condition,conical,corrugation,covering,densely,diameter,drying,elliptic,exertion,flower,fresh,generally,giving,glabrous,glabrousnes,green-white,greenish,half,height,history,lanceolate,lateral,less,life,light,lobe,lobing,long,make,medium,midpoint,minute,mottled,mucilaginous,na,narrow,new,number,odd-pinnate,ovary,ovate,peduncle,per,plant,primary,pubescent,rarely,ray,ripe,seed,sessile,shorter,size,slightly,stigma,straight,style,subsessile,subtending,testal,thick,thicknes,throughout,tube,usually,value,variation,vein,wall,wet,whitish,wide,width,wing,x							1.0-2.0,1/2,3.0-4.0,acute,appressed,articulation,asymmetric,blue,bract,branching,breeding,broad-based,compound-entire,connective,distinct,eglandular,elliptic-oblong,elongating,enlarged,flat,fleshy,fork,fully,hermaphroditic,heteromorphism,inflated,insertion,interpetalar,leathery,lilac,lower,marking,mature,modification,monochasial,multicellular,needle-like,none,odour,orientation,paired,pattern,pink,placement,plurifoliate,pore,position,present,present-pair,radially,rhizome,rotate,rounded,scale,simple,smell,spot,staman,stellate,stone,structure,swollen,symmetric,symmetry,sympodial,system,tissue,trichome,trifoliate,tuber,unit,vegetative,xylopodia,zygomorphy	40.0	110.0	74.0	absent,anther,apex,base,berry,branch,calyx,cell,colour,corolla,distal,filament,forked,form,fruit,fruiting,green,growth,hair,herb,inflorescence,interjected,leaf,leaflet,length,margin,membranous,mm,ovoid,pedicel,petiole,prickle,pseudostipule,purple,shape,stem,surface,terminal,texture,type	0.8,0.8-2.5,1-1.8,1-2,1-4.2,1-5,1.2-4.5,1.3-2.2,1.5-5.2,10,10-30,2.2-2.9,2.5-10.5,2.8-9,3-4,3-5,4,40-80,5-10,5-6,5.5-14,\u201chair-like\u201d,acuminate,appearance,arrangement,attenuate,axillary,bark,blue-violet,brownish,bud,capitate,characteristic,chartaceous,cm,condition,conical,corrugation,covering,densely,diameter,drying,elliptic,exertion,flower,fresh,generally,giving,glabrous,glabrousnes,green-white,greenish,half,height,history,lanceolate,lateral,less,life,light,lobe,lobing,long,make,medium,midpoint,minute,mottled,mucilaginous,na,narrow,new,number,odd-pinnate,ovary,ovate,peduncle,per,plant,primary,pubescent,rarely,ray,ripe,seed,sessile,shorter,size,slightly,stigma,straight,style,subsessile,subtending,testal,thick,thicknes,throughout,tube,usually,value,variation,vein,wall,wet,whitish,wide,width,wing,x	1.0-2.0,1/2,3.0-4.0,acute,appressed,articulation,asymmetric,blue,bract,branching,breeding,broad-based,compound-entire,connective,distinct,eglandular,elliptic-oblong,elongating,enlarged,flat,fleshy,fork,fully,hermaphroditic,heteromorphism,inflated,insertion,interpetalar,leathery,lilac,lower,marking,mature,modification,monochasial,multicellular,needle-like,none,odour,orientation,paired,pattern,pink,placement,plurifoliate,pore,position,present,present-pair,radially,rhizome,rotate,rounded,scale,simple,smell,spot,staman,stellate,stone,structure,swollen,symmetric,symmetry,sympodial,system,tissue,trichome,trifoliate,tuber,unit,vegetative,xylopodia,zygomorphy
190	wfo-0001028014	success	47	43	7	36	99	87	anther,apex,base,berry,branch,calyx,cell,colour,cordate,corolla,filament,form,fruit,growth,inflorescence,leaf,length,margin,mature,membranous,mm,orange,pedicel,petiole,prickle,purple,red,rounded,shape,shrub,stem,straight,surface,terminal,texture,type	-15,-4,-6,.5,/5,0.2-1,0.2-1.6-2.5,0.5-1,0.5-3,0.6-0.9,0.7-1,0.9-1.2,1-10,1-3,1-4,1.3-2.4,1.8-3,1/4-1/2,2-3,2.5-4,3-10,acuminate,almost,apart,apically,apparently,arrangement,articulated,bark,black,brown,brown-green,characteristic,chartaceous,cm,curved,deltate,densely,diameter,elongating,erect,flattened,flattened-reniform,glabrous,glabrousnes,gray,gray-green,height,history,lateral,life,lobe,lobed,lobing,long,maturity,mauve,na,new,number,obtuse,occasionally,orange-gray,outline,ovary,ovate,pair,pale,peduncle,per,perennial,pit,plant,poricidal,prickly,primary,raised,reflexed,rough,seed,shiny,simple,size,spaced,spherical,stellate-pubescent,strongly,style,tapering,tip,tube,vein,visibly,way,weakly,wide,width,yellow,yellow-green							0.7-1.0,4.5-7.0,absent,absent-inflorescence,appressed,articulation,basal,blue,bract,branching,breeding,broad-based,connective,cuneate,dichasial,difoliate,discrete,distinct,eglandular,enlarged,flat,fleshy,fork,forked,fruiting,fully,glandular,hair,hermaphroditic,heteromorphism,inflated,insertion,interjected,internodal,interpetalar,leaflet,leathery,lilac,lower,marking,modification,needle-like,non-geminate,none,odour,orientation,paired,pattern,pink,placement,pore,position,present,present-leaf,present-stem,pseudostipule,radially,recurved,rhizome,round,scale,simple-lobed,simple-toothed,smell,spot,staman,stellate,stone,structure,swollen,symmetric,symmetry,sympodial,system,tapered-lanceolate,tissue,triangular,trichome,truncate,tuber,unbranched,unit,vegetative,vine,woody,xylopodia,zygomorphy	16.0	78.0	107.0	base,berry,cell,cordate,fruit,length,mature,membranous,mm,orange,purple,red,rounded,shrub,straight,terminal	-15,-4,-6,.5,/5,0.2-1,0.2-1.6-2.5,0.5-1,0.5-3,0.6-0.9,0.7-1,0.9-1.2,1-10,1-3,1-4,1.3-2.4,1.8-3,1/4-1/2,2-3,2.5-4,3-10,acuminate,almost,apart,apically,apparently,articulated,black,brown,brown-green,chartaceous,cm,curved,deltate,densely,diameter,elongating,erect,flattened,flattened-reniform,glabrous,gray,gray-green,lateral,lobed,long,maturity,mauve,na,obtuse,occasionally,orange-gray,outline,ovate,pair,pale,per,perennial,pit,poricidal,prickly,raised,reflexed,rough,shiny,simple,spaced,spherical,stellate-pubescent,strongly,tapering,tip,visibly,way,weakly,wide,yellow,yellow-green	0.7-1.0,4.5-7.0,absent,absent-inflorescence,anther,apex,appressed,articulation,basal,blue,bract,branch,branching,breeding,broad-based,calyx,colour,connective,corolla,cuneate,dichasial,difoliate,discrete,distinct,eglandular,enlarged,filament,flat,fleshy,fork,forked,form,fruiting,fully,glandular,growth,hair,hermaphroditic,heteromorphism,inflated,inflorescence,insertion,interjected,internodal,interpetalar,leaf,leaflet,leathery,lilac,lower,margin,marking,modification,needle-like,non-geminate,none,odour,orientation,paired,pattern,pedicel,petiole,pink,placement,pore,position,present,present-leaf,present-stem,prickle,pseudostipule,radially,recurved,rhizome,round,scale,shape,simple-lobed,simple-toothed,smell,spot,staman,stellate,stem,stone,structure,surface,swollen,symmetric,symmetry,sympodial,system,tapered-lanceolate,texture,tissue,triangular,trichome,truncate,tuber,type,unbranched,unit,vegetative,vine,woody,xylopodia,zygomorphy
191	wfo-0001028017	success	39	36	7	40	96	67	anther,apex,base,calyx,colour,corolla,cuneate,eglandular,filament,forked,form,fruit,fruiting,fusiform,glandular,green,growth,hair,inflorescence,interjected,leaf,leaflet,length,margin,mm,pedicel,petiole,prickle,pseudostipule,shape,simple,stem,surface,texture,tree,truncate,type,unbranched,white,yellow	-2.5,0.3-1,1.5-2,10-22,13-40,15-35,2,2-3,2-4,2.5-5,3,3-12,3-4,40-50,5-7,5-9,6-8,9-11,acute,apiculate,appearance,arrangement,bark,beyond,border,branch,brown,bud,characteristic,clavate,cm,connivent,corrugation,densely,diameter,distal,drying,eglandular-pubescent,ellipsoidal,elliptic,entire,exertion,exserted,flattened,giving,glabrous,glabrousnes,glandular-puberulent,greenish,height,history,immature,lanceolate,lateral,life,lobe,lobing,midpoint,moderately,na,narrowly,new,number,oblique,obtuse,ovary,ovate,ovoid,peduncle,per,perennial,plant,pointed,primary,puberulent,pubescent,rarely,ray,ripe,seed,short-acuminate,size,sometimes,sparsely,stamen,stigma,style,terminal,thicknes,tip,triangular,tube,variation,vein,width,x							9.0-11.0,absent,appressed,articulation,asymmetric,berry,bract,branching,breeding,broad-based,campanulate,cell,connective,coriaceous,discrete,distinct,ellipsoid,enlarged,flat,fleshy,fully,hermaphroditic,heteromorphism,inflated,insertion,internodal,interpetalar,leathery,lower,marking,mature,modification,multicellular,near-basal,needle-like,none,odour,orientation,paired,pattern,placement,pore,position,radially,rhizome,scale,simple-entire,smell,spot,staman,stellate,stone,structure,swollen,symmetric,symmetry,sympodial,system,tapered-lanceolate,tissue,trichome,trifoliate,tuber,unit,vegetative,xylopodia,zygomorphy	15.0	57.0	92.0	apex,cuneate,eglandular,forked,fusiform,glandular,green,hair,mm,simple,tree,truncate,unbranched,white,yellow	-2.5,0.3-1,1.5-2,10-22,13-40,15-35,2,2-3,2-4,2.5-5,3,3-12,3-4,40-50,5-7,5-9,6-8,9-11,acute,apiculate,beyond,brown,clavate,cm,connivent,densely,eglandular-pubescent,ellipsoidal,elliptic,entire,exserted,flattened,glabrous,glandular-puberulent,greenish,immature,lanceolate,moderately,na,narrowly,oblique,obtuse,ovate,ovoid,perennial,pointed,puberulent,pubescent,rarely,ripe,short-acuminate,sometimes,sparsely,stamen,tip,triangular,x	9.0-11.0,absent,anther,appressed,articulation,asymmetric,base,berry,bract,branching,breeding,broad-based,calyx,campanulate,cell,colour,connective,coriaceous,corolla,discrete,distinct,ellipsoid,enlarged,filament,flat,fleshy,form,fruit,fruiting,fully,growth,hermaphroditic,heteromorphism,inflated,inflorescence,insertion,interjected,internodal,interpetalar,leaf,leaflet,leathery,length,lower,margin,marking,mature,modification,multicellular,near-basal,needle-like,none,odour,orientation,paired,pattern,pedicel,petiole,placement,pore,position,prickle,pseudostipule,radially,rhizome,scale,shape,simple-entire,smell,spot,staman,stellate,stem,stone,structure,surface,swollen,symmetric,symmetry,sympodial,system,tapered-lanceolate,texture,tissue,trichome,trifoliate,tuber,type,unit,vegetative,xylopodia,zygomorphy
192	wfo-0001028033	success	28	37	4	26	60	80	acute,anther,apex,base,calyx,colour,corolla,filament,form,growth,herb,inflorescence,leaf,length,margin,mm,pedicel,petiole,shape,shrub,simple,stem,surface,texture,unbranched,white	1.4–1.8,1–5,2–3,3–11,3–5,4–12,4–5,50,5–7,6–12,acuminate,arrangement,ascending,attenuate,bark,becoming,brown,capitate,characteristic,chartaceous,ciliate,cm,connivent,cyme,decurrent,deeply,densely,diameter,elliptic,entire,few-branched,glabrescent,glabrous,glabrousnes,greenish,height,hispid-pubescent,history,lateral,life,light,like,lobed,lobing,new,oblong,ovary,plant,prostrate,pubescence,rhizomatous,sessile,shiny,size,slightly,solitary,stigma,style,woody,×							1.0,2.0-4.0,absent,appressed,articulation,basal,berry,bract,branching,breeding,broad-based,cell,connective,difoliate,discrete,distinct,eglandular,elliptic-oblong,enlarged,flat,fleshy,fruit,fruiting,fully,green,hair,hermaphroditic,heteromorphism,inflated,insertion,interjected,internodal,interpetalar,leaflet,leathery,lower,marking,mature,membranous,modification,monochasial,multicellular,needle-like,non-geminate,none,odour,orange,orientation,paired,pattern,placement,pore,position,prickle,pseudostipule,radially,red,rhizome,round,scale,simple-entire,smell,spot,staman,stellate,stone,structure,symmetric,symmetry,sympodial,system,tissue,trichome,tuber,type,unit,vegetative,winged,xylopodia,zygomorphy	9.0	45.0	97.0	acute,base,herb,mm,shrub,simple,stem,unbranched,white	1.4–1.8,1–5,2–3,3–11,3–5,4–12,4–5,50,5–7,6–12,acuminate,ascending,attenuate,becoming,brown,capitate,chartaceous,ciliate,cm,connivent,cyme,decurrent,deeply,densely,elliptic,entire,few-branched,glabrescent,glabrous,greenish,hispid-pubescent,lateral,light,like,lobed,oblong,prostrate,pubescence,rhizomatous,sessile,shiny,slightly,solitary,woody,×	1.0,2.0-4.0,absent,anther,apex,appressed,articulation,basal,berry,bract,branching,breeding,broad-based,calyx,cell,colour,connective,corolla,difoliate,discrete,distinct,eglandular,elliptic-oblong,enlarged,filament,flat,fleshy,form,fruit,fruiting,fully,green,growth,hair,hermaphroditic,heteromorphism,inflated,inflorescence,insertion,interjected,internodal,interpetalar,leaf,leaflet,leathery,length,lower,margin,marking,mature,membranous,modification,monochasial,multicellular,needle-like,non-geminate,none,odour,orange,orientation,paired,pattern,pedicel,petiole,placement,pore,position,prickle,pseudostipule,radially,red,rhizome,round,scale,shape,simple-entire,smell,spot,staman,stellate,stone,structure,surface,symmetric,symmetry,sympodial,system,texture,tissue,trichome,tuber,type,unit,vegetative,winged,xylopodia,zygomorphy
193	wfo-0001028067	success	33	38	6	38	87	75	anther,apex,base,branch,calyx,colour,corolla,cuneate,filament,form,fruit,fruiting,growth,hair,inflorescence,interjected,leaf,leaflet,length,margin,mm,pedicel,petiole,pink,prickle,pseudostipule,purple,shape,shrub,simple,stem,surface,terminal,texture,truncate,type,unbranched,yellow	0.5-1,0.5-1.5,0.5-2,1-7,10-25,2,2-2.5,2.5-3,3-17,3-4,3-5,3-7,6-12,6-18,7-11-compound,7-20,7-9,8-13,abaxially,acuminate,acute,adaxially,appearance,arrangement,bark,border,bud,characteristic,cm,connivent,corrugation,dark,diameter,distal,drying,elliptic-fusiform,elliptic-ovate,entire,exertion,flattened,flower,giving,glabrous,glabrousnes,height,history,lateral,life,lobe,lobing,midpoint,moderately,na,narrowly,new,number,obtuse,often,ovary,peduncle,per,pinnately,plant,primary,puberulent,rarely,ray,ripe,seed,several,size,sparsely,stigma,strongly,style,thicknes,tip,tomentulose,triangular,triangular-deltate,tube,unequal,usually,variation,vein,width,x							5.0-7.0,absent,appressed,articulation,basal,berry,blue,bract,branching,breeding,broad-based,cell,compound-entire,connective,coriaceous,dichasial,discrete,distinct,eglandular,ellipsoid,enlarged,flat,fleshy,fork,fully,fusiform,hermaphroditic,heteromorphism,inflated,insertion,internodal,interpetalar,leathery,lilac,lower,marking,mature,modification,monochasial,multicellular,near-basal,needle-like,none,odour,orientation,paired,pattern,placement,plurifoliate,pore,position,present,radially,rhizome,scale,simple-entire,smell,spot,staman,stellate,stone,structure,swollen,symmetric,symmetry,sympodial,system,tapered-lanceolate,tissue,trichome,tuber,unit,vegetative,xylopodia,zygomorphy	13.0	51.0	100.0	apex,base,cuneate,fruit,hair,mm,pink,purple,shrub,simple,truncate,unbranched,yellow	0.5-1,0.5-1.5,0.5-2,1-7,10-25,2,2-2.5,2.5-3,3-17,3-4,3-5,3-7,6-12,6-18,7-11-compound,7-20,7-9,8-13,abaxially,acuminate,acute,adaxially,cm,connivent,dark,elliptic-fusiform,elliptic-ovate,entire,flattened,flower,glabrous,moderately,na,narrowly,obtuse,often,per,pinnately,puberulent,rarely,ripe,several,sparsely,strongly,tip,tomentulose,triangular,triangular-deltate,unequal,usually,x	5.0-7.0,absent,anther,appressed,articulation,basal,berry,blue,bract,branch,branching,breeding,broad-based,calyx,cell,colour,compound-entire,connective,coriaceous,corolla,dichasial,discrete,distinct,eglandular,ellipsoid,enlarged,filament,flat,fleshy,fork,form,fruiting,fully,fusiform,growth,hermaphroditic,heteromorphism,inflated,inflorescence,insertion,interjected,internodal,interpetalar,leaf,leaflet,leathery,length,lilac,lower,margin,marking,mature,modification,monochasial,multicellular,near-basal,needle-like,none,odour,orientation,paired,pattern,pedicel,petiole,placement,plurifoliate,pore,position,present,prickle,pseudostipule,radially,rhizome,scale,shape,simple-entire,smell,spot,staman,stellate,stem,stone,structure,surface,swollen,symmetric,symmetry,sympodial,system,tapered-lanceolate,terminal,texture,tissue,trichome,tuber,type,unit,vegetative,xylopodia,zygomorphy
194	wfo-0001028069	invalid_json_followup	NA	40	NA	35	97	79	acute,anther,apex,base,calyx,colour,corolla,distal,filament,form,fruit,fruiting,growth,herb,inflorescence,interjected,leaf,leaflet,length,margin,mm,orange,pedicel,petiole,present,prickle,pseudostipule,rounded,shape,simple,stem,surface,texture,type,yellow	0.1-0.3,0.4-0.5,0.4-0.8,0.5-1.8,0.6-1.1,0.6-4,0.7-1.5,0.8-1.2,1-2.7,1-3.5,1.4,1.5-2.0,1.6-3.2,10,2-17,2-3-branched,2-locular,3,5-25,along,anthesi,appearance,arrangement,articulated,bark,basioscopically,branch,bright,brown,bud,characteristic,cm,conical,corrugation,decurrent,deep,deeply,densely,diameter,drying,exertion,exserted,giving,glabrousnes,glandular-villous,globose,green,hair-like,halfway,height,history,imparipinnate,interrupted,lateral,life,linear,lobe,lobed,lobing,long,middle,midpoint,midvein,minute,minutely,na,new,number,oblique,obovate,occasionally,outgrowth,ovary,ovate,pale,peduncle,per,perennial,plant,primary,pubescent,ray,seed,silky,size,stigma,straight,style,terminal,thick,thicknes,tube,value,variation,vein,wide,width							1.0-2.7,1/2,3.0-4.5,absent,appressed,articulation,asymmetric,berry,bract,branching,breeding,broad-based,cell,compound-lobed,compound-toothed,connective,distinct,eglandular,elongated,elongating,enlarged,flat,fleshy,forked,fully,glandular,hair,hermaphroditic,heteromorphism,inflated,insertion,internodal,interpetalar,leathery,lower,marking,mature,membranous,modification,monochasial,multi-branched,multicellular,needle-like,none,odour,orientation,paired,pattern,pinnatifid,placement,pore,position,radially,red,rhizome,rotate,round,scale,smell,spot,staman,stellate,stone,structure,swollen,symmetric,symmetry,sympodial,system,tapered-lanceolate,tissue,trichome,trifoliate,tuber,unbranched,unit,vegetative,xylopodia,zygomorphy	35.0	97.0	79.0	acute,anther,apex,base,calyx,colour,corolla,distal,filament,form,fruit,fruiting,growth,herb,inflorescence,interjected,leaf,leaflet,length,margin,mm,orange,pedicel,petiole,present,prickle,pseudostipule,rounded,shape,simple,stem,surface,texture,type,yellow	0.1-0.3,0.4-0.5,0.4-0.8,0.5-1.8,0.6-1.1,0.6-4,0.7-1.5,0.8-1.2,1-2.7,1-3.5,1.4,1.5-2.0,1.6-3.2,10,2-17,2-3-branched,2-locular,3,5-25,along,anthesi,appearance,arrangement,articulated,bark,basioscopically,branch,bright,brown,bud,characteristic,cm,conical,corrugation,decurrent,deep,deeply,densely,diameter,drying,exertion,exserted,giving,glabrousnes,glandular-villous,globose,green,hair-like,halfway,height,history,imparipinnate,interrupted,lateral,life,linear,lobe,lobed,lobing,long,middle,midpoint,midvein,minute,minutely,na,new,number,oblique,obovate,occasionally,outgrowth,ovary,ovate,pale,peduncle,per,perennial,plant,primary,pubescent,ray,seed,silky,size,stigma,straight,style,terminal,thick,thicknes,tube,value,variation,vein,wide,width	1.0-2.7,1/2,3.0-4.5,absent,appressed,articulation,asymmetric,berry,bract,branching,breeding,broad-based,cell,compound-lobed,compound-toothed,connective,distinct,eglandular,elongated,elongating,enlarged,flat,fleshy,forked,fully,glandular,hair,hermaphroditic,heteromorphism,inflated,insertion,internodal,interpetalar,leathery,lower,marking,mature,membranous,modification,monochasial,multi-branched,multicellular,needle-like,none,odour,orientation,paired,pattern,pinnatifid,placement,pore,position,radially,red,rhizome,rotate,round,scale,smell,spot,staman,stellate,stone,structure,swollen,symmetric,symmetry,sympodial,system,tapered-lanceolate,tissue,trichome,trifoliate,tuber,unbranched,unit,vegetative,xylopodia,zygomorphy
195	wfo-0001028075	invalid_json_followup	NA	40	NA	39	96	73	absent,anther,apex,base,berry,branch,calyx,colour,corolla,distal,filament,forked,form,fruit,fruiting,green,growth,herb,inflorescence,interjected,leaf,leaflet,length,margin,membranous,mm,ovoid,pedicel,petiole,prickle,pseudostipule,rounded,shape,stem,surface,terminal,texture,type,white	1-2,1.5-2.5,1.5-7,1.6-2.7,10-35,2-6,2.5-10,3-11,3-23.5,4-12,4-7,5-12,5-14,5-7,5-8,5-9,7-13,7-30,8-12,abaxially,acuminate,acute,adaxially,appearance,arrangement,axillary,bark,brownish,bud,capitate,characteristic,chartaceous,ciliate,cm,condition,corrugation,dark,diameter,drying,exertion,flower,fresh,generally,giving,glabrescent,glabrous,glabrousnes,globose,green-white,greenish,half,height,history,lanceolate,lateral,life,light,lobe,lobing,long,midpoint,mucilaginous,na,narrow,new,number,oblique,obtuse,odd-pinnate,ovary,pale,peduncle,per,plant,primary,ray,seed,size,stigma,style,subcordate,subtending,thicknes,throughout,tube,typically,usually,value,variation,vein,wet,whitish,wide,width,wing,x							1.0,1/2,5.0-7.0,appressed,articulation,asymmetric,bract,branching,breeding,broad-based,cell,compound-entire,connective,distinct,eglandular,elliptic-oblong,elongating,enlarged,flat,fleshy,fork,fully,hair,hermaphroditic,heteromorphism,inflated,insertion,interpetalar,leathery,lower,marking,mature,modification,monochasial,multicellular,needle-like,none,odour,orientation,paired,pattern,placement,plurifoliate,pore,position,present,present-pair,radially,rhizome,rotate,round,scale,simple,smell,spot,staman,stellate,stone,structure,swollen,symmetric,symmetry,sympodial,system,tissue,trichome,trifoliate,truncate,tuber,unit,vegetative,xylopodia,zygomorphy	39.0	96.0	73.0	absent,anther,apex,base,berry,branch,calyx,colour,corolla,distal,filament,forked,form,fruit,fruiting,green,growth,herb,inflorescence,interjected,leaf,leaflet,length,margin,membranous,mm,ovoid,pedicel,petiole,prickle,pseudostipule,rounded,shape,stem,surface,terminal,texture,type,white	1-2,1.5-2.5,1.5-7,1.6-2.7,10-35,2-6,2.5-10,3-11,3-23.5,4-12,4-7,5-12,5-14,5-7,5-8,5-9,7-13,7-30,8-12,abaxially,acuminate,acute,adaxially,appearance,arrangement,axillary,bark,brownish,bud,capitate,characteristic,chartaceous,ciliate,cm,condition,corrugation,dark,diameter,drying,exertion,flower,fresh,generally,giving,glabrescent,glabrous,glabrousnes,globose,green-white,greenish,half,height,history,lanceolate,lateral,life,light,lobe,lobing,long,midpoint,mucilaginous,na,narrow,new,number,oblique,obtuse,odd-pinnate,ovary,pale,peduncle,per,plant,primary,ray,seed,size,stigma,style,subcordate,subtending,thicknes,throughout,tube,typically,usually,value,variation,vein,wet,whitish,wide,width,wing,x	1.0,1/2,5.0-7.0,appressed,articulation,asymmetric,bract,branching,breeding,broad-based,cell,compound-entire,connective,distinct,eglandular,elliptic-oblong,elongating,enlarged,flat,fleshy,fork,fully,hair,hermaphroditic,heteromorphism,inflated,insertion,interpetalar,leathery,lower,marking,mature,modification,monochasial,multicellular,needle-like,none,odour,orientation,paired,pattern,placement,plurifoliate,pore,position,present,present-pair,radially,rhizome,rotate,round,scale,simple,smell,spot,staman,stellate,stone,structure,swollen,symmetric,symmetry,sympodial,system,tissue,trichome,trifoliate,truncate,tuber,unit,vegetative,xylopodia,zygomorphy
196	wfo-0001028076	invalid_json_followup	NA	40	NA	36	110	79	absent,anther,apex,base,berry,calyx,cell,colour,corolla,filament,forked,form,fruit,green,growth,herb,inflorescence,interjected,leaf,leaflet,length,membranous,mm,ovoid,pedicel,petiole,prickle,pseudostipule,purple,shape,stem,surface,terminal,texture,tuber,type	.5,0.4-0.5,0.5,1-1.3,1-2,1.2-2.2,1.8-2.2,110,12-22,13-14,2-5.4,2.2-2.6,2.2-3.7,2.5-4,2.6-3.8,4-5,4.5-7,5,5-20,5-6,5-6.5,7-8,\u201chair-like\u201d,abaxial,acuminate,adaxial,arrangement,articulated,attenuate,axillary,blade,borne,brownish,bud,capitate,characteristic,chartaceous,cm,condition,conical,connivent,covering,densely,diameter,distal,drying,end,exertion,flower,fresh,generally,glabrous,green-white,greenish,half,height,history,lanceolate,lateral,less,life,light,lobing,long,make,medium,midpoint,minute,mucilaginous,na,number,odd-pinnate,ovary,peduncle,per,plant,presence,proximal,pubescent,rarely,ray,ripe,seed,sessile,singly,size,slightly,stigma,stolon,style,subsessile,subtending,tall,testal,thick,thicknes,third,throughout,tube,typically,usually,value,variation,wall,wet,whitish,wide,width,wing,x							1.0-2.0,1/4-1/2,4.0-5.0,acute,appressed,articulation,basal,blue,bract,branch,branching,breeding,broad-based,compound-entire,connective,cuneate,distinct,eglandular,elliptic-oblong,elongating,enlarged,flat,fleshy,fork,fruiting,fully,hair,hermaphroditic,heteromorphism,inflated,insertion,interpetalar,leathery,lilac,lower,margin,marking,mature,modification,monochasial,multicellular,needle-like,none,odour,orientation,paired,pattern,pink,placement,plurifoliate,pore,position,present,present-pair,radially,rhizome,rotate,rounded,scale,simple,smell,spot,staman,stellate,stone,structure,swollen,symmetric,symmetry,sympodial,system,tissue,trichome,trifoliate,unit,vegetative,white,xylopodia,zygomorphy	36.0	110.0	79.0	absent,anther,apex,base,berry,calyx,cell,colour,corolla,filament,forked,form,fruit,green,growth,herb,inflorescence,interjected,leaf,leaflet,length,membranous,mm,ovoid,pedicel,petiole,prickle,pseudostipule,purple,shape,stem,surface,terminal,texture,tuber,type	.5,0.4-0.5,0.5,1-1.3,1-2,1.2-2.2,1.8-2.2,110,12-22,13-14,2-5.4,2.2-2.6,2.2-3.7,2.5-4,2.6-3.8,4-5,4.5-7,5,5-20,5-6,5-6.5,7-8,\u201chair-like\u201d,abaxial,acuminate,adaxial,arrangement,articulated,attenuate,axillary,blade,borne,brownish,bud,capitate,characteristic,chartaceous,cm,condition,conical,connivent,covering,densely,diameter,distal,drying,end,exertion,flower,fresh,generally,glabrous,green-white,greenish,half,height,history,lanceolate,lateral,less,life,light,lobing,long,make,medium,midpoint,minute,mucilaginous,na,number,odd-pinnate,ovary,peduncle,per,plant,presence,proximal,pubescent,rarely,ray,ripe,seed,sessile,singly,size,slightly,stigma,stolon,style,subsessile,subtending,tall,testal,thick,thicknes,third,throughout,tube,typically,usually,value,variation,wall,wet,whitish,wide,width,wing,x	1.0-2.0,1/4-1/2,4.0-5.0,acute,appressed,articulation,basal,blue,bract,branch,branching,breeding,broad-based,compound-entire,connective,cuneate,distinct,eglandular,elliptic-oblong,elongating,enlarged,flat,fleshy,fork,fruiting,fully,hair,hermaphroditic,heteromorphism,inflated,insertion,interpetalar,leathery,lilac,lower,margin,marking,mature,modification,monochasial,multicellular,needle-like,none,odour,orientation,paired,pattern,pink,placement,plurifoliate,pore,position,present,present-pair,radially,rhizome,rotate,rounded,scale,simple,smell,spot,staman,stellate,stone,structure,swollen,symmetric,symmetry,sympodial,system,tissue,trichome,trifoliate,unit,vegetative,white,xylopodia,zygomorphy
197	wfo-0001028105	success	45	38	7	35	88	69	anther,apex,base,berry,calyx,colour,corolla,difoliate,filament,form,fruit,fruiting,geminate,glandular,green,growth,inflorescence,leaf,length,margin,mm,pedicel,petiole,shape,shrub,simple,stem,surface,sympodial,texture,tree,trichome,type,unit,white	.1,.5,0.3-1.5,0.5-1,0.5-2,0.6-1,1-1.2,1-1.5,1.5,1.5-1.8,2,2-2.2,3-5-celled,3-6,5-7-flowered,6-7,9.5-15,abaxially,acuminate,adaxially,arrangement,attenuate,axil,bark,bilobed,branch,bud,characteristic,clavate,cm,conical,corrugation,dark,dense,dia,diameter,drying,ellipsoid,elliptic,exertion,exserted,filiform,flattened-reniform,glabrous,glabrousnes,globose,greenish-yellow,height,history,incrassate,lamina,lateral,life,lobed,lobing,long,main,na,nearly,new,occasionally,olive-green,ovary,pair,pale,peduncle,plant,primary,pubescent,reddish-brown,scattered,seed,shaped,size,slightly,small,spreading,stigma,strongly,style,tear-drop,tip,tube,tuft,uniseriate,vein,x,yellowish							0.1,3.5-4.0,absent,acute,appressed,articulation,basal,bract,branching,breeding,broad-based,cell,connective,discrete,distinct,eglandular,elliptic-oblong,enlarged,flat,fleshy,hair,heteromorphism,inflated,insertion,interjected,interpetalar,leaf-opposed,leaflet,leathery,lower,marking,mature,membranous,modification,monochasial,multicellular,needle-like,none,odour,orientation,paired,pattern,placement,pore,position,present,prickle,pseudostipule,radially,rhizome,round,scale,simple-entire,smell,spot,staman,stellate,stone,structure,swollen,symmetric,symmetry,system,tissue,tuber,unbranched,vegetative,xylopodia,zygomorphy	17.0	66.0	87.0	apex,base,berry,calyx,difoliate,geminate,glandular,green,margin,mm,shrub,simple,sympodial,tree,trichome,unit,white	.1,.5,0.3-1.5,0.5-1,0.5-2,0.6-1,1-1.2,1-1.5,1.5,1.5-1.8,2,2-2.2,3-5-celled,3-6,5-7-flowered,6-7,9.5-15,abaxially,acuminate,adaxially,attenuate,axil,bilobed,clavate,cm,conical,dark,dense,dia,drying,ellipsoid,elliptic,exserted,filiform,flattened-reniform,glabrous,globose,greenish-yellow,incrassate,lamina,lateral,lobed,long,main,na,nearly,occasionally,olive-green,pair,pale,pubescent,reddish-brown,scattered,shaped,slightly,small,spreading,strongly,tear-drop,tip,tube,tuft,uniseriate,vein,x,yellowish	0.1,3.5-4.0,absent,acute,anther,appressed,articulation,basal,bract,branching,breeding,broad-based,cell,colour,connective,corolla,discrete,distinct,eglandular,elliptic-oblong,enlarged,filament,flat,fleshy,form,fruit,fruiting,growth,hair,heteromorphism,inflated,inflorescence,insertion,interjected,interpetalar,leaf,leaf-opposed,leaflet,leathery,length,lower,marking,mature,membranous,modification,monochasial,multicellular,needle-like,none,odour,orientation,paired,pattern,pedicel,petiole,placement,pore,position,present,prickle,pseudostipule,radially,rhizome,round,scale,shape,simple-entire,smell,spot,staman,stellate,stem,stone,structure,surface,swollen,symmetric,symmetry,system,texture,tissue,tuber,type,unbranched,vegetative,xylopodia,zygomorphy
198	wfo-0001028109	success	39	41	6	32	75	86	0.4-0.8,anther,apex,base,berry,calyx,colour,corolla,cuneate,filament,form,fruit,growth,inflorescence,leaf,length,margin,mm,pedicel,petiole,prickle,recurved,red,shape,shrub,stem,surface,terminal,texture,tree,type,white	0.4-1.5,0.45-0.65,0.6-0.8,0.8-1.5,1.5-2.5,1.5-5.5,12-40,2-4,2.3-2.9,2/3-3/4,20-60,3-4-13,3-7,acuminate,acute,almost,apparently,arrangement,bark,bright,brown,characteristic,chartaceous,cm,deltate,densely,diameter,discolorous,drying,dull,elliptic,entire,erect,evenly,flattened-reniform,glabrescent,glabrous,green,green-brown,height,history,lateral,life,light,lobed,lobing,long,maturity,mauve,moderately,orange-brown,ovary,peduncle,perennial,plant,poricidal,prickly,red-brown,seed,simple,size,small,sometimes,spherical,stellate-pubescent,strongly,style,tapering,terete,tip,way,weakly,wide,yellow,young							2.5-3.0,absent,absent-leaf,andromonoecious,appressed,articulation,basal,blue,bract,branch,branching,breeding,broad-based,cell,connective,dichasial,difoliate,discrete,distinct,eglandular,enlarged,flat,fleshy,fork,forked,fruiting,geminate,hair,heteromorphism,inflated,insertion,interjected,internodal,interpetalar,leaflet,leathery,lilac,lower,marking,mature,membranous,modification,multi-branched,needle-like,none,odour,orange,orientation,paired,pattern,pink,placement,plurifoliate,pore,position,present,present-inflorescence,present-stem,pseudostipule,purple,radially,rhizome,round,scale,simple-lobed,smell,spot,staman,stellate,stone,straight,structure,swollen,symmetric,symmetry,sympodial,system,tapered-lanceolate,tissue,triangular,trichome,tuber,unit,vegetative,xylopodia,zygomorphy	11.0	62.0	107.0	0.4-0.8,base,berry,cuneate,mm,recurved,red,shrub,terminal,tree,white	0.4-1.5,0.45-0.65,0.6-0.8,0.8-1.5,1.5-2.5,1.5-5.5,12-40,2-4,2.3-2.9,2/3-3/4,20-60,3-4-13,3-7,acuminate,acute,almost,apparently,bright,brown,chartaceous,cm,deltate,densely,diameter,discolorous,drying,dull,elliptic,entire,erect,evenly,flattened-reniform,glabrescent,glabrous,green,green-brown,lateral,light,lobed,long,maturity,mauve,moderately,orange-brown,perennial,poricidal,prickly,red-brown,simple,small,sometimes,spherical,stellate-pubescent,strongly,tapering,terete,tip,way,weakly,wide,yellow,young	2.5-3.0,absent,absent-leaf,andromonoecious,anther,apex,appressed,articulation,basal,blue,bract,branch,branching,breeding,broad-based,calyx,cell,colour,connective,corolla,dichasial,difoliate,discrete,distinct,eglandular,enlarged,filament,flat,fleshy,fork,forked,form,fruit,fruiting,geminate,growth,hair,heteromorphism,inflated,inflorescence,insertion,interjected,internodal,interpetalar,leaf,leaflet,leathery,length,lilac,lower,margin,marking,mature,membranous,modification,multi-branched,needle-like,none,odour,orange,orientation,paired,pattern,pedicel,petiole,pink,placement,plurifoliate,pore,position,present,present-inflorescence,present-stem,prickle,pseudostipule,purple,radially,rhizome,round,scale,shape,simple-lobed,smell,spot,staman,stellate,stem,stone,straight,structure,surface,swollen,symmetric,symmetry,sympodial,system,tapered-lanceolate,texture,tissue,triangular,trichome,tuber,type,unit,vegetative,xylopodia,zygomorphy
199	wfo-0001028115	invalid_json_followup	NA	40	NA	38	108	74	1.1-1.8,acute,anther,apex,basal,base,berry,blue,calyx,colour,corolla,difoliate,filament,form,fruit,fruiting,glandular,growth,herb,inflorescence,interjected,leaf,leaflet,length,margin,mm,pedicel,petiole,prickle,pseudostipule,shape,simple,stem,surface,texture,trichome,type,unifoliate	.6,0.42,0.6-0.7,0.7-0.8-1.1,0.8-1-2.4,1-3,1.1-1.8-2.5,1.4-1.7,1.7-2.2,2-3-6.5,2-3.2,3-5,5-15,6-10,9-17,abaxially,abundant,acuminate,adaxially,alternate,antrorse,arrangement,attenuate,bark,branch,bud,capitate,characteristic,cm,corrugation,diameter,distal,drying,ellipsoidal,elliptical,entire,especially,exertion,glabrescent,glabrousnes,globose,half,height,herbaceous,history,lateral,life,light,linear,lobe,lobing,long,longitudinally,midpoint,mixed,moderately,na,narrowly,nerve,new,non-glandular,number,oblong,one,opposite,ovary,ovate,pair,pale,peduncle,per,pinnatifid,pinnatipartite,pinnatisect,plant,primary,prostrate,pubescent,rarely,ray,ridged,scarce,seed,segment,similar,size,slender,small,smooth,stigma,style,terminal,thicknes,trans-ovoidal,triangular,tube,tuberculate,unequal,uniseriate,value,variation,vein,violet,wide,width,winged,x,yellow							1.1-2.5,absent,appressed,articulation,bract,branching,breeding,broad-based,cell,connective,cuneate,distinct,eglandular,ellipsoid,elliptic-oblong,elongating,enlarged,flat,fleshy,fully,green,hair,hermaphroditic,heteromorphism,inflated,insertion,internodal,interpetalar,leathery,lilac,lower,marking,mature,membranous,modification,monochasial,multicellular,needle-like,non-geminate,none,odour,orientation,paired,pattern,pink,placement,pore,position,present,purple,radially,rhizome,rotate,scale,simple-lobed,simple-pinnatifid,simple-toothed,smell,spot,staman,stellate,stone,structure,symmetric,symmetry,sympodial,system,tissue,tuber,unbranched,unit,vegetative,xylopodia,zygomorphy	38.0	108.0	74.0	1.1-1.8,acute,anther,apex,basal,base,berry,blue,calyx,colour,corolla,difoliate,filament,form,fruit,fruiting,glandular,growth,herb,inflorescence,interjected,leaf,leaflet,length,margin,mm,pedicel,petiole,prickle,pseudostipule,shape,simple,stem,surface,texture,trichome,type,unifoliate	.6,0.42,0.6-0.7,0.7-0.8-1.1,0.8-1-2.4,1-3,1.1-1.8-2.5,1.4-1.7,1.7-2.2,2-3-6.5,2-3.2,3-5,5-15,6-10,9-17,abaxially,abundant,acuminate,adaxially,alternate,antrorse,arrangement,attenuate,bark,branch,bud,capitate,characteristic,cm,corrugation,diameter,distal,drying,ellipsoidal,elliptical,entire,especially,exertion,glabrescent,glabrousnes,globose,half,height,herbaceous,history,lateral,life,light,linear,lobe,lobing,long,longitudinally,midpoint,mixed,moderately,na,narrowly,nerve,new,non-glandular,number,oblong,one,opposite,ovary,ovate,pair,pale,peduncle,per,pinnatifid,pinnatipartite,pinnatisect,plant,primary,prostrate,pubescent,rarely,ray,ridged,scarce,seed,segment,similar,size,slender,small,smooth,stigma,style,terminal,thicknes,trans-ovoidal,triangular,tube,tuberculate,unequal,uniseriate,value,variation,vein,violet,wide,width,winged,x,yellow	1.1-2.5,absent,appressed,articulation,bract,branching,breeding,broad-based,cell,connective,cuneate,distinct,eglandular,ellipsoid,elliptic-oblong,elongating,enlarged,flat,fleshy,fully,green,hair,hermaphroditic,heteromorphism,inflated,insertion,internodal,interpetalar,leathery,lilac,lower,marking,mature,membranous,modification,monochasial,multicellular,needle-like,non-geminate,none,odour,orientation,paired,pattern,pink,placement,pore,position,present,purple,radially,rhizome,rotate,scale,simple-lobed,simple-pinnatifid,simple-toothed,smell,spot,staman,stellate,stone,structure,symmetric,symmetry,sympodial,system,tissue,tuber,unbranched,unit,vegetative,xylopodia,zygomorphy
200	wfo-0001028131	success	52	43	7	35	107	79	0.1-0.3,absent,anther,apex,attenuate,base,berry,calyx,cell,colour,corolla,filament,form,fruit,growth,herb,inflorescence,leaf,length,margin,marking,mature,membranous,mm,orange,pedicel,petiole,prickle,purple,red,shape,stem,surface,texture,type	.5,/5,0-30,0.2-1.5,0.3-0.7,0.4-0.8,0.5-1.1,0.8-1,0.8-1.1,1-10,1.5-3,1.5-5,1.8-2.2,1/4-2/3,1/5,2-2.8,2-5,2-6.5,3-6,4-6,5-6.5,apart,apparently,arrangement,articulated,bark,branch,branched,characteristic,chartaceous,cm,concolorous,connivent,cream,curved,dark,densely,diameter,drying,dull,elongating,erect,exertion,flattened,flattened-reniform,glabrescent,glabrous,glabrousnes,green,height,history,lateral,life,like,lobe,lobed,lobing,long,maturity,mauve,narrow-obovate,narrow-ovate,new,number,obtuse,orange-brown,outline,ovary,pair,pale,pale-brown,pale-gray,peduncle,per,perennial,pit,plant,poricidal,prickly,primary,raised,rounded,seed,shiny,simple,size,small,smooth,spaced,sparsely,spherical,spreading,stellate-pubescent,style,tapering,tip,tube,unarmed,upper,vein,visible,way,wide,width,yellow,yellow-green,young							5.0-6.5,absent-inflorescence,acute,andromonoecious,appressed,articulation,basal,blue,bract,branching,breeding,broad-based,connective,cuneate,dichasial,difoliate,discrete,distinct,eglandular,enlarged,flat,fleshy,fruiting,hair,heteromorphism,inflated,insertion,interjected,internodal,interpetalar,leaflet,leathery,lilac,lower,modification,needle-like,non-geminate,none,odour,orientation,paired,pattern,pink,placement,pore,position,present,present-leaf,present-stem,pseudostipule,radially,recurved,rhizome,round,scale,simple-entire,simple-lobed,simple-toothed,smell,spot,staman,stellate,stone,structure,swollen,symmetric,symmetry,sympodial,system,tapered-lanceolate,tissue,triangular,trichome,tuber,unbranched,unit,vegetative,xylopodia,zygomorphy	17.0	83.0	97.0	0.1-0.3,absent,attenuate,base,berry,cell,fruit,herb,length,marking,mature,membranous,mm,orange,purple,red,stem	.5,/5,0-30,0.2-1.5,0.3-0.7,0.4-0.8,0.5-1.1,0.8-1,0.8-1.1,1-10,1.5-3,1.5-5,1.8-2.2,1/4-2/3,1/5,2-2.8,2-5,2-6.5,3-6,4-6,5-6.5,apart,apparently,articulated,branched,chartaceous,cm,concolorous,connivent,cream,curved,dark,densely,diameter,dull,elongating,erect,flattened,flattened-reniform,glabrescent,glabrous,green,lateral,like,lobed,long,maturity,mauve,narrow-obovate,narrow-ovate,obtuse,orange-brown,outline,pair,pale,pale-brown,pale-gray,per,perennial,pit,poricidal,prickly,raised,rounded,shiny,simple,small,smooth,spaced,sparsely,spherical,spreading,stellate-pubescent,tapering,tip,unarmed,upper,visible,way,wide,yellow,yellow-green,young	5.0-6.5,absent-inflorescence,acute,andromonoecious,anther,apex,appressed,articulation,basal,blue,bract,branching,breeding,broad-based,calyx,colour,connective,corolla,cuneate,dichasial,difoliate,discrete,distinct,eglandular,enlarged,filament,flat,fleshy,form,fruiting,growth,hair,heteromorphism,inflated,inflorescence,insertion,interjected,internodal,interpetalar,leaf,leaflet,leathery,lilac,lower,margin,modification,needle-like,non-geminate,none,odour,orientation,paired,pattern,pedicel,petiole,pink,placement,pore,position,present,present-leaf,present-stem,prickle,pseudostipule,radially,recurved,rhizome,round,scale,shape,simple-entire,simple-lobed,simple-toothed,smell,spot,staman,stellate,stone,structure,surface,swollen,symmetric,symmetry,sympodial,system,tapered-lanceolate,texture,tissue,triangular,trichome,tuber,type,unbranched,unit,vegetative,xylopodia,zygomorphy
201	wfo-0001028148	success	39	36	7	34	85	77	anther,apex,base,branch,calyx,colour,corolla,filament,form,fruit,fruiting,growth,inflorescence,interjected,leaf,leaflet,length,margin,mature,mm,pedicel,petiole,pink,prickle,pseudostipule,purple,shape,shrub,simple,stem,surface,terminal,texture,type	-6,.5-4,0.25-0.5,0.5-4,0.6-3.5,0.75-2,1-3.5,1.5,12-15,2,2.5-4,3.5-4,5-20,5-7,6-18,acute,angled,appearance,arrangement,bark,blue-black,border,branched,bud,characteristic,cm,corrugation,dark,decurrent,deltate,diameter,distal,drying,elliptic,entire,exertion,giving,glabrousnes,glaucous,globose,height,highly,history,lateral,less,life,light-colored,lobe,lobing,many-foliate,midpoint,minute,na,narrowly,new,number,obtuse,ovary,ovate,peduncle,per,plant,primary,ray,rhizomatous,ridge,ripe,scalloped,seed,size,smooth,sometimes,stigma,style,tapered,thicknes,treelet,truncate,tube,variation,vein,violet,whitish,width,x							5.0-7.0,absent,appressed,articulation,attenuate,basal,berry,black,blue,bract,branching,breeding,broad-based,cell,connective,discrete,distinct,eglandular,enlarged,flat,fleshy,fork,forked,fully,hair,hermaphroditic,heteromorphism,inflated,insertion,internodal,interpetalar,leathery,lilac,lower,marking,modification,multi-branched,multicellular,needle-like,none,odour,orientation,paired,pattern,placement,plurifoliate,pore,position,present,radially,rhizome,rotate,round,scale,simple-entire,smell,spot,staman,stellate,stone,structure,swollen,symmetric,symmetry,sympodial,system,tapered-lanceolate,tissue,tree,trichome,tuber,unit,vegetative,white,winged,xylopodia,zygomorphy	7.0	48.0	104.0	apex,mature,mm,pink,purple,shrub,simple	-6,.5-4,0.25-0.5,0.5-4,0.6-3.5,0.75-2,1-3.5,1.5,12-15,2,2.5-4,3.5-4,5-20,5-7,6-18,acute,angled,blue-black,branched,cm,dark,decurrent,deltate,elliptic,entire,glaucous,globose,highly,less,light-colored,many-foliate,minute,na,narrowly,obtuse,ovate,rhizomatous,ridge,ripe,scalloped,smooth,sometimes,tapered,treelet,truncate,violet,whitish,x	5.0-7.0,absent,anther,appressed,articulation,attenuate,basal,base,berry,black,blue,bract,branch,branching,breeding,broad-based,calyx,cell,colour,connective,corolla,discrete,distinct,eglandular,enlarged,filament,flat,fleshy,fork,forked,form,fruit,fruiting,fully,growth,hair,hermaphroditic,heteromorphism,inflated,inflorescence,insertion,interjected,internodal,interpetalar,leaf,leaflet,leathery,length,lilac,lower,margin,marking,modification,multi-branched,multicellular,needle-like,none,odour,orientation,paired,pattern,pedicel,petiole,placement,plurifoliate,pore,position,present,prickle,pseudostipule,radially,rhizome,rotate,round,scale,shape,simple-entire,smell,spot,staman,stellate,stem,stone,structure,surface,swollen,symmetric,symmetry,sympodial,system,tapered-lanceolate,terminal,texture,tissue,tree,trichome,tuber,type,unit,vegetative,white,winged,xylopodia,zygomorphy
202	wfo-0001028161	success	29	38	4	31	77	70	acute,anther,apex,base,berry,branched,calyx,cell,colour,corolla,dendritic,filament,form,fruit,fruiting,green,growth,inflorescence,leaf,length,margin,mm,pedicel,petiole,shape,shrub,stem,surface,texture,trichome,type	0.1-0.25,0.25-0.5,1-1.3,1-1.5,1.5-4.5,2-5-flowered,2-9,2.5-3,3-4,3-7,4-5,6-9,7.5-12,abaxially,acuminate,adaxially,along,arrangement,attenuate,bark,branch,brown,bud,characteristic,closely,cm,corrugation,densely,denser,dia,diameter,drying,elliptic,exertion,exserted,glabrousnes,globose,height,history,lanceolate,later,lateral,life,like,lobing,long,main,minutely,na,narrowly,new,obovoid,opposite,outline,ovary,ovoid-reniform,pale,peduncle,pitted,plant,primary,pubescent,reddish-brown,seed,simple,sinuate,size,sparsely,stigma,strongly,style,tan,tapering,thin,tube,vein,x							0.25,2.0-2.5,absent,appressed,articulation,basal,bract,branching,breeding,broad-based,connective,difoliate,discrete,distinct,elliptic-oblong,enlarged,flat,fleshy,geminate,hair,heteromorphism,inflated,insertion,interjected,interpetalar,leaf-opposed,leaflet,leathery,lower,marking,mature,membranous,modification,monochasial,needle-like,none,odour,orientation,paired,pattern,placement,pore,position,present,prickle,pseudostipule,radially,rhizome,round,scale,simple-entire,smell,spot,staman,stellate,stone,structure,swollen,symmetric,symmetry,sympodial,system,tissue,tuber,unbranched,unit,vegetative,white,xylopodia,zygomorphy	12.0	53.0	89.0	acute,base,berry,branched,cell,dendritic,green,leaf,mm,shrub,stem,trichome	0.1-0.25,0.25-0.5,1-1.3,1-1.5,1.5-4.5,2-5-flowered,2-9,2.5-3,3-4,3-7,4-5,6-9,7.5-12,abaxially,acuminate,adaxially,along,attenuate,brown,closely,cm,densely,denser,dia,elliptic,exserted,globose,lanceolate,later,lateral,like,long,main,minutely,na,narrowly,obovoid,opposite,outline,ovoid-reniform,pale,pitted,pubescent,reddish-brown,simple,sinuate,sparsely,strongly,tan,tapering,thin,vein,x	0.25,2.0-2.5,absent,anther,apex,appressed,articulation,basal,bract,branching,breeding,broad-based,calyx,colour,connective,corolla,difoliate,discrete,distinct,elliptic-oblong,enlarged,filament,flat,fleshy,form,fruit,fruiting,geminate,growth,hair,heteromorphism,inflated,inflorescence,insertion,interjected,interpetalar,leaf-opposed,leaflet,leathery,length,lower,margin,marking,mature,membranous,modification,monochasial,needle-like,none,odour,orientation,paired,pattern,pedicel,petiole,placement,pore,position,present,prickle,pseudostipule,radially,rhizome,round,scale,shape,simple-entire,smell,spot,staman,stellate,stone,structure,surface,swollen,symmetric,symmetry,sympodial,system,texture,tissue,tuber,type,unbranched,unit,vegetative,white,xylopodia,zygomorphy
203	wfo-0001028164	success	45	39	7	33	106	82	0.8-1.5,acute,anther,apex,base,berry,branch,calyx,colour,corolla,filament,form,fruit,fruiting,growth,hair,inflorescence,leaf,length,margin,membranous,mm,pedicel,petiole,red,shape,shrub,stem,surface,terminal,texture,trichome,type	/4,0.3-0.8,0.4-0.8-1,0.5-0.8,0.5-1,0.7-1.1,0.9-1.6,1-1.5,1-4.5,1/3,10-20,2.5-4.5,2.8-4,3-17,3-7,3.6-4.8,6-8,8-17,abaxially,acuminate,apically,apparently,arrangement,articulated,attenuate,bark,branched,bright,characteristic,cm,concolorous,dark,deltate,densely,diameter,drying,dull,elliptic,entire,erect,evenly,exertion,flattened-reniform,glabrescent,glabrous,glabrousnes,glandular,gray,green,height,history,lateral,life,lobing,long,long-acuminate,maturity,mauve,midvein,minute,moderately,multangulate,na,new,number,obtuse,orange-brown,ovary,pair,pale,peduncle,per,perennial,plant,poricidal,primary,recurved,red-brown,seed,sessile,shallowly,simple,size,sometimes,sparsely,spherical,stalked,stellate-pubescent,stigma,style,tapering,terete,tip,tube,unarmed,undulate,upper,variously,vein,way,white,wide,yellow,yellow-gray,yellow-green,young							2.5-4.0,absent,appressed,articulation,basal,blue,bract,branching,breeding,broad-based,cell,connective,cuneate,dichasial,difoliate,discrete,distinct,eglandular,enlarged,flat,fleshy,fork,forked,fully,hermaphroditic,heteromorphism,inflated,insertion,interjected,internodal,interpetalar,leaflet,leathery,lilac,lower,marking,mature,modification,needle-like,non-geminate,none,odour,orange,orientation,paired,pattern,pink,placement,pore,position,present,present-inflorescence,present-leaf,present-stem,prickle,pseudostipule,purple,radially,rhizome,round,scale,simple-entire,smell,spot,staman,stellate,stone,stripe,structure,swollen,symmetric,symmetry,sympodial,system,tapered-lanceolate,tissue,tuber,unbranched,unit,vegetative,xylopodia,zygomorphy	12.0	84.0	103.0	0.8-1.5,acute,base,berry,hair,membranous,mm,red,shrub,surface,terminal,trichome	/4,0.3-0.8,0.4-0.8-1,0.5-0.8,0.5-1,0.7-1.1,0.9-1.6,1-1.5,1-4.5,1/3,10-20,2.5-4.5,2.8-4,3-17,3-7,3.6-4.8,6-8,8-17,abaxially,acuminate,apically,apparently,articulated,attenuate,branched,bright,cm,concolorous,dark,deltate,densely,diameter,drying,dull,elliptic,entire,erect,evenly,flattened-reniform,glabrescent,glabrous,glandular,gray,green,lateral,long,long-acuminate,maturity,mauve,midvein,minute,moderately,multangulate,na,obtuse,orange-brown,pair,pale,perennial,poricidal,recurved,red-brown,sessile,shallowly,simple,sometimes,sparsely,spherical,stalked,stellate-pubescent,tapering,terete,tip,unarmed,undulate,upper,variously,way,white,wide,yellow,yellow-gray,yellow-green,young	2.5-4.0,absent,anther,apex,appressed,articulation,basal,blue,bract,branch,branching,breeding,broad-based,calyx,cell,colour,connective,corolla,cuneate,dichasial,difoliate,discrete,distinct,eglandular,enlarged,filament,flat,fleshy,fork,forked,form,fruit,fruiting,fully,growth,hermaphroditic,heteromorphism,inflated,inflorescence,insertion,interjected,internodal,interpetalar,leaf,leaflet,leathery,length,lilac,lower,margin,marking,mature,modification,needle-like,non-geminate,none,odour,orange,orientation,paired,pattern,pedicel,petiole,pink,placement,pore,position,present,present-inflorescence,present-leaf,present-stem,prickle,pseudostipule,purple,radially,rhizome,round,scale,shape,simple-entire,smell,spot,staman,stellate,stem,stone,stripe,structure,swollen,symmetric,symmetry,sympodial,system,tapered-lanceolate,texture,tissue,tuber,type,unbranched,unit,vegetative,xylopodia,zygomorphy
204	wfo-0001028180	invalid_json_followup	NA	38	NA	36	110	72	acute,anther,apex,base,berry,calyx,colour,corolla,filament,fleshy,form,fruit,fruiting,green,growth,inflorescence,interjected,leaf,leaflet,length,margin,mm,pedicel,petiole,prickle,pseudostipule,shape,simple,stem,surface,texture,tree,trichome,type,white,winged	.05,.5,1-1.2,1-1.5,1-1.8,1-3,15-28,2-2.2,2-3,2.5-3,20-30-flowered,3-4,4.5-5,5-6,5-8,7,abaxially,adaxially,along,alternate,anthesi,arrangement,attenuate,bark,branch,bud,capitate,characteristic,cm,conical,corrugation,cucullate,dark,deltate,densely,dia,diameter,distal,distinctly,drying,elliptic,elongate,erect,exertion,falcate,four-angled,glabrate,glabrous,glabrousnes,globose,gold,golden,height,history,irregularly,known,larger,lateral,life,lobe,lobed,lobing,long,main,midpoint,midrib,minutely,na,nearly,new,number,obscure,onto,opposite,ovary,ovoid-reniform,pale,papillose,peduncle,per,pinkish-white,pitted,planar,plant,primary,puberulent,pubescent,ray,seed,shaped,shiny,size,small,somewhat,sparsely,stigma,style,tan,tear-drop,terminal,thicknes,tip,tube,uniseriate,value,variation,vein,width,x,yellow-gray							0.05,4.5-5.0,absent,appressed,articulation,basal,blue,bract,branching,breeding,broad-based,cell,connective,cuneate,difoliate,discrete,distinct,eglandular,elliptic-oblong,enlarged,flat,geminate,hair,heteromorphism,inflated,insertion,interpetalar,leaf-opposed,leathery,lilac,lower,marking,mature,membranous,modification,monochasial,multicellular,needle-like,none,odour,orientation,paired,pattern,pink,placement,pore,position,present,purple,radially,rhizome,round,scale,simple-entire,smell,spot,staman,stellate,stone,structure,swollen,symmetric,symmetry,sympodial,system,tissue,tuber,unbranched,unit,vegetative,xylopodia,zygomorphy	36.0	110.0	72.0	acute,anther,apex,base,berry,calyx,colour,corolla,filament,fleshy,form,fruit,fruiting,green,growth,inflorescence,interjected,leaf,leaflet,length,margin,mm,pedicel,petiole,prickle,pseudostipule,shape,simple,stem,surface,texture,tree,trichome,type,white,winged	.05,.5,1-1.2,1-1.5,1-1.8,1-3,15-28,2-2.2,2-3,2.5-3,20-30-flowered,3-4,4.5-5,5-6,5-8,7,abaxially,adaxially,along,alternate,anthesi,arrangement,attenuate,bark,branch,bud,capitate,characteristic,cm,conical,corrugation,cucullate,dark,deltate,densely,dia,diameter,distal,distinctly,drying,elliptic,elongate,erect,exertion,falcate,four-angled,glabrate,glabrous,glabrousnes,globose,gold,golden,height,history,irregularly,known,larger,lateral,life,lobe,lobed,lobing,long,main,midpoint,midrib,minutely,na,nearly,new,number,obscure,onto,opposite,ovary,ovoid-reniform,pale,papillose,peduncle,per,pinkish-white,pitted,planar,plant,primary,puberulent,pubescent,ray,seed,shaped,shiny,size,small,somewhat,sparsely,stigma,style,tan,tear-drop,terminal,thicknes,tip,tube,uniseriate,value,variation,vein,width,x,yellow-gray	0.05,4.5-5.0,absent,appressed,articulation,basal,blue,bract,branching,breeding,broad-based,cell,connective,cuneate,difoliate,discrete,distinct,eglandular,elliptic-oblong,enlarged,flat,geminate,hair,heteromorphism,inflated,insertion,interpetalar,leaf-opposed,leathery,lilac,lower,marking,mature,membranous,modification,monochasial,multicellular,needle-like,none,odour,orientation,paired,pattern,pink,placement,pore,position,present,purple,radially,rhizome,round,scale,simple-entire,smell,spot,staman,stellate,stone,structure,swollen,symmetric,symmetry,sympodial,system,tissue,tuber,unbranched,unit,vegetative,xylopodia,zygomorphy
205	wfo-0001028182	success	34	37	4	31	73	72	0.5-0.6,anther,apex,base,calyx,colour,cordate,corolla,filament,form,fruit,fruiting,growth,inflorescence,leaf,length,margin,mm,pedicel,petiole,shape,shrub,simple,stem,surface,texture,trichome,truncate,type,unifoliate,white	0.1-0.2,0.5-1,0.8-1,0.9-1,1-1.5,2-2.5,2-6.5,3-5,4-6,6-9,arching,arrangement,bark,beneath,branch,brown,bud,capitate,characteristic,ciliate,cm,conical,corrugation,diameter,drying,ellipsoid,exertion,filiform,glabrous,glabrousnes,globose,grey,height,hemiautotrophic,history,later,lateral,lax,life,lobed,lobing,long,long-acuminate,main,na,narrowly,nearly,new,number,obovoid,ovary,ovate,pair,peduncle,per,plant,poricidal,primary,pubescent,seed,shiny,size,slender,somewhat,sparsely,stigma,style,tip,tube,uniseriate,vein,x,young							2.0-2.5,absent,appressed,articulation,basal,berry,bract,branching,breeding,broad-based,cell,connective,discrete,distinct,eglandular,elliptic-oblong,enlarged,epiphyte,flat,fleshy,hair,hemiepiphyte,heteromorphism,inflated,insertion,interjected,internodal,interpetalar,leaf-opposed,leaflet,leathery,lower,marking,mature,membranous,modification,monochasial,multicellular,needle-like,none,odour,orientation,paired,pattern,placement,pore,position,prickle,pseudostipule,radially,rhizome,round,scale,simple-entire,smell,spot,staman,stellate,stone,structure,swollen,symmetric,symmetry,sympodial,system,tissue,tuber,unbranched,unit,vegetative,xylopodia,zygomorphy	10.0	47.0	93.0	0.5-0.6,base,cordate,mm,shrub,simple,trichome,truncate,unifoliate,white	0.1-0.2,0.5-1,0.8-1,0.9-1,1-1.5,2-2.5,2-6.5,3-5,4-6,6-9,arching,beneath,brown,capitate,ciliate,cm,conical,ellipsoid,filiform,glabrous,globose,grey,hemiautotrophic,later,lateral,lax,lobed,long,long-acuminate,main,na,narrowly,nearly,obovoid,ovate,pair,poricidal,pubescent,shiny,slender,somewhat,sparsely,tip,uniseriate,vein,x,young	2.0-2.5,absent,anther,apex,appressed,articulation,basal,berry,bract,branching,breeding,broad-based,calyx,cell,colour,connective,corolla,discrete,distinct,eglandular,elliptic-oblong,enlarged,epiphyte,filament,flat,fleshy,form,fruit,fruiting,growth,hair,hemiepiphyte,heteromorphism,inflated,inflorescence,insertion,interjected,internodal,interpetalar,leaf,leaf-opposed,leaflet,leathery,length,lower,margin,marking,mature,membranous,modification,monochasial,multicellular,needle-like,none,odour,orientation,paired,pattern,pedicel,petiole,placement,pore,position,prickle,pseudostipule,radially,rhizome,round,scale,shape,simple-entire,smell,spot,staman,stellate,stem,stone,structure,surface,swollen,symmetric,symmetry,sympodial,system,texture,tissue,tuber,type,unbranched,unit,vegetative,xylopodia,zygomorphy
206	wfo-0001028183	success	44	40	8	35	101	75	2.8-4.2,anther,apex,base,berry,branch,calyx,colour,corolla,filament,form,fruit,growth,inflorescence,interjected,leaf,leaflet,length,margin,mm,pedicel,petiole,prickle,pseudostipule,purple,shape,shrub,simple,stem,surface,terminal,texture,tree,type,white	-10,0.2-0.5,0.5-2.5,0.7-1.2,0.7-2,1.1-1.8,1.2-1.4,1.3-1.7,10-15,11-30,2-4.2,2-5,2.2-5.7,2.5-4.1,3.2-6.4,4.5-9,5.2-6.2,6.6-20,9-13,abaxially,adaxially,appearance,arrangement,attenuate,bark,blunt-tipped,border,branched,bud,capitate,characteristic,cm,cuneate,deltoid,diameter,distal,dull,elliptic,elongated,entire,exertion,exserted,flower,giving,glabrescent,glabrous,glabrousnes,globose,granular-punctate,height,history,lanceolate,lateral,life,lobe,lobing,many,midpoint,midrib,na,narrowly,nearly,new,number,oblong,obovoid,orangish-tan,ovary,ovate-lanceolate,peduncle,per,perennial,plant,primary,pseudoterminal,pubescent,ray,reticulate-punctate,ripe,scabrous,seed,side,size,soon,sparely,spherical,stigma,streak,style,sub-lenticular,tan,terete,thicknes,time,unarmed,variation,vein,violet,width,x,yellowish							0.7-2.0,absent,acute,appressed,articulation,basal,blue,bract,branching,breeding,broad-based,cell,connective,dichasial,distinct,eglandular,elliptic-oblong,elongating,enlarged,flat,fleshy,fork,fruiting,fully,hair,hermaphroditic,heteromorphism,inflated,insertion,interpetalar,leathery,lilac,lower,marking,mature,membranous,modification,multi-branched,multicellular,needle-like,none,odour,orientation,paired,pattern,pink,placement,plurifoliate,pore,position,present,radially,rhizome,round,scale,simple-entire,smell,spot,staman,stellate,stone,structure,swollen,symmetric,symmetry,sympodial,system,tissue,trichome,tuber,unit,vegetative,winged,xylopodia,zygomorphy	10.0	68.0	100.0	2.8-4.2,berry,calyx,fruit,mm,purple,shrub,simple,tree,white	-10,0.2-0.5,0.5-2.5,0.7-1.2,0.7-2,1.1-1.8,1.2-1.4,1.3-1.7,10-15,11-30,2-4.2,2-5,2.2-5.7,2.5-4.1,3.2-6.4,4.5-9,5.2-6.2,6.6-20,9-13,abaxially,adaxially,attenuate,blunt-tipped,branched,capitate,cm,cuneate,deltoid,diameter,dull,elliptic,elongated,entire,exserted,flower,glabrescent,glabrous,globose,granular-punctate,lanceolate,many,midrib,na,narrowly,nearly,oblong,obovoid,orangish-tan,ovate-lanceolate,perennial,pseudoterminal,pubescent,reticulate-punctate,ripe,scabrous,side,soon,sparely,spherical,streak,sub-lenticular,tan,terete,time,unarmed,violet,x,yellowish	0.7-2.0,absent,acute,anther,apex,appressed,articulation,basal,base,blue,bract,branch,branching,breeding,broad-based,cell,colour,connective,corolla,dichasial,distinct,eglandular,elliptic-oblong,elongating,enlarged,filament,flat,fleshy,fork,form,fruiting,fully,growth,hair,hermaphroditic,heteromorphism,inflated,inflorescence,insertion,interjected,interpetalar,leaf,leaflet,leathery,length,lilac,lower,margin,marking,mature,membranous,modification,multi-branched,multicellular,needle-like,none,odour,orientation,paired,pattern,pedicel,petiole,pink,placement,plurifoliate,pore,position,present,prickle,pseudostipule,radially,rhizome,round,scale,shape,simple-entire,smell,spot,staman,stellate,stem,stone,structure,surface,swollen,symmetric,symmetry,sympodial,system,terminal,texture,tissue,trichome,tuber,type,unit,vegetative,winged,xylopodia,zygomorphy
207	wfo-0001028227	invalid_json_followup	NA	38	NA	39	113	72	0.8-1.4,acute,anther,apex,base,berry,branch,brown,calyx,colour,corolla,cuneate,filament,fleshy,form,fruit,fruiting,growth,inflorescence,interjected,leaf,leaflet,length,margin,mm,pedicel,petiole,prickle,pseudostipule,purple,shape,shrub,stem,surface,terminal,texture,tree,type,yellow	0.2-0.3,0.2-0.4,0.9-1.4,1-1.7,1-4.2-6.2,1.2-2,1.3-4,1.5-2.3,1.7-2.8,1/2,1/2-3/4,10,10-24,11-15,2-12,2.5-7.8,3-4.9,3.7-7,4.8-7.6,6.7-15,abaxially,acuminate,adaxially,anthesi,arrangement,attenuate,bark,blunt-tipped,branched,brownish,bud,c.,characteristic,cm,corrugation,dark,decurrent,deltoid,diameter,distal,early,elliptic,elongate,ength,entire,exertion,exserted,glabrous,glabrousnes,globose,granular-tomentose,gray,grayish,green,height,history,lateral,less,life,lobe,lobing,long,many,midpoint,midrib,na,new,number,oblong,oblong-lanceolate,obtuse,orangish-tan,orbicular,ovary,ovate-lanceolate,pale,peduncle,per,perennial,plant,primary,pseudoterminal,pubescent,ray,reticulate-punctate,ripe,scabridulous,seed,side,simple,size,slightly,sparsely,stigma,style,subcampanulate,sublenticular,subspherical,sulcate,thicknes,time,tomentose,tube,unarmed,value,variation,vein,velutinous,violet,way,width,x,yellowish							3.0-4.9,absent,appressed,articulation,basal,blue,bract,branching,breeding,broad-based,cell,connective,dichasial,distinct,eglandular,elliptic-oblong,elongating,enlarged,flat,fork,fully,hair,hermaphroditic,heteromorphism,inflated,insertion,interpetalar,leathery,lilac,lower,marking,mature,membranous,modification,multi-branched,needle-like,none,odour,orientation,paired,pattern,pink,placement,plurifoliate,pore,position,present,present-single,radially,rhizome,round,scale,simple-entire,smell,spot,staman,stellate,stone,structure,swollen,symmetric,symmetry,sympodial,system,tissue,trichome,tuber,unit,vegetative,winged,xylopodia,zygomorphy	39.0	113.0	72.0	0.8-1.4,acute,anther,apex,base,berry,branch,brown,calyx,colour,corolla,cuneate,filament,fleshy,form,fruit,fruiting,growth,inflorescence,interjected,leaf,leaflet,length,margin,mm,pedicel,petiole,prickle,pseudostipule,purple,shape,shrub,stem,surface,terminal,texture,tree,type,yellow	0.2-0.3,0.2-0.4,0.9-1.4,1-1.7,1-4.2-6.2,1.2-2,1.3-4,1.5-2.3,1.7-2.8,1/2,1/2-3/4,10,10-24,11-15,2-12,2.5-7.8,3-4.9,3.7-7,4.8-7.6,6.7-15,abaxially,acuminate,adaxially,anthesi,arrangement,attenuate,bark,blunt-tipped,branched,brownish,bud,c.,characteristic,cm,corrugation,dark,decurrent,deltoid,diameter,distal,early,elliptic,elongate,ength,entire,exertion,exserted,glabrous,glabrousnes,globose,granular-tomentose,gray,grayish,green,height,history,lateral,less,life,lobe,lobing,long,many,midpoint,midrib,na,new,number,oblong,oblong-lanceolate,obtuse,orangish-tan,orbicular,ovary,ovate-lanceolate,pale,peduncle,per,perennial,plant,primary,pseudoterminal,pubescent,ray,reticulate-punctate,ripe,scabridulous,seed,side,simple,size,slightly,sparsely,stigma,style,subcampanulate,sublenticular,subspherical,sulcate,thicknes,time,tomentose,tube,unarmed,value,variation,vein,velutinous,violet,way,width,x,yellowish	3.0-4.9,absent,appressed,articulation,basal,blue,bract,branching,breeding,broad-based,cell,connective,dichasial,distinct,eglandular,elliptic-oblong,elongating,enlarged,flat,fork,fully,hair,hermaphroditic,heteromorphism,inflated,insertion,interpetalar,leathery,lilac,lower,marking,mature,membranous,modification,multi-branched,needle-like,none,odour,orientation,paired,pattern,pink,placement,plurifoliate,pore,position,present,present-single,radially,rhizome,round,scale,simple-entire,smell,spot,staman,stellate,stone,structure,swollen,symmetric,symmetry,sympodial,system,tissue,trichome,tuber,unit,vegetative,winged,xylopodia,zygomorphy
208	wfo-0001028228	invalid_json_followup	NA	38	NA	40	102	63	acute,anther,apex,base,berry,calyx,colour,coriaceous,corolla,difoliate,filament,form,fruit,fruiting,geminate,green,growth,inflorescence,interjected,leaf,leaflet,length,margin,mm,pedicel,petiole,pore,prickle,pseudostipule,shape,shrub,simple,stem,surface,sympodial,texture,tree,type,unit,white	.5,0.1-1.7,0.75,1-1.5,1.1-1.2,1.2-1.8,1.5-2,1.8-3.4,10-30-flowered,2,2-8,2.8-6.5,3/4,6-7,6-8,7.5-12.5,abruptly,age,area,arrangement,bark,becoming,branch,brown,bud,characteristic,clavate,cm,corrugation,dark,deflexed,dia,diameter,distal,dry,drying,elliptic,exertion,exserted,glabrous,glabrousnes,globose,greenish-yellow,height,history,lateral,life,lobe,lobed,lobing,long,main,material,midpoint,minute,minutely,na,narrowing,new,number,obovate,occasionally,ovary,ovoid,ovoid-reniform,pair,pale,papillose,peduncle,per,perennial,plant,poricidal,portion,primary,ray,reticulate,rounded,seed,shaped,shining,size,slender,small,stigma,straight,style,tapering,tear-drop,terminal,thickened,thicknes,tip,tube,usually,value,variation,vein,way,width,x,young							1.5,3.5,absent,appressed,articulation,basal,bract,branching,breeding,broad-based,cell,connective,discrete,distinct,eglandular,elliptic-oblong,enlarged,flat,fleshy,hair,heteromorphism,inflated,insertion,interpetalar,leaf-opposed,leathery,lower,marking,mature,modification,monochasial,multicellular,needle-like,none,odour,orientation,paired,pattern,placement,position,present,radially,rhizome,round,scale,simple-entire,smell,spot,staman,stellate,stone,structure,swollen,symmetric,symmetry,system,tissue,trichome,tuber,unbranched,vegetative,xylopodia,zygomorphy	40.0	102.0	63.0	acute,anther,apex,base,berry,calyx,colour,coriaceous,corolla,difoliate,filament,form,fruit,fruiting,geminate,green,growth,inflorescence,interjected,leaf,leaflet,length,margin,mm,pedicel,petiole,pore,prickle,pseudostipule,shape,shrub,simple,stem,surface,sympodial,texture,tree,type,unit,white	.5,0.1-1.7,0.75,1-1.5,1.1-1.2,1.2-1.8,1.5-2,1.8-3.4,10-30-flowered,2,2-8,2.8-6.5,3/4,6-7,6-8,7.5-12.5,abruptly,age,area,arrangement,bark,becoming,branch,brown,bud,characteristic,clavate,cm,corrugation,dark,deflexed,dia,diameter,distal,dry,drying,elliptic,exertion,exserted,glabrous,glabrousnes,globose,greenish-yellow,height,history,lateral,life,lobe,lobed,lobing,long,main,material,midpoint,minute,minutely,na,narrowing,new,number,obovate,occasionally,ovary,ovoid,ovoid-reniform,pair,pale,papillose,peduncle,per,perennial,plant,poricidal,portion,primary,ray,reticulate,rounded,seed,shaped,shining,size,slender,small,stigma,straight,style,tapering,tear-drop,terminal,thickened,thicknes,tip,tube,usually,value,variation,vein,way,width,x,young	1.5,3.5,absent,appressed,articulation,basal,bract,branching,breeding,broad-based,cell,connective,discrete,distinct,eglandular,elliptic-oblong,enlarged,flat,fleshy,hair,heteromorphism,inflated,insertion,interpetalar,leaf-opposed,leathery,lower,marking,mature,modification,monochasial,multicellular,needle-like,none,odour,orientation,paired,pattern,placement,position,present,radially,rhizome,round,scale,simple-entire,smell,spot,staman,stellate,stone,structure,swollen,symmetric,symmetry,system,tissue,trichome,tuber,unbranched,vegetative,xylopodia,zygomorphy
209	wfo-0001028263	success	38	40	9	37	89	82	acute,anther,apex,base,branch,calyx,colour,corolla,cuneate,distal,filament,flat,form,fruit,fruiting,green,growth,inflorescence,interjected,leaf,leaflet,length,margin,mm,monochasial,ovoid,pedicel,petiole,prickle,pseudostipule,rotate,shape,stem,surface,terminal,texture,type	0.25,1-2,1-3,1-4,11-13,11-23,14-44,2-4,2.6,3,3.4,3.5-4.2,5-7,5-7.5,6,6-8,8-19,9,abaxially,acumen,acuminate,adaxially,appearance,arrangement,articulate,atenuate,bark,border,branched,broadly,bud,characteristic,cm,conical,cordate,corrugation,cyme,darker,deep,diameter,dichasial,dichasially,drying,ebracteate,elliptical,exertion,giving,glabrousnes,globose,green-white,height,herbaceous,history,lateral,life,light,lobe,lobing,long,medium,midpoint,mucilaginous,na,new,number,oblique,odd-pinnate,ovary,ovate,peduncle,per,perennial,plant,primary,puberulent,pubescent,ray,seed,size,stigma,strigose,style,thicknes,tube,variation,vein,violet,wide,width							1.0-4.0,1/2,1/4-1/2,6.0,absent,appressed,articulation,asymmetric,basal,berry,blue,bract,branching,breeding,broad-based,cell,compound-entire,connective,distinct,eglandular,elliptic-oblong,elongating,enlarged,fleshy,fork,forked,fully,hair,herb,hermaphroditic,heteromorphism,inflated,insertion,interpetalar,leathery,lilac,lower,marking,mature,membranous,modification,multi-branched,multicellular,needle-like,none,odour,orientation,paired,pattern,pink,placement,plurifoliate,pore,position,present,present-pair,purple,radially,rhizome,rounded,scale,simple,smell,spot,staman,stellate,stone,structure,swollen,symmetric,symmetry,sympodial,system,tissue,trichome,trifoliate,truncate,tuber,unit,vegetative,xylopodia,zygomorphy	8.0	53.0	111.0	acute,cuneate,flat,green,mm,monochasial,ovoid,rotate	0.25,1-2,1-3,1-4,11-13,11-23,14-44,2-4,2.6,3,3.4,3.5-4.2,5-7,5-7.5,6,6-8,8-19,9,abaxially,acumen,acuminate,adaxially,articulate,atenuate,branched,broadly,cm,conical,cordate,cyme,darker,deep,dichasial,dichasially,ebracteate,elliptical,globose,green-white,herbaceous,light,long,medium,mucilaginous,na,oblique,odd-pinnate,ovate,perennial,puberulent,pubescent,strigose,violet,wide	1.0-4.0,1/2,1/4-1/2,6.0,absent,anther,apex,appressed,articulation,asymmetric,basal,base,berry,blue,bract,branch,branching,breeding,broad-based,calyx,cell,colour,compound-entire,connective,corolla,distal,distinct,eglandular,elliptic-oblong,elongating,enlarged,filament,fleshy,fork,forked,form,fruit,fruiting,fully,growth,hair,herb,hermaphroditic,heteromorphism,inflated,inflorescence,insertion,interjected,interpetalar,leaf,leaflet,leathery,length,lilac,lower,margin,marking,mature,membranous,modification,multi-branched,multicellular,needle-like,none,odour,orientation,paired,pattern,pedicel,petiole,pink,placement,plurifoliate,pore,position,present,present-pair,prickle,pseudostipule,purple,radially,rhizome,rounded,scale,shape,simple,smell,spot,staman,stellate,stem,stone,structure,surface,swollen,symmetric,symmetry,sympodial,system,terminal,texture,tissue,trichome,trifoliate,truncate,tuber,type,unit,vegetative,xylopodia,zygomorphy
210	wfo-0001028280	success	22	35	4	27	63	67	anther,apex,base,berry,calyx,colour,corolla,filament,form,fruit,fruiting,green,growth,inflorescence,leaf,length,margin,pedicel,petiole,shape,shrub,stem,surface,texture,type,unifoliate,winged	.5,0.7-1,1-2,1-2-flowered,1.5-2.7,2-2.5,2-3,6-9,7-8,acuminate,arching,arrangement,attenuate,bark,branch,brown,bud,characteristic,ciliate,cm,completely,corrugation,dark,decurrent,dia,diameter,drying,elliptic,exertion,flattened,glabrous,glabrousnes,globose,height,history,immature,lanceolate,lateral,life,lobing,long,main,minutely,mm,na,narrowly,new,number,onto,ovary,pair,peduncle,per,plant,primary,seed,simple,size,stigma,style,tube,vein,x							absent,appressed,articulation,basal,bract,branching,breeding,broad-based,cell,connective,cuneate,distinct,elliptic-oblong,enlarged,flat,fleshy,hair,heteromorphism,inflated,insertion,interjected,interpetalar,leaf-opposed,leaflet,leathery,lower,marking,mature,membranous,modification,monochasial,needle-like,none,odour,orientation,paired,pattern,placement,pore,position,prickle,pseudostipule,radially,rhizome,round,scale,simple-entire,smell,spot,staman,stellate,stone,structure,swollen,symmetric,symmetry,sympodial,system,tissue,trichome,tuber,unbranched,unit,vegetative,white,xylopodia,zygomorphy	8.0	37.0	86.0	apex,base,berry,green,petiole,shrub,unifoliate,winged	.5,0.7-1,1-2,1-2-flowered,1.5-2.7,2-2.5,2-3,6-9,7-8,acuminate,arching,attenuate,brown,ciliate,cm,completely,dark,decurrent,dia,elliptic,flattened,glabrous,globose,immature,lanceolate,lateral,long,main,minutely,mm,na,narrowly,onto,pair,simple,vein,x	absent,anther,appressed,articulation,basal,bract,branching,breeding,broad-based,calyx,cell,colour,connective,corolla,cuneate,distinct,elliptic-oblong,enlarged,filament,flat,fleshy,form,fruit,fruiting,growth,hair,heteromorphism,inflated,inflorescence,insertion,interjected,interpetalar,leaf,leaf-opposed,leaflet,leathery,length,lower,margin,marking,mature,membranous,modification,monochasial,needle-like,none,odour,orientation,paired,pattern,pedicel,placement,pore,position,prickle,pseudostipule,radially,rhizome,round,scale,shape,simple-entire,smell,spot,staman,stellate,stem,stone,structure,surface,swollen,symmetric,symmetry,sympodial,system,texture,tissue,trichome,tuber,type,unbranched,unit,vegetative,white,xylopodia,zygomorphy
211	wfo-0001028281	success	45	41	8	34	116	80	anther,apex,base,calyx,cell,colour,corolla,distal,filament,form,fruit,fruiting,green,growth,inflorescence,interjected,leaf,leaflet,length,margin,mm,pedicel,petiole,prickle,pseudostipule,shape,shrub,stem,surface,texture,trichome,type,vine,yellow	-3,-5,0.2-0.3,0.2-0.5-1,0.3-1,0.5-0.7,0.5-1,0.7-2.5-7,0.75-1,1-1.5,1-2,1-3,1-5,1.0-1.6,1.1-1.4,1.1-2.4,1.7-2.5,10-18,2-4,2-6.5-10,2-locular,2.1-3.0,2.5-6-15,20-30,3-16-20,3-8.5,6,7-30-36,abaxially,acuminate,acute,almost,anthesi,arrangement,bark,basiscopically,bracteate,branch,brown,bud,capitate,characteristic,cm,conical,corrugation,dark,deep,densely,diameter,doubly,dry,drying,elliptic,elongate,entire,exerted,exertion,extended,flower,glabrous,glabrousnes,globose,golden,hair-like,half,halfway,height,history,imparipinnate,interrupted,lateral,life,like,lobe,lobing,long,material,midpoint,na,narrowly,new,oblique,obovate,occasionally,once-branched,outgrowth,ovary,ovate,pale,peduncle,perennial,plant,primary,proximal,pubescent,ray,regularly,seed,serrate,size,small,sometimes,sparsely,stigma,stripe,style,terminal,testa,thick,thicknes,tube,variation,vein,wall,wide,width							0.5-1.0,1/2,7.5-10.0,absent,appressed,articulation,asymmetric,berry,bract,branching,breeding,broad-based,compound-toothed,connective,cordate,dendritic,distinct,eglandular,elongated,elongating,enlarged,flat,fleshy,forked,fully,glandular,hair,herb,herbaceous,hermaphroditic,heteromorphism,inflated,insertion,internodal,interpetalar,leathery,lower,marking,mature,membranous,modification,monochasial,multicellular,needle-like,none,odour,orientation,paired,pattern,placement,pore,position,present,present-pair,radially,rhizome,rotate,round,rounded,scale,simple,smell,spot,staman,stellate,stone,structure,swollen,symmetric,symmetry,sympodial,system,tapered-lanceolate,tissue,trifoliate,tuber,unit,vegetative,xylopodia,zygomorphy	11.0	86.0	103.0	apex,base,calyx,cell,distal,green,mm,shrub,trichome,vine,yellow	-3,-5,0.2-0.3,0.2-0.5-1,0.3-1,0.5-0.7,0.5-1,0.7-2.5-7,0.75-1,1-1.5,1-2,1-3,1-5,1.0-1.6,1.1-1.4,1.1-2.4,1.7-2.5,10-18,2-4,2-6.5-10,2-locular,2.1-3.0,2.5-6-15,20-30,3-16-20,3-8.5,6,7-30-36,abaxially,acuminate,acute,almost,anthesi,basiscopically,bracteate,brown,capitate,cm,conical,dark,deep,densely,diameter,doubly,dry,elliptic,elongate,entire,exerted,extended,flower,glabrous,globose,golden,hair-like,half,halfway,imparipinnate,interrupted,lateral,like,long,material,na,narrowly,oblique,obovate,occasionally,once-branched,outgrowth,ovary,ovate,pale,perennial,proximal,pubescent,regularly,serrate,small,sometimes,sparsely,stripe,testa,thick,wall,wide	0.5-1.0,1/2,7.5-10.0,absent,anther,appressed,articulation,asymmetric,berry,bract,branching,breeding,broad-based,colour,compound-toothed,connective,cordate,corolla,dendritic,distinct,eglandular,elongated,elongating,enlarged,filament,flat,fleshy,forked,form,fruit,fruiting,fully,glandular,growth,hair,herb,herbaceous,hermaphroditic,heteromorphism,inflated,inflorescence,insertion,interjected,internodal,interpetalar,leaf,leaflet,leathery,length,lower,margin,marking,mature,membranous,modification,monochasial,multicellular,needle-like,none,odour,orientation,paired,pattern,pedicel,petiole,placement,pore,position,present,present-pair,prickle,pseudostipule,radially,rhizome,rotate,round,rounded,scale,shape,simple,smell,spot,staman,stellate,stem,stone,structure,surface,swollen,symmetric,symmetry,sympodial,system,tapered-lanceolate,texture,tissue,trifoliate,tuber,type,unit,vegetative,xylopodia,zygomorphy
212	wfo-0001028317	invalid_json_followup	NA	43	NA	42	110	81	0.1-0.3,absent,anther,apex,base,berry,branch,calyx,colour,corolla,cuneate,filament,form,fruit,fruiting,growth,herb,inflorescence,interjected,leaf,leaflet,length,margin,marking,mm,pedicel,petiole,prickle,pseudostipule,purple,red,shape,shrub,simple,stem,straight,surface,terminal,texture,truncate,type,white	-1.5,-5,/5,0,0.3-0.4,0.3-1,0.6-0.8,0.6-1.2,0.6-1.5,0.8-1.1,0.8-2.5,1-1.3,1-3,1-4,1.1-1.9,1.4-2,1/5,2-2.8,2.5-6.5,2.8-3.3,3-10,3-4,4-6,5-8,acute,almost,apart,apparently,arrangement,articulated,bark,branched,bright,brown,bud,characteristic,chartaceous,cm,concolorous,corrugation,cream,curved,dark,densely,diameter,distal,drying,dull,erect,exertion,flattened-reniform,glabrous,glabrousnes,gray,green,height,history,lanceolate,lateral,life,lobed,lobing,long,maturity,mauve,midpoint,moderately,na,new,number,obtuse,orange-brown,ovary,ovate,pair,pale,peduncle,per,perennial,plant,poricidal,prickly,primary,ray,reflexed,seed,size,sometimes,spaced,sparsely,spherical,spreading,stellate-pubescent,stigma,style,tapering,thicknes,tip,tube,unarmed,upper,value,variation,vein,way,wide,width,yellow,yellow-green,young							5.0-8.0,absent-inflorescence,appressed,articulation,basal,blue,bract,branching,breeding,broad-based,cell,connective,dichasial,difoliate,discrete,distinct,eglandular,enlarged,flat,fleshy,fork,fully,hair,herbaceous,hermaphroditic,heteromorphism,inflated,insertion,internodal,interpetalar,leathery,lilac,lower,mature,membranous,modification,multicellular,needle-like,non-geminate,none,odour,orange,orientation,paired,pattern,pink,placement,pore,position,present,present-leaf,present-stem,radially,recurved,rhizome,round,scale,simple-lobed,smell,spot,staman,stellate,stone,structure,swollen,symmetric,symmetry,sympodial,system,tapered-lanceolate,tissue,triangular,trichome,tuber,unbranched,unit,vegetative,vine,woody,xylopodia,zygomorphy	42.0	110.0	81.0	0.1-0.3,absent,anther,apex,base,berry,branch,calyx,colour,corolla,cuneate,filament,form,fruit,fruiting,growth,herb,inflorescence,interjected,leaf,leaflet,length,margin,marking,mm,pedicel,petiole,prickle,pseudostipule,purple,red,shape,shrub,simple,stem,straight,surface,terminal,texture,truncate,type,white	-1.5,-5,/5,0,0.3-0.4,0.3-1,0.6-0.8,0.6-1.2,0.6-1.5,0.8-1.1,0.8-2.5,1-1.3,1-3,1-4,1.1-1.9,1.4-2,1/5,2-2.8,2.5-6.5,2.8-3.3,3-10,3-4,4-6,5-8,acute,almost,apart,apparently,arrangement,articulated,bark,branched,bright,brown,bud,characteristic,chartaceous,cm,concolorous,corrugation,cream,curved,dark,densely,diameter,distal,drying,dull,erect,exertion,flattened-reniform,glabrous,glabrousnes,gray,green,height,history,lanceolate,lateral,life,lobed,lobing,long,maturity,mauve,midpoint,moderately,na,new,number,obtuse,orange-brown,ovary,ovate,pair,pale,peduncle,per,perennial,plant,poricidal,prickly,primary,ray,reflexed,seed,size,sometimes,spaced,sparsely,spherical,spreading,stellate-pubescent,stigma,style,tapering,thicknes,tip,tube,unarmed,upper,value,variation,vein,way,wide,width,yellow,yellow-green,young	5.0-8.0,absent-inflorescence,appressed,articulation,basal,blue,bract,branching,breeding,broad-based,cell,connective,dichasial,difoliate,discrete,distinct,eglandular,enlarged,flat,fleshy,fork,fully,hair,herbaceous,hermaphroditic,heteromorphism,inflated,insertion,internodal,interpetalar,leathery,lilac,lower,mature,membranous,modification,multicellular,needle-like,non-geminate,none,odour,orange,orientation,paired,pattern,pink,placement,pore,position,present,present-leaf,present-stem,radially,recurved,rhizome,round,scale,simple-lobed,smell,spot,staman,stellate,stone,structure,swollen,symmetric,symmetry,sympodial,system,tapered-lanceolate,tissue,triangular,trichome,tuber,unbranched,unit,vegetative,vine,woody,xylopodia,zygomorphy
213	wfo-0001028323	invalid_json_followup	NA	39	NA	39	103	73	absent,acute,anther,apex,base,berry,calyx,colour,corolla,ellipsoid,filament,fleshy,form,fruit,fruiting,growth,inflorescence,interjected,internodal,leaf,leaf-opposed,leaflet,length,margin,mm,ovoid,pedicel,petiole,prickle,pseudostipule,shape,shrub,simple,stem,surface,texture,trichome,type,white	0.2-1,0.4-1.3,0.5,0.6-1,0.8,0.9-1.2,1-1.2,1-1.5,1.1-4.5,1.5,1.5-2.5,2-3,2-9,3,3.5-4,5-6,7.5-9,abaxially,anthesi,appearance,arrangement,attenuate,bark,blue-green,border,branch,brown,bud,c.,capitate,characteristic,cm,conical,corrugation,cup-shaped,dark,densely,diameter,distal,drying,elliptic,entire,erect,exertion,fading,giving,glabrescent,glabrous,glabrousnes,globose,grey,height,history,included,lateral,less,life,like,lobe,lobing,maturity,midpoint,minutely,na,new,number,ovary,pair,pale,peduncle,per,perennial,pitted,plant,poricidal,primary,pubescent,ray,reddish,revolute,rounded,seed,shiny,shoot,short,size,sometimes,somewhat,sparsely,stigma,style,terminal,thicknes,tip,tube,uniseriate,value,variation,vein,violet,way,width,x							1.0-1.5,3.5-4.0,appressed,articulation,basal,blue,bract,branched,branching,breeding,broad-based,cell,connective,coriaceous,cuneate,dendritic,discrete,distinct,eglandular,elliptic-oblong,enlarged,flat,fully,hair,hermaphroditic,heteromorphism,inflated,insertion,interpetalar,leathery,lilac,lower,marking,mature,modification,monochasial,multicellular,needle-like,none,odour,orientation,paired,pattern,pink,placement,plurifoliate,pore,position,present,purple,radially,rhizome,rotate,scale,simple-entire,smell,spot,staman,stellate,stone,structure,swollen,symmetric,symmetry,sympodial,system,tissue,tuber,unbranched,unit,vegetative,xylopodia,zygomorphy	39.0	103.0	73.0	absent,acute,anther,apex,base,berry,calyx,colour,corolla,ellipsoid,filament,fleshy,form,fruit,fruiting,growth,inflorescence,interjected,internodal,leaf,leaf-opposed,leaflet,length,margin,mm,ovoid,pedicel,petiole,prickle,pseudostipule,shape,shrub,simple,stem,surface,texture,trichome,type,white	0.2-1,0.4-1.3,0.5,0.6-1,0.8,0.9-1.2,1-1.2,1-1.5,1.1-4.5,1.5,1.5-2.5,2-3,2-9,3,3.5-4,5-6,7.5-9,abaxially,anthesi,appearance,arrangement,attenuate,bark,blue-green,border,branch,brown,bud,c.,capitate,characteristic,cm,conical,corrugation,cup-shaped,dark,densely,diameter,distal,drying,elliptic,entire,erect,exertion,fading,giving,glabrescent,glabrous,glabrousnes,globose,grey,height,history,included,lateral,less,life,like,lobe,lobing,maturity,midpoint,minutely,na,new,number,ovary,pair,pale,peduncle,per,perennial,pitted,plant,poricidal,primary,pubescent,ray,reddish,revolute,rounded,seed,shiny,shoot,short,size,sometimes,somewhat,sparsely,stigma,style,terminal,thicknes,tip,tube,uniseriate,value,variation,vein,violet,way,width,x	1.0-1.5,3.5-4.0,appressed,articulation,basal,blue,bract,branched,branching,breeding,broad-based,cell,connective,coriaceous,cuneate,dendritic,discrete,distinct,eglandular,elliptic-oblong,enlarged,flat,fully,hair,hermaphroditic,heteromorphism,inflated,insertion,interpetalar,leathery,lilac,lower,marking,mature,modification,monochasial,multicellular,needle-like,none,odour,orientation,paired,pattern,pink,placement,plurifoliate,pore,position,present,purple,radially,rhizome,rotate,scale,simple-entire,smell,spot,staman,stellate,stone,structure,swollen,symmetric,symmetry,sympodial,system,tissue,tuber,unbranched,unit,vegetative,xylopodia,zygomorphy
214	wfo-0001028329	success	45	38	7	33	128	76	0.9-1.3,anther,apex,base,berry,branch,calyx,colour,corolla,filament,fleshy,form,fruit,fruiting,growth,hair,inflorescence,leaf,length,margin,mm,pedicel,petiole,shape,shrub,simple,stem,surface,texture,tree,type,white,yellow	.5-3,0-100,0.2-0.3,0.8-1.1,0.8-1.4,1-6,1.0-1.4,1.3-1.8,1.5-2.3,10-34,12,3-14,3-8,4-15,5-10,6-8,6-9,abaxially,acuminate,acute,adaxially,angled,anthesi,apart,arrangement,articulated,asperous,bark,becoming,blunt-tipped,branched,brown,bud,characteristic,chartaceous,closely,cm,conical,continued,corrugation,deltoid,dendritic-echinoid,diameter,dichotomously,distantly,drying,due,echinoid,entire,exertion,finely,flower,glabrous,glabrousnes,granular,granular-tomentose,gray,green,grooved,height,history,honeycombed,inserted,lateral,life,lobing,long-attenuate,longitudinally,midvein,minutely,moderately,mostly,multangulate,na,new,obelliptic,oblong,obovate,obtuse,orbicular,ovary,ovate,ovate-elliptic,pale,peduncle,perennial,plant,porrect-stellate,primary,pseud-terminal,pubescent,rather,reniform,reticulate-punctate,ripe,seed,sessile,several,short-,short-stalked,side,size,slightly,small,sometimes,spaced,sparse,sparsely,stellate-pubescent,stellate-rotate,stelliform,stigma,style,subcapitate,subglobose,suborbicular,time,tomentose,touching,tube,turning,unarmed,vein,velutinous,vestigial,whitish,x,yellowish							2.0-3.0,absent,appressed,articulation,basal,bract,branching,breeding,broad-based,cell,connective,dichasial,distinct,eglandular,elliptic-oblong,elongating,enlarged,flat,fork,fully,hermaphroditic,heteromorphism,inflated,insertion,interjected,internodal,interpetalar,leaflet,leathery,lower,marking,mature,membranous,modification,multi-branched,multicellular,needle-like,none,odour,orientation,paired,pattern,placement,plurifoliate,pore,position,present,present-single,prickle,pseudostipule,radially,rhizome,rotate,round,rounded,scale,simple-entire,smell,spot,staman,stellate,stone,structure,swollen,symmetric,symmetry,sympodial,system,terminal,tissue,trichome,tuber,unit,vegetative,xylopodia,zygomorphy	16.0	105.0	93.0	0.9-1.3,apex,base,berry,calyx,fleshy,fruit,growth,hair,mm,shrub,simple,stem,tree,white,yellow	.5-3,0-100,0.2-0.3,0.8-1.1,0.8-1.4,1-6,1.0-1.4,1.3-1.8,1.5-2.3,10-34,12,3-14,3-8,4-15,5-10,6-8,6-9,abaxially,acuminate,acute,adaxially,angled,anthesi,apart,articulated,asperous,becoming,blunt-tipped,branched,brown,chartaceous,closely,cm,conical,continued,deltoid,dendritic-echinoid,diameter,dichotomously,distantly,due,echinoid,entire,finely,flower,glabrous,granular,granular-tomentose,gray,green,grooved,honeycombed,inserted,lateral,long-attenuate,longitudinally,midvein,minutely,moderately,mostly,multangulate,na,obelliptic,oblong,obovate,obtuse,orbicular,ovate,ovate-elliptic,pale,perennial,porrect-stellate,pseud-terminal,pubescent,rather,reniform,reticulate-punctate,ripe,sessile,several,short-,short-stalked,side,slightly,small,sometimes,spaced,sparse,sparsely,stellate-pubescent,stellate-rotate,stelliform,subcapitate,subglobose,suborbicular,time,tomentose,touching,turning,unarmed,velutinous,vestigial,whitish,x,yellowish	2.0-3.0,absent,anther,appressed,articulation,basal,bract,branch,branching,breeding,broad-based,cell,colour,connective,corolla,dichasial,distinct,eglandular,elliptic-oblong,elongating,enlarged,filament,flat,fork,form,fruiting,fully,hermaphroditic,heteromorphism,inflated,inflorescence,insertion,interjected,internodal,interpetalar,leaf,leaflet,leathery,length,lower,margin,marking,mature,membranous,modification,multi-branched,multicellular,needle-like,none,odour,orientation,paired,pattern,pedicel,petiole,placement,plurifoliate,pore,position,present,present-single,prickle,pseudostipule,radially,rhizome,rotate,round,rounded,scale,shape,simple-entire,smell,spot,staman,stellate,stone,structure,surface,swollen,symmetric,symmetry,sympodial,system,terminal,texture,tissue,trichome,tuber,type,unit,vegetative,xylopodia,zygomorphy
215	wfo-0001028337	success	51	41	7	34	110	82	anther,apex,base,berry,calyx,colour,corolla,cuneate,filament,form,fruit,green,growth,hair,inflorescence,leaf,length,margin,marking,mature,mm,pedicel,petiole,prickle,rounded,shape,shrub,stem,straight,surface,terminal,texture,type,white	-4,.5,.8,/3,0-6,0.05-1,0.3-0.5,0.4-0.7-2,0.4-0.8,0.7-0.9,0.7-1,1-1.8,1-2,1-3,1.5-3,1.5-4,1.8-2,15-50,2-2.2-2.5,2-4,5-25,5-6,5-8,abaxially,acute,apart,apically,apparently,arrangement,articulated,bark,branched,characteristic,chartaceous,cm,color,conical,connivent,dark,deltate,densely,diameter,discolorous,drying,entire,erect,evenly,exertion,eye,flattened-reniform,flower,glabrescent,glabrous,glabrousnes,gray,gray-brown,green-brown,height,history,juvenile,known,lateral,life,lobe,lobed,lobing,long,mauve,minutely,moderately,naked,narrow-oblong,new,number,orange-brown,ovary,pale,peduncle,per,perennial,pitted,plant,poricidal,porrect-lepidote,prickly,primary,ray,reddish,seed,shallowly,simple,size,smooth,spaced,sparse,spherical,stellate-pubescent,strongly,style,tapering,terete,tip,toward,tube,unarmed,vein,visible,way,wide,young							0.8,4.0-5.0,absent,andromonoecious,appressed,articulation,basal,blue,bract,branch,branching,breeding,broad-based,cell,connective,dichasial,discrete,distinct,eglandular,enlarged,flat,fleshy,fork,fruiting,fully,hermaphroditic,heteromorphism,inflated,insertion,interjected,internodal,interpetalar,leaflet,leathery,lilac,lower,membranous,modification,needle-like,none,odour,orientation,paired,pattern,pink,placement,plurifoliate,pore,position,present,present-inflorescence,present-leaf,present-stem,pseudostipule,purple,radially,rhizome,rotate,round,scale,simple-entire,smell,spot,staman,stellate,stone,structure,swollen,symmetric,symmetry,sympodial,system,tapered-lanceolate,tissue,triangular,trichome,tuber,unbranched,unit,vegetative,xylopodia,zygomorphy	14.0	89.0	102.0	apex,base,berry,cuneate,green,hair,marking,mature,mm,rounded,shrub,straight,terminal,white	-4,.5,.8,/3,0-6,0.05-1,0.3-0.5,0.4-0.7-2,0.4-0.8,0.7-0.9,0.7-1,1-1.8,1-2,1-3,1.5-3,1.5-4,1.8-2,15-50,2-2.2-2.5,2-4,5-25,5-6,5-8,abaxially,acute,apart,apically,apparently,articulated,branched,chartaceous,cm,color,conical,connivent,dark,deltate,densely,diameter,discolorous,drying,entire,erect,evenly,eye,flattened-reniform,flower,glabrescent,glabrous,gray,gray-brown,green-brown,juvenile,known,lateral,lobe,lobed,long,mauve,minutely,moderately,naked,narrow-oblong,orange-brown,pale,per,perennial,pitted,poricidal,porrect-lepidote,prickly,reddish,shallowly,simple,smooth,spaced,sparse,spherical,stellate-pubescent,strongly,tapering,terete,tip,toward,unarmed,visible,way,wide,young	0.8,4.0-5.0,absent,andromonoecious,anther,appressed,articulation,basal,blue,bract,branch,branching,breeding,broad-based,calyx,cell,colour,connective,corolla,dichasial,discrete,distinct,eglandular,enlarged,filament,flat,fleshy,fork,form,fruit,fruiting,fully,growth,hermaphroditic,heteromorphism,inflated,inflorescence,insertion,interjected,internodal,interpetalar,leaf,leaflet,leathery,length,lilac,lower,margin,membranous,modification,needle-like,none,odour,orientation,paired,pattern,pedicel,petiole,pink,placement,plurifoliate,pore,position,present,present-inflorescence,present-leaf,present-stem,prickle,pseudostipule,purple,radially,rhizome,rotate,round,scale,shape,simple-entire,smell,spot,staman,stellate,stem,stone,structure,surface,swollen,symmetric,symmetry,sympodial,system,tapered-lanceolate,texture,tissue,triangular,trichome,tuber,type,unbranched,unit,vegetative,xylopodia,zygomorphy
216	wfo-0001028339	invalid_json_followup	NA	36	NA	35	121	69	anther,apex,appressed,base,berry,calyx,colour,corolla,cuneate,filament,form,fruit,fruiting,growth,inflorescence,interjected,leaf,leaflet,length,margin,pedicel,petiole,prickle,pseudostipule,shape,shrub,simple,stem,surface,texture,tree,trichome,type,white,yellow	.5,0.05-0.1,1-1.2,1-2,1-5,1.1-1.4,1.2-1.5,1.5,1.7-3.2,10-30-flowered,10.2-18.5,3.5-4,5-7,5.8-7.9,8-10,acuminate,acute,alternate,appearance,arrangement,bark,beneath,branch,broadly,brown,bud,cal,capitate,characteristic,cm,corrugation,covered,cup-shaped,dark,decurrent,densely,dia,diameter,distal,dried,dry,drying,enclosed,evenly,exertion,exserted,filiform,flattened,floccose,glabrous,glabrousnes,globose,grainy,green,greyish-brown,height,history,irregular,later,lateral,life,like,little,lobed,lobing,long,main,midpoint,minutely,mm,mustard,na,nearly,new,number,oblique,ovary,ovate,ovoid,ovoid-reniform,papillate,peduncle,per,pitted,plant,primary,pulp,ray,red-brown,seed,shaped,size,slender,slightly,small,somewhat,spaced,sparsely,specimen,stigma,strong,strongly,style,tapering,tear-drop,terminal,thicknes,tube,uniseriate,urceolate,value,variation,vein,white-papillose,white-speckled,width,winged,woody,x,yellowish,young							absent,articulation,asymmetric,basal,blue,bract,branching,breeding,broad-based,cell,connective,difoliate,discrete,distinct,eglandular,elliptic-oblong,enlarged,flat,geminate,hair,hard,heteromorphism,inflated,insertion,interpetalar,leaf-opposed,lilac,lower,marking,mature,membranous,modification,monochasial,multicellular,needle-like,none,odour,orientation,paired,pattern,pink,placement,pore,position,present,purple,radially,rhizome,round,scale,simple-entire,smell,spot,staman,stellate,stone,structure,swollen,symmetric,symmetry,sympodial,system,tissue,tuber,unbranched,unit,vegetative,xylopodia,zygomorphy	35.0	121.0	69.0	anther,apex,appressed,base,berry,calyx,colour,corolla,cuneate,filament,form,fruit,fruiting,growth,inflorescence,interjected,leaf,leaflet,length,margin,pedicel,petiole,prickle,pseudostipule,shape,shrub,simple,stem,surface,texture,tree,trichome,type,white,yellow	.5,0.05-0.1,1-1.2,1-2,1-5,1.1-1.4,1.2-1.5,1.5,1.7-3.2,10-30-flowered,10.2-18.5,3.5-4,5-7,5.8-7.9,8-10,acuminate,acute,alternate,appearance,arrangement,bark,beneath,branch,broadly,brown,bud,cal,capitate,characteristic,cm,corrugation,covered,cup-shaped,dark,decurrent,densely,dia,diameter,distal,dried,dry,drying,enclosed,evenly,exertion,exserted,filiform,flattened,floccose,glabrous,glabrousnes,globose,grainy,green,greyish-brown,height,history,irregular,later,lateral,life,like,little,lobed,lobing,long,main,midpoint,minutely,mm,mustard,na,nearly,new,number,oblique,ovary,ovate,ovoid,ovoid-reniform,papillate,peduncle,per,pitted,plant,primary,pulp,ray,red-brown,seed,shaped,size,slender,slightly,small,somewhat,spaced,sparsely,specimen,stigma,strong,strongly,style,tapering,tear-drop,terminal,thicknes,tube,uniseriate,urceolate,value,variation,vein,white-papillose,white-speckled,width,winged,woody,x,yellowish,young	absent,articulation,asymmetric,basal,blue,bract,branching,breeding,broad-based,cell,connective,difoliate,discrete,distinct,eglandular,elliptic-oblong,enlarged,flat,geminate,hair,hard,heteromorphism,inflated,insertion,interpetalar,leaf-opposed,lilac,lower,marking,mature,membranous,modification,monochasial,multicellular,needle-like,none,odour,orientation,paired,pattern,pink,placement,pore,position,present,purple,radially,rhizome,round,scale,simple-entire,smell,spot,staman,stellate,stone,structure,swollen,symmetric,symmetry,sympodial,system,tissue,tuber,unbranched,unit,vegetative,xylopodia,zygomorphy
217	wfo-0001028351	success	41	38	7	37	93	81	acute,anther,apex,base,blue,branch,branching,calyx,colour,corolla,filament,form,fruit,fruiting,green,growth,herb,inflorescence,interjected,leaf,leaflet,length,margin,mm,pedicel,petiole,prickle,pseudostipule,shape,simple,stem,surface,terminal,texture,truncate,type,unbranched	.2,.8,0,0.2,0–2.5,1.0–2.0,1.0–4.0,1.5,1.6–5.0,2,2.0–2.5,3,3–4,40,5.0,5.0–5.5,6–12,8–15,abaxially,adaxially,along,annual,anthesi,appearance,arrangement,bark,becoming,border,brown,bud,capitate,characteristic,clavate,cm,corrugation,densely,diameter,distal,drying,exertion,flattened,giving,glabrous,glabrousnes,globose,height,history,lanceolate,lateral,life,lobe,lobed,lobing,long,midpoint,midvein,moderately,na,new,number,oblong,opposed,ovary,ovate,pale,peduncle,per,perennial,pitted,plant,primary,pubescent,ray,regularly,seed,shallowly,shiny,size,slender,sparsely,stigma,style,thicknes,tube,unknown,variation,vein,velutinous,width,woody,x,young,–3.0							0.8,5.0-5.5,absent,appressed,articulation,basal,berry,black,bract,breeding,broad-based,cell,connective,cuneate,distinct,eglandular,elliptic-oblong,elongating,enlarged,flat,fleshy,fork,forked,fully,glandular,hair,hermaphroditic,heteromorphism,inflated,insertion,interpetalar,leathery,lilac,lower,marking,mature,membranous,modification,monochasial,multicellular,needle-like,none,odour,orange,orientation,paired,pattern,pink,placement,plurifoliate,pore,position,present,purple,radially,red,rhizome,rotate,scale,simple-lobed,simple-toothed,smell,spot,staman,stellate,stone,structure,swollen,symmetric,symmetry,sympodial,system,tissue,trichome,tuber,unit,vegetative,white,winged,xylopodia,zygomorphy	12.0	57.0	106.0	acute,blue,branching,fruit,green,herb,leaf,mm,simple,stem,truncate,unbranched	.2,.8,0,0.2,0–2.5,1.0–2.0,1.0–4.0,1.5,1.6–5.0,2,2.0–2.5,3,3–4,40,5.0,5.0–5.5,6–12,8–15,abaxially,adaxially,along,annual,anthesi,becoming,brown,capitate,clavate,cm,densely,diameter,flattened,glabrous,globose,lanceolate,lobed,long,midvein,moderately,na,oblong,opposed,ovate,pale,perennial,pitted,pubescent,regularly,shallowly,shiny,slender,sparsely,unknown,velutinous,woody,x,young,–3.0	0.8,5.0-5.5,absent,anther,apex,appressed,articulation,basal,base,berry,black,bract,branch,breeding,broad-based,calyx,cell,colour,connective,corolla,cuneate,distinct,eglandular,elliptic-oblong,elongating,enlarged,filament,flat,fleshy,fork,forked,form,fruiting,fully,glandular,growth,hair,hermaphroditic,heteromorphism,inflated,inflorescence,insertion,interjected,interpetalar,leaflet,leathery,length,lilac,lower,margin,marking,mature,membranous,modification,monochasial,multicellular,needle-like,none,odour,orange,orientation,paired,pattern,pedicel,petiole,pink,placement,plurifoliate,pore,position,present,prickle,pseudostipule,purple,radially,red,rhizome,rotate,scale,shape,simple-lobed,simple-toothed,smell,spot,staman,stellate,stone,structure,surface,swollen,symmetric,symmetry,sympodial,system,terminal,texture,tissue,trichome,tuber,type,unit,vegetative,white,winged,xylopodia,zygomorphy
218	wfo-0001028353	invalid_json	NA	40	NA	33	100	81	acute,anther,apex,base,berry,calyx,cell,colour,corolla,filament,form,fruit,fruiting,green,growth,herb,inflorescence,internodal,leaf,length,margin,mm,pedicel,petiole,purple,shape,simple,stem,surface,texture,trichome,type,yellow	/3,0.2-0.4,0.5,0.9-1.2,1,1-4,1.4-2,1.5-2,1.5-5,2,2-3,2-4,3,3-5,4-7,6-8,7,abaxial,adaxial,along,arrangement,beneath,bluntly,bright,bud,capitate,centre,characteristic,ciliate,clasping,cm,coarsely,conical,cordate,cup-shaped,dark,deep,deeply,densely,diameter,ellipsoid,elliptic,emarginated,erect,fleshy,flower,glabrous,globose,greenish,height,heteromorphic,history,hollow,honey-comb,less,life,like,lobe,lobing,long,midrib,minute,minutely,nodding,often,open,ovary,ovoid,pale,papery,papillate,papillose,pitted,plant,plump,pubescence,pubescent,rhomboid,ripe,seed,sessile,shallow,short,size,slender,somewhat,sparsely,stigma,style,tan,testal,tip,toothed,truncate,tube,uniseriate,value,vein,way,x							1.0,3.0-7.0,absent,appressed,articulation,basal,bilaterally,blue,bract,branching,breeding,broad-based,brown,campanulate,connective,cuneate,difoliate,dry,eglandular,elongated,elongating,enlarged,flat,fully,hair,hermaphroditic,heteromorphism,inflated,insertion,interjected,interpetalar,leaflet,lilac,lower,marking,mature,membranous,modification,monochasial,multicellular,needle-like,non-geminate,none,odour,orientation,paired,pattern,pink,placement,pore,position,present,prickle,pseudostipule,rhizome,round,scale,shrub,simple-entire,simple-lobed,simple-pinnatifid,simple-toothed,smell,spot,staman,stellate,stone,structure,symmetric,symmetry,sympodial,system,tapered-lanceolate,tissue,tuber,unbranched,unit,vegetative,winged,xylopodia,zygomorphy	33.0	100.0	81.0	acute,anther,apex,base,berry,calyx,cell,colour,corolla,filament,form,fruit,fruiting,green,growth,herb,inflorescence,internodal,leaf,length,margin,mm,pedicel,petiole,purple,shape,simple,stem,surface,texture,trichome,type,yellow	/3,0.2-0.4,0.5,0.9-1.2,1,1-4,1.4-2,1.5-2,1.5-5,2,2-3,2-4,3,3-5,4-7,6-8,7,abaxial,adaxial,along,arrangement,beneath,bluntly,bright,bud,capitate,centre,characteristic,ciliate,clasping,cm,coarsely,conical,cordate,cup-shaped,dark,deep,deeply,densely,diameter,ellipsoid,elliptic,emarginated,erect,fleshy,flower,glabrous,globose,greenish,height,heteromorphic,history,hollow,honey-comb,less,life,like,lobe,lobing,long,midrib,minute,minutely,nodding,often,open,ovary,ovoid,pale,papery,papillate,papillose,pitted,plant,plump,pubescence,pubescent,rhomboid,ripe,seed,sessile,shallow,short,size,slender,somewhat,sparsely,stigma,style,tan,testal,tip,toothed,truncate,tube,uniseriate,value,vein,way,x	1.0,3.0-7.0,absent,appressed,articulation,basal,bilaterally,blue,bract,branching,breeding,broad-based,brown,campanulate,connective,cuneate,difoliate,dry,eglandular,elongated,elongating,enlarged,flat,fully,hair,hermaphroditic,heteromorphism,inflated,insertion,interjected,interpetalar,leaflet,lilac,lower,marking,mature,membranous,modification,monochasial,multicellular,needle-like,non-geminate,none,odour,orientation,paired,pattern,pink,placement,pore,position,present,prickle,pseudostipule,rhizome,round,scale,shrub,simple-entire,simple-lobed,simple-pinnatifid,simple-toothed,smell,spot,staman,stellate,stone,structure,symmetric,symmetry,sympodial,system,tapered-lanceolate,tissue,tuber,unbranched,unit,vegetative,winged,xylopodia,zygomorphy
219	wfo-0001028390	success	33	36	7	40	94	76	anther,apex,base,branch,branched,calyx,colour,corolla,cuneate,eglandular,filament,forked,form,fruit,fruiting,growth,hair,inflorescence,interjected,leaf,leaflet,length,margin,mm,orange,pedicel,petiole,present,prickle,pseudostipule,shape,shrub,simple,stem,surface,terminal,texture,type,unbranched,yellow	0,0.5,0.5-1,0.5-1.5,1-2.5,1.5-2,1.5-5.5,10-15,3-4,4-11,4-5,5-7,7-8,acute,angled,apiculate,appearance,arrangement,bark,border,bud,characteristic,chartaceous,cm,connivent,corrugation,deltate,dendritically,densely,diameter,distal,divided,drying,elliptic,entire,exertion,felty-pubescent,flower,giving,glabrous,glabrousnes,gland,globose,height,history,lanceolate,lateral,life,like,lobe,lobing,midpoint,mixed,mostly,na,new,number,obtuse,occasionally,often,ovary,ovate,peduncle,per,perfect,plant,primary,pseudohair,pubescent,rarely,ray,ripe,seed,short,size,slightly,small,stalked,stigma,style,subcapitate,subcordate,subcoriaceous,thicknes,truncate,tube,unequally,usually,variation,vein,violet,white,width,x							5.0-7.0,absent,appressed,articulation,basal,berry,blue,bract,branching,breeding,broad-based,cell,connective,cordate,coriaceous,dendritic,discrete,distinct,enlarged,flat,fleshy,fork,fully,glandular,hermaphroditic,heteromorphism,inflated,insertion,internodal,interpetalar,leathery,lilac,lower,marking,mature,membranous,modification,multicellular,near-basal,needle-like,none,odour,orientation,paired,pattern,pink,placement,plurifoliate,pore,position,purple,radially,red,rhizome,round,scale,simple-entire,smell,spot,staman,stellate,stone,structure,swollen,symmetric,symmetry,sympodial,system,tapered-lanceolate,tissue,trichome,tuber,unit,vegetative,xylopodia,zygomorphy	14.0	58.0	102.0	apex,branched,cuneate,eglandular,forked,hair,mm,orange,present,shrub,simple,stem,unbranched,yellow	0,0.5,0.5-1,0.5-1.5,1-2.5,1.5-2,1.5-5.5,10-15,3-4,4-11,4-5,5-7,7-8,acute,angled,apiculate,chartaceous,cm,connivent,deltate,dendritically,densely,diameter,divided,elliptic,entire,felty-pubescent,flower,glabrous,gland,globose,lanceolate,like,mixed,mostly,na,obtuse,occasionally,often,ovate,perfect,pseudohair,pubescent,rarely,ripe,short,slightly,small,stalked,subcapitate,subcordate,subcoriaceous,truncate,unequally,usually,violet,white,x	5.0-7.0,absent,anther,appressed,articulation,basal,base,berry,blue,bract,branch,branching,breeding,broad-based,calyx,cell,colour,connective,cordate,coriaceous,corolla,dendritic,discrete,distinct,enlarged,filament,flat,fleshy,fork,form,fruit,fruiting,fully,glandular,growth,hermaphroditic,heteromorphism,inflated,inflorescence,insertion,interjected,internodal,interpetalar,leaf,leaflet,leathery,length,lilac,lower,margin,marking,mature,membranous,modification,multicellular,near-basal,needle-like,none,odour,orientation,paired,pattern,pedicel,petiole,pink,placement,plurifoliate,pore,position,prickle,pseudostipule,purple,radially,red,rhizome,round,scale,shape,simple-entire,smell,spot,staman,stellate,stone,structure,surface,swollen,symmetric,symmetry,sympodial,system,tapered-lanceolate,terminal,texture,tissue,trichome,tuber,type,unit,vegetative,xylopodia,zygomorphy
220	wfo-0001028405	success	34	40	8	35	76	77	absent,anther,apex,base,branch,calyx,colour,corolla,distal,filament,form,fruit,fruiting,green,growth,inflorescence,interjected,leaf,leaflet,length,margin,mm,monochasial,ovoid,pedicel,petiole,prickle,pseudostipule,shape,stem,surface,terminal,texture,type,white	0.4-0.5,0.5-3,1-4,1-9,1.3-8,1.5-6.5,10-11,2,2-2.5,3-4,3.5-10,3.5-6.5,4-11.5,4-6,7-14.5,8-15,9-15,acute,appearance,arrangement,bark,border,branched,bud,characteristic,cm,conical,corrugation,cyme,diameter,dichasial,dichasially,drying,ebracteate,elliptic-lanceolate,exertion,giving,glabrousnes,globose,green-white,height,herbaceous,history,lanceolate,lateral,life,lobe,lobing,long,midpoint,mucilaginous,na,new,number,oblique,odd-pinnate,ovary,peduncle,per,perennial,plant,primary,puberulent,ray,seed,size,stigma,style,thicknes,throughout,tube,tuber-bearing,variation,vein,wide,width							1.0-4.0,1/2,1/4-1/2,4.0-6.0,appressed,articulation,asymmetric,basal,berry,bract,branching,breeding,broad-based,cell,compound-entire,connective,cuneate,distinct,eglandular,elliptic-oblong,elongating,enlarged,flat,fleshy,fork,forked,fully,hair,herb,hermaphroditic,heteromorphism,inflated,insertion,interpetalar,leathery,lower,marking,mature,membranous,modification,multi-branched,multicellular,needle-like,none,odour,orientation,paired,pattern,placement,plurifoliate,pore,position,present,present-pair,radially,rhizome,scale,simple,smell,spot,staman,stellate,stone,structure,swollen,symmetric,symmetry,sympodial,system,tissue,trichome,trifoliate,tuber,unit,vegetative,xylopodia,zygomorphy	6.0	41.0	106.0	absent,green,mm,monochasial,ovoid,white	0.4-0.5,0.5-3,1-4,1-9,1.3-8,1.5-6.5,10-11,2,2-2.5,3-4,3.5-10,3.5-6.5,4-11.5,4-6,7-14.5,8-15,9-15,acute,branched,cm,conical,cyme,diameter,dichasial,dichasially,ebracteate,elliptic-lanceolate,globose,green-white,herbaceous,lanceolate,long,mucilaginous,na,oblique,odd-pinnate,perennial,puberulent,throughout,tuber-bearing,wide	1.0-4.0,1/2,1/4-1/2,4.0-6.0,anther,apex,appressed,articulation,asymmetric,basal,base,berry,bract,branch,branching,breeding,broad-based,calyx,cell,colour,compound-entire,connective,corolla,cuneate,distal,distinct,eglandular,elliptic-oblong,elongating,enlarged,filament,flat,fleshy,fork,forked,form,fruit,fruiting,fully,growth,hair,herb,hermaphroditic,heteromorphism,inflated,inflorescence,insertion,interjected,interpetalar,leaf,leaflet,leathery,length,lower,margin,marking,mature,membranous,modification,multi-branched,multicellular,needle-like,none,odour,orientation,paired,pattern,pedicel,petiole,placement,plurifoliate,pore,position,present,present-pair,prickle,pseudostipule,radially,rhizome,scale,shape,simple,smell,spot,staman,stellate,stem,stone,structure,surface,swollen,symmetric,symmetry,sympodial,system,terminal,texture,tissue,trichome,trifoliate,tuber,type,unit,vegetative,xylopodia,zygomorphy
221	wfo-0001028429	success	38	40	8	38	92	83	2.5-7.5,acute,anther,apex,base,branch,calyx,colour,corolla,cuneate,distal,filament,form,fruit,fruiting,green,growth,inflorescence,interjected,leaf,leaflet,length,margin,mm,monochasial,ovoid,pedicel,petiole,prickle,pseudostipule,shape,spot,stem,surface,terminal,texture,type,white	0.2-0.4,0.8-1.2,0.9-2.3,1-2.5,1-4,1.5-3,10-11,10.5-21,2-19,2-4,2.5-12,2.5-4,2.7-3.6,3-6,4-14,5-12,6-28,abaxially,acuminate,adaxially,appearance,arrangement,articulate,bark,border,branched,broadly,bud,characteristic,cm,cordate,corrugation,cyme,darker,diameter,dichasial,dichasially,drying,ebracteate,elliptical,exertion,giving,glabrescent,glabrous,glabrousnes,globose,green-white,greenish,height,herbaceous,history,lateral,life,light,lobe,lobing,long,long-attenuate,medium,midpoint,mucilaginous,na,narrowly,new,number,oblique,obovate,odd-pinnate,ovary,ovate,peduncle,per,perennial,plant,primary,proximal,ray,seed,size,slightly,stigma,style,thicknes,throughout,tube,variation,vein,violet,wet,wide,width,¼							1.0-4.0,1/2,1/4-1/2,absent,appressed,articulation,asymmetric,basal,berry,blue,bract,branching,breeding,broad-based,cell,compound-entire,connective,distinct,eglandular,elliptic-oblong,elongating,enlarged,flat,fleshy,fork,forked,fully,hair,herb,hermaphroditic,heteromorphism,inflated,insertion,interpetalar,leathery,lilac,lower,marking,mature,membranous,modification,multi-branched,multicellular,needle-like,none,odour,orientation,paired,pattern,pink,placement,plurifoliate,pore,position,present,present-pair,purple,radially,rhizome,rotate,round,rounded,scale,simple,smell,staman,stellate,stone,structure,swollen,symmetric,symmetry,sympodial,system,tissue,trichome,trifoliate,truncate,tuber,unit,vegetative,xylopodia,zygomorphy	10.0	58.0	111.0	2.5-7.5,acute,cuneate,distal,green,mm,monochasial,ovoid,spot,white	0.2-0.4,0.8-1.2,0.9-2.3,1-2.5,1-4,1.5-3,10-11,10.5-21,2-19,2-4,2.5-12,2.5-4,2.7-3.6,3-6,4-14,5-12,6-28,abaxially,acuminate,adaxially,articulate,branched,broadly,cm,cordate,cyme,darker,diameter,dichasial,dichasially,ebracteate,elliptical,glabrescent,glabrous,globose,green-white,greenish,herbaceous,light,lobe,long,long-attenuate,medium,mucilaginous,na,narrowly,oblique,obovate,odd-pinnate,ovate,perennial,proximal,slightly,throughout,violet,wet,wide,¼	1.0-4.0,1/2,1/4-1/2,absent,anther,apex,appressed,articulation,asymmetric,basal,base,berry,blue,bract,branch,branching,breeding,broad-based,calyx,cell,colour,compound-entire,connective,corolla,distinct,eglandular,elliptic-oblong,elongating,enlarged,filament,flat,fleshy,fork,forked,form,fruit,fruiting,fully,growth,hair,herb,hermaphroditic,heteromorphism,inflated,inflorescence,insertion,interjected,interpetalar,leaf,leaflet,leathery,length,lilac,lower,margin,marking,mature,membranous,modification,multi-branched,multicellular,needle-like,none,odour,orientation,paired,pattern,pedicel,petiole,pink,placement,plurifoliate,pore,position,present,present-pair,prickle,pseudostipule,purple,radially,rhizome,rotate,round,rounded,scale,shape,simple,smell,staman,stellate,stem,stone,structure,surface,swollen,symmetric,symmetry,sympodial,system,terminal,texture,tissue,trichome,trifoliate,truncate,tuber,type,unit,vegetative,xylopodia,zygomorphy
222	wfo-0001028436	success	42	38	7	35	92	69	0.5,absent,acute,anther,apex,base,berry,calyx,colour,corolla,filament,form,fruit,fruiting,growth,inflorescence,interjected,leaf,leaflet,length,margin,mm,pedicel,petiole,prickle,pseudostipule,rotate,shape,shrub,stem,surface,texture,type,unifoliate,white	.5,0.2-0.4,0.5-1,1-3,1.5,1.5-2,1.5-2.5,10-20,2.5-3,4,5-10,5-12,5-15,5-8,7,8-12,appearance,arrangement,bark,border,branch,brown,bud,center,characteristic,chartaceous,ciliate,cm,corrugation,decurrent,deflated,diameter,distal,dm,dried,drying,edge,elliptic,entire,exertion,fine,flower,giving,glabrous,glabrousnes,globose,height,history,lateral,life,linear,linear-lancolate,lobe,lobing,membranaceous,midpoint,moderately,much-branched,na,nearly,new,number,oblong,often,ovary,parallel,peduncle,per,perennial,plant,primary,pubescent,radiating,raised,ray,ridge,running,seed,shallow,size,stigma,style,terminal,thicknes,triangular,tube,variation,vein,wide,width,wrinkled,x							1.5-2.0,2-cellular,appressed,articulation,basal,bract,branching,breeding,broad-based,cell,connective,discrete,distinct,elliptic-oblong,enlarged,flat,fleshy,fully,geniculate,green,hair,hermaphroditic,heteromorphism,inflated,insertion,interpetalar,leaf-opposed,leathery,lower,marking,mature,membranous,modification,needle-like,none,odour,orientation,paired,pattern,placement,pore,position,present,radially,rhizome,round,scale,simple,simple-entire,smell,spot,staman,stellate,stone,structure,swollen,symmetric,symmetry,sympodial,system,tissue,trichome,tuber,unbranched,unit,vegetative,winged,xylopodia,zygomorphy	12.0	54.0	92.0	0.5,absent,acute,berry,fruit,margin,mm,petiole,rotate,shrub,unifoliate,white	.5,0.2-0.4,0.5-1,1-3,1.5,1.5-2,1.5-2.5,10-20,2.5-3,4,5-10,5-12,5-15,5-8,7,8-12,brown,center,chartaceous,ciliate,cm,decurrent,deflated,diameter,dm,dried,edge,elliptic,entire,fine,flower,glabrous,globose,linear,linear-lancolate,membranaceous,moderately,much-branched,na,nearly,oblong,often,parallel,perennial,pubescent,radiating,raised,ridge,running,shallow,triangular,wide,wrinkled,x	1.5-2.0,2-cellular,anther,apex,appressed,articulation,basal,base,bract,branching,breeding,broad-based,calyx,cell,colour,connective,corolla,discrete,distinct,elliptic-oblong,enlarged,filament,flat,fleshy,form,fruiting,fully,geniculate,green,growth,hair,hermaphroditic,heteromorphism,inflated,inflorescence,insertion,interjected,interpetalar,leaf,leaf-opposed,leaflet,leathery,length,lower,marking,mature,membranous,modification,needle-like,none,odour,orientation,paired,pattern,pedicel,placement,pore,position,present,prickle,pseudostipule,radially,rhizome,round,scale,shape,simple,simple-entire,smell,spot,staman,stellate,stem,stone,structure,surface,swollen,symmetric,symmetry,sympodial,system,texture,tissue,trichome,tuber,type,unbranched,unit,vegetative,winged,xylopodia,zygomorphy
223	wfo-0001028465	invalid_json_followup	NA	40	NA	40	107	77	4.5-5.5,anther,apex,base,branch,calyx,cell,colour,corolla,cuneate,distal,filament,form,fruit,fruiting,green,growth,inflorescence,interjected,interpetalar,leaf,leaflet,length,margin,mm,monochasial,pedicel,petiole,prickle,pseudostipule,purple,shape,spot,stem,surface,terminal,texture,tissue,type,white	0.75,1-2,1-4,1.2-2,10,10-24,11-23,2-6,2-9.3,2.4-2.8,2.5-4,3-5,3-8,3.8-7,4-18,4-8,8-10,\u201chair-like\u201d,acumen,acuminate,acute,apical,apically,appearance,arrangement,articulate,attenuate,bark,branched,broadly,bud,characteristic,cm,connate,corrugation,covering,cyme,dehiscent,diameter,dichasial,dichasially,drying,ebracteate,elliptical,exceeding,exertion,giving,glabrousnes,globose,green-white,height,herbaceous,history,introrse,lateral,life,lobe,lobing,long,make,maturing,medium,midpoint,mucilaginous,na,new,number,oblique,odd-pinnate,often,ovary,ovoid,peduncle,per,perennial,petiolule,plant,poricidally,primary,proximal,puberulent,pubescent,ray,seed,sessile,short,size,slit,stamen,stigma,straight,strigose,style,testal,thick,thicknes,throughout,tube,tuber-bearing,value,variation,vein,wall,wet,width,yellow,¼							1.0-4.0,1/2,1/4-1/2,absent,appressed,articulation,asymmetric,basal,berry,blue,bract,branching,breeding,broad-based,compound-entire,connective,distinct,eglandular,elliptic-oblong,elongating,enlarged,flat,fleshy,fork,forked,fully,hair,herb,hermaphroditic,heteromorphism,inflated,insertion,leathery,lilac,lower,marking,mature,membranous,modification,multi-branched,multicellular,needle-like,none,odour,orientation,paired,pattern,pink,placement,plurifoliate,pore,position,present,present-pair,radially,rhizome,rotate,round,scale,simple,smell,staman,stellate,stone,structure,swollen,symmetric,symmetry,sympodial,system,trichome,trifoliate,tuber,unit,vegetative,xylopodia,zygomorphy	40.0	107.0	77.0	4.5-5.5,anther,apex,base,branch,calyx,cell,colour,corolla,cuneate,distal,filament,form,fruit,fruiting,green,growth,inflorescence,interjected,interpetalar,leaf,leaflet,length,margin,mm,monochasial,pedicel,petiole,prickle,pseudostipule,purple,shape,spot,stem,surface,terminal,texture,tissue,type,white	0.75,1-2,1-4,1.2-2,10,10-24,11-23,2-6,2-9.3,2.4-2.8,2.5-4,3-5,3-8,3.8-7,4-18,4-8,8-10,\u201chair-like\u201d,acumen,acuminate,acute,apical,apically,appearance,arrangement,articulate,attenuate,bark,branched,broadly,bud,characteristic,cm,connate,corrugation,covering,cyme,dehiscent,diameter,dichasial,dichasially,drying,ebracteate,elliptical,exceeding,exertion,giving,glabrousnes,globose,green-white,height,herbaceous,history,introrse,lateral,life,lobe,lobing,long,make,maturing,medium,midpoint,mucilaginous,na,new,number,oblique,odd-pinnate,often,ovary,ovoid,peduncle,per,perennial,petiolule,plant,poricidally,primary,proximal,puberulent,pubescent,ray,seed,sessile,short,size,slit,stamen,stigma,straight,strigose,style,testal,thick,thicknes,throughout,tube,tuber-bearing,value,variation,vein,wall,wet,width,yellow,¼	1.0-4.0,1/2,1/4-1/2,absent,appressed,articulation,asymmetric,basal,berry,blue,bract,branching,breeding,broad-based,compound-entire,connective,distinct,eglandular,elliptic-oblong,elongating,enlarged,flat,fleshy,fork,forked,fully,hair,herb,hermaphroditic,heteromorphism,inflated,insertion,leathery,lilac,lower,marking,mature,membranous,modification,multi-branched,multicellular,needle-like,none,odour,orientation,paired,pattern,pink,placement,plurifoliate,pore,position,present,present-pair,radially,rhizome,rotate,round,scale,simple,smell,staman,stellate,stone,structure,swollen,symmetric,symmetry,sympodial,system,trichome,trifoliate,tuber,unit,vegetative,xylopodia,zygomorphy
224	wfo-0001028468	invalid_json_followup	NA	43	NA	41	123	79	anther,apex,base,berry,blue,branch,broad-based,calyx,colour,corolla,filament,form,fruit,fruiting,growth,inflorescence,interjected,interpetalar,leaf,leaflet,length,margin,mm,orange,pedicel,petiole,prickle,pseudostipule,purple,recurved,shape,shrub,stem,straight,surface,terminal,texture,tissue,triangular,type,unbranched	-10,-3,.3-0.4,.6-1,0-1.3,0.1-0.3,0.2-0.3,0.4-4,0.5-1.5,0.7-2.5,0.8-3.5,1.2-1.5,1.6,16,2-7,2-9,2.2-3,2.8-4.1,4-6,5-21,5-9,6-9,acute,along,armed,arrangement,attenuate,bark,broadly,brown,bud,cal,campanulate,central,characteristic,chartaceous,clavate,cm,commonly,compressed,corrugation,dark,densely,diameter,distal,drying,ellipsoid,exertion,exserted,extra-axillary,flattened,flower,foveate,glabrescent,glabrous,glabrousnes,gray,green,greenish,height,history,lateral,laterally,life,light,lobe,lobed,lobing,long,midpoint,midvein,moderately,na,narrowly,new,number,oblique,oblong-conical,oblong-lanceolate,obtuse,occasionally,ovary,ovate,ovoid,pair,pale,peduncle,per,plant,primary,ray,reticulate,rhombic,seed,shallowly,short,side,simple,size,slightly,somewhat,sparsely,stellate-pubescent,stelliform,stigma,style,subcapitate,subcuneate,subelliptic,subglobose,sublenticular,subreniform,subshrub,terete,thicknes,tube,unarmed,value,variation,vein,width,x,yellowish							0.3-0.4,4.0-5.5,absent,absent-inflorescence,appressed,articulation,asymmetric,basal,bract,branching,breeding,cell,connective,cuneate,dichasial,difoliate,discrete,distinct,eglandular,enlarged,flat,fleshy,fork,fully,geminate,hair,herb,hermaphroditic,heteromorphism,inflated,insertion,internodal,leathery,lilac,lower,marking,mature,membranous,modification,needle-like,non-geminate,none,odour,orientation,paired,pattern,pink,placement,pore,position,present,present-inflorescence,present-leaf,present-stem,radially,red,rhizome,round,scale,simple-entire,simple-toothed,smell,spot,staman,stellate,stone,structure,swollen,symmetric,symmetry,sympodial,system,tapered-lanceolate,trichome,tuber,unit,vegetative,xylopodia,zygomorphy	41.0	123.0	79.0	anther,apex,base,berry,blue,branch,broad-based,calyx,colour,corolla,filament,form,fruit,fruiting,growth,inflorescence,interjected,interpetalar,leaf,leaflet,length,margin,mm,orange,pedicel,petiole,prickle,pseudostipule,purple,recurved,shape,shrub,stem,straight,surface,terminal,texture,tissue,triangular,type,unbranched	-10,-3,.3-0.4,.6-1,0-1.3,0.1-0.3,0.2-0.3,0.4-4,0.5-1.5,0.7-2.5,0.8-3.5,1.2-1.5,1.6,16,2-7,2-9,2.2-3,2.8-4.1,4-6,5-21,5-9,6-9,acute,along,armed,arrangement,attenuate,bark,broadly,brown,bud,cal,campanulate,central,characteristic,chartaceous,clavate,cm,commonly,compressed,corrugation,dark,densely,diameter,distal,drying,ellipsoid,exertion,exserted,extra-axillary,flattened,flower,foveate,glabrescent,glabrous,glabrousnes,gray,green,greenish,height,history,lateral,laterally,life,light,lobe,lobed,lobing,long,midpoint,midvein,moderately,na,narrowly,new,number,oblique,oblong-conical,oblong-lanceolate,obtuse,occasionally,ovary,ovate,ovoid,pair,pale,peduncle,per,plant,primary,ray,reticulate,rhombic,seed,shallowly,short,side,simple,size,slightly,somewhat,sparsely,stellate-pubescent,stelliform,stigma,style,subcapitate,subcuneate,subelliptic,subglobose,sublenticular,subreniform,subshrub,terete,thicknes,tube,unarmed,value,variation,vein,width,x,yellowish	0.3-0.4,4.0-5.5,absent,absent-inflorescence,appressed,articulation,asymmetric,basal,bract,branching,breeding,cell,connective,cuneate,dichasial,difoliate,discrete,distinct,eglandular,enlarged,flat,fleshy,fork,fully,geminate,hair,herb,hermaphroditic,heteromorphism,inflated,insertion,internodal,leathery,lilac,lower,marking,mature,membranous,modification,needle-like,non-geminate,none,odour,orientation,paired,pattern,pink,placement,pore,position,present,present-inflorescence,present-leaf,present-stem,radially,red,rhizome,round,scale,simple-entire,simple-toothed,smell,spot,staman,stellate,stone,structure,swollen,symmetric,symmetry,sympodial,system,tapered-lanceolate,trichome,tuber,unit,vegetative,xylopodia,zygomorphy
225	wfo-0001028470	invalid_json_followup	NA	40	NA	39	117	71	anther,apex,base,berry,branch,calyx,cell,colour,corolla,distal,filament,forked,form,fruit,fruiting,green,growth,hair,herb,inflorescence,interjected,leaf,leaflet,length,margin,mm,ovoid,pedicel,petiole,prickle,pseudostipule,rounded,shape,stem,surface,terminal,texture,type,white	0-18,0.25-0.75,0.9-2.2,0.9-2.3,1-12.3,1-2,1-3,1.5-2.8,1.6-3.2,11.8-21,12-44,2-10,2-8,2.1-3.9,3-10,3.2-5.5,3.5-7,4-7,5.5-11.6,6-33,\u201chair-like\u201d,abaxially,acumen,adaxially,apparently,arrangement,articulated,attenuate,axe,axillary,bark,brownish,bud,cal,capitate,characteristic,chartaceous,clavate,cm,condition,connivent,corrugation,covering,dark,deep,diameter,dot,drying,elliptic,exertion,flower,fresh,generally,glabrescent,glabrous,glabrousnes,green-white,greenish,half,height,high,history,lanceolate,lateral,life,light,lobe,lobing,long,make,medium,midpoint,mottled,mucilaginous,na,new,number,odd-pinnate,ovary,ovate,peduncle,per,perfect,petiolulate,plant,poricidal,primary,purple,ray,ripe,seed,short,size,sometimes,stigma,style,subtending,testal,thick,thicknes,throughout,tip,tube,typically,unwinged,usually,value,variation,vein,wall,wet,whitish,wide,width,wing,x,yellow							1.0-2.0,1/2,4.0-7.0,absent,appressed,articulation,asymmetric,bract,branching,breeding,broad-based,compound-entire,connective,distinct,eglandular,elliptic-oblong,elongating,enlarged,flat,fleshy,fork,fully,hermaphroditic,heteromorphism,inflated,insertion,interpetalar,leathery,lower,marking,mature,membranous,modification,monochasial,multicellular,needle-like,none,odour,orientation,paired,pattern,placement,plurifoliate,pore,position,present,present-pair,radially,rhizome,rotate,scale,simple,smell,spot,staman,stellate,stone,structure,swollen,symmetric,symmetry,sympodial,system,tissue,trichome,trifoliate,tuber,unit,vegetative,xylopodia,zygomorphy	39.0	117.0	71.0	anther,apex,base,berry,branch,calyx,cell,colour,corolla,distal,filament,forked,form,fruit,fruiting,green,growth,hair,herb,inflorescence,interjected,leaf,leaflet,length,margin,mm,ovoid,pedicel,petiole,prickle,pseudostipule,rounded,shape,stem,surface,terminal,texture,type,white	0-18,0.25-0.75,0.9-2.2,0.9-2.3,1-12.3,1-2,1-3,1.5-2.8,1.6-3.2,11.8-21,12-44,2-10,2-8,2.1-3.9,3-10,3.2-5.5,3.5-7,4-7,5.5-11.6,6-33,\u201chair-like\u201d,abaxially,acumen,adaxially,apparently,arrangement,articulated,attenuate,axe,axillary,bark,brownish,bud,cal,capitate,characteristic,chartaceous,clavate,cm,condition,connivent,corrugation,covering,dark,deep,diameter,dot,drying,elliptic,exertion,flower,fresh,generally,glabrescent,glabrous,glabrousnes,green-white,greenish,half,height,high,history,lanceolate,lateral,life,light,lobe,lobing,long,make,medium,midpoint,mottled,mucilaginous,na,new,number,odd-pinnate,ovary,ovate,peduncle,per,perfect,petiolulate,plant,poricidal,primary,purple,ray,ripe,seed,short,size,sometimes,stigma,style,subtending,testal,thick,thicknes,throughout,tip,tube,typically,unwinged,usually,value,variation,vein,wall,wet,whitish,wide,width,wing,x,yellow	1.0-2.0,1/2,4.0-7.0,absent,appressed,articulation,asymmetric,bract,branching,breeding,broad-based,compound-entire,connective,distinct,eglandular,elliptic-oblong,elongating,enlarged,flat,fleshy,fork,fully,hermaphroditic,heteromorphism,inflated,insertion,interpetalar,leathery,lower,marking,mature,membranous,modification,monochasial,multicellular,needle-like,none,odour,orientation,paired,pattern,placement,plurifoliate,pore,position,present,present-pair,radially,rhizome,rotate,scale,simple,smell,spot,staman,stellate,stone,structure,swollen,symmetric,symmetry,sympodial,system,tissue,trichome,trifoliate,tuber,unit,vegetative,xylopodia,zygomorphy
226	wfo-0001028476	invalid_json_followup	NA	41	NA	44	141	75	0.5,acute,anther,apex,base,branch,calyx,cell,colour,corolla,distal,filament,form,fruit,fruiting,glandular,green,growth,herb,inflorescence,interjected,leaf,leaflet,length,margin,mm,pedicel,petiole,present,pseudostipule,purple,shape,simple,stellate,stem,surface,sympodial,terminal,texture,trichome,truncate,type,unit,yellow	-6,-8,.05-0.1,0-3-12-20,0.1-0.4,0.2-0.3,0.2-0.5,0.3-0.4,0.3-1.2,0.4-0.6,0.4-1.5,0.5-0.6,0.7-2.5,0.8-1.2,0.8-1.6,1,1-1.4,1-2,1-2-celled,1-4,1-6,1.1-1.5,1.2-2.5,1.8-2.5,2-6,2-foliate,2-locular,2.4-3,3-foliate,3.5-13-16,4-celled,5-15,6-12-30,8-30,abaxially,abundant,acuminate,age,almost,along,anthesi,appearance,arrangement,articulated,basal,basiscopically,bifurcate,bracteate,branched,bright,brown,bud,capitate,characteristic,cm,conical,corrugation,curved,dark,deeply,diameter,drying,ebracteate,elliptic,entire,especially,exertion,exserted,flower,give,glabrescent,glabrousnes,globose,hair-like,half,head,height,history,imparipinnate,internode,interrupted,irregularly,lateral,less,life,like,lobed,lobing,long,maturity,midpoint,minute,minutely,mixed,na,narrowly,new,node,number,oblique,obovate,occasionally,outgrowth,ovary,pale,peduncle,per,perennial,plant,primary,puberulent,pubescence,pubescent,rarely,ray,regularly,scattered,seed,silky,size,sparsely,stiff,stigma,straight,stripe,style,testa,thick,thicknes,tip,tube,unicellular,uniseriate,usually,value,variation,vein,wall,wide,width,woody							1/2,4.0-6.0,absent,appressed,articulation,asymmetric,berry,black,bract,branching,breeding,broad-based,compound-lobed,compound-toothed,connective,dendritic,difoliate,distinct,eglandular,elongated,elongating,enlarged,flat,fleshy,fork,forked,fully,hair,hermaphroditic,heteromorphism,inflated,insertion,internodal,interpetalar,leathery,lower,marking,mature,membranous,modification,monochasial,multicellular,needle-like,non-geminate,none,odour,orientation,paired,pattern,pinnatifid,placement,pore,position,present-pair,prickle,radially,rhizome,round,rounded,scale,smell,spot,staman,stone,structure,swollen,symmetric,symmetry,system,tapered-lanceolate,tissue,tuber,vegetative,xylopodia,zygomorphy	44.0	141.0	75.0	0.5,acute,anther,apex,base,branch,calyx,cell,colour,corolla,distal,filament,form,fruit,fruiting,glandular,green,growth,herb,inflorescence,interjected,leaf,leaflet,length,margin,mm,pedicel,petiole,present,pseudostipule,purple,shape,simple,stellate,stem,surface,sympodial,terminal,texture,trichome,truncate,type,unit,yellow	-6,-8,.05-0.1,0-3-12-20,0.1-0.4,0.2-0.3,0.2-0.5,0.3-0.4,0.3-1.2,0.4-0.6,0.4-1.5,0.5-0.6,0.7-2.5,0.8-1.2,0.8-1.6,1,1-1.4,1-2,1-2-celled,1-4,1-6,1.1-1.5,1.2-2.5,1.8-2.5,2-6,2-foliate,2-locular,2.4-3,3-foliate,3.5-13-16,4-celled,5-15,6-12-30,8-30,abaxially,abundant,acuminate,age,almost,along,anthesi,appearance,arrangement,articulated,basal,basiscopically,bifurcate,bracteate,branched,bright,brown,bud,capitate,characteristic,cm,conical,corrugation,curved,dark,deeply,diameter,drying,ebracteate,elliptic,entire,especially,exertion,exserted,flower,give,glabrescent,glabrousnes,globose,hair-like,half,head,height,history,imparipinnate,internode,interrupted,irregularly,lateral,less,life,like,lobed,lobing,long,maturity,midpoint,minute,minutely,mixed,na,narrowly,new,node,number,oblique,obovate,occasionally,outgrowth,ovary,pale,peduncle,per,perennial,plant,primary,puberulent,pubescence,pubescent,rarely,ray,regularly,scattered,seed,silky,size,sparsely,stiff,stigma,straight,stripe,style,testa,thick,thicknes,tip,tube,unicellular,uniseriate,usually,value,variation,vein,wall,wide,width,woody	1/2,4.0-6.0,absent,appressed,articulation,asymmetric,berry,black,bract,branching,breeding,broad-based,compound-lobed,compound-toothed,connective,dendritic,difoliate,distinct,eglandular,elongated,elongating,enlarged,flat,fleshy,fork,forked,fully,hair,hermaphroditic,heteromorphism,inflated,insertion,internodal,interpetalar,leathery,lower,marking,mature,membranous,modification,monochasial,multicellular,needle-like,non-geminate,none,odour,orientation,paired,pattern,pinnatifid,placement,pore,position,present-pair,prickle,radially,rhizome,round,rounded,scale,smell,spot,staman,stone,structure,swollen,symmetric,symmetry,system,tapered-lanceolate,tissue,tuber,vegetative,xylopodia,zygomorphy
227	wfo-0001028481	invalid_json_followup	NA	39	NA	36	107	79	anther,apex,base,branch,branched,calyx,colour,corolla,cuneate,dendritic,filament,form,fruit,fruiting,green,growth,inflorescence,interjected,leaf,leaflet,length,margin,mm,pedicel,petiole,prickle,pseudostipule,shape,shrub,stem,surface,terminal,texture,trichome,type,white	.5,0.5-1,0.6-1,0°,1-2,1.5,1.8-2.5,1/2-2/3,2.5-3,3,3-4,3-6,5.5-7.5,60-100,8,acuminate,almost,along,anthesi,apically,appearance,arrangement,attenuate,bark,border,brown,bud,canaliculate,characteristic,chartaceous,clavate,cm,conical,corrugation,cupular,dendritic-pubescent,diameter,dilated,discolorous,distal,distributed,dry,drying,ellipsoid,elliptic,entire,equal,evenly,exertion,faint,flexuous,flower,giving,glabrous,glabrousnes,height,history,lateral,liana,life,like,lobe,lobing,long,main,midpoint,midvein,na,new,number,oblique,oblong,occasional,orange-brown,ovary,pair,peduncle,per,perennial,plant,primary,pubescent,ray,reddish,ribbed,ridged,seed,shortly,size,slender,smooth,sparsely,spreading,stigma,style,thickly,thicknes,tube,unarmed,unknown,value,variation,vein,width,x,yellowish,young							1.0,3.5,absent,acute,appressed,articulation,basal,berry,blue,bract,branching,breeding,broad-based,cell,connective,discrete,distinct,eglandular,elliptic-oblong,enlarged,flat,fleshy,fork,fully,hair,hermaphroditic,heteromorphism,inflated,insertion,internodal,interpetalar,leathery,lilac,lower,marking,mature,membranous,modification,monochasial,multicellular,near-basal,needle-like,none,odour,orientation,paired,pattern,pink,placement,plurifoliate,pore,position,purple,radially,rhizome,round,scale,simple,simple-entire,smell,spot,staman,stellate,stone,structure,swollen,symmetric,symmetry,sympodial,system,tissue,tuber,unbranched,unit,vegetative,vine,woody,xylopodia,zygomorphy	36.0	107.0	79.0	anther,apex,base,branch,branched,calyx,colour,corolla,cuneate,dendritic,filament,form,fruit,fruiting,green,growth,inflorescence,interjected,leaf,leaflet,length,margin,mm,pedicel,petiole,prickle,pseudostipule,shape,shrub,stem,surface,terminal,texture,trichome,type,white	.5,0.5-1,0.6-1,0°,1-2,1.5,1.8-2.5,1/2-2/3,2.5-3,3,3-4,3-6,5.5-7.5,60-100,8,acuminate,almost,along,anthesi,apically,appearance,arrangement,attenuate,bark,border,brown,bud,canaliculate,characteristic,chartaceous,clavate,cm,conical,corrugation,cupular,dendritic-pubescent,diameter,dilated,discolorous,distal,distributed,dry,drying,ellipsoid,elliptic,entire,equal,evenly,exertion,faint,flexuous,flower,giving,glabrous,glabrousnes,height,history,lateral,liana,life,like,lobe,lobing,long,main,midpoint,midvein,na,new,number,oblique,oblong,occasional,orange-brown,ovary,pair,peduncle,per,perennial,plant,primary,pubescent,ray,reddish,ribbed,ridged,seed,shortly,size,slender,smooth,sparsely,spreading,stigma,style,thickly,thicknes,tube,unarmed,unknown,value,variation,vein,width,x,yellowish,young	1.0,3.5,absent,acute,appressed,articulation,basal,berry,blue,bract,branching,breeding,broad-based,cell,connective,discrete,distinct,eglandular,elliptic-oblong,enlarged,flat,fleshy,fork,fully,hair,hermaphroditic,heteromorphism,inflated,insertion,internodal,interpetalar,leathery,lilac,lower,marking,mature,membranous,modification,monochasial,multicellular,near-basal,needle-like,none,odour,orientation,paired,pattern,pink,placement,plurifoliate,pore,position,purple,radially,rhizome,round,scale,simple,simple-entire,smell,spot,staman,stellate,stone,structure,swollen,symmetric,symmetry,sympodial,system,tissue,tuber,unbranched,unit,vegetative,vine,woody,xylopodia,zygomorphy
228	wfo-0001028482	success	48	39	7	36	150	72	acute,anther,apex,asymmetric,base,berry,calyx,colour,corolla,filament,fleshy,form,fruit,fruiting,glandular,green,growth,inflorescence,internodal,leaf,leaf-opposed,length,margin,mm,pedicel,petiole,pore,shape,simple,stem,surface,texture,tree,trichome,type,white	.1,.5,/3,0,0.2,0.5,0.5-1,0.5-5,00,1-1.5,1-11,1-2,1-4,1.2-1.6,1.5-2,1.5-3,10,2-3,2-celled,3-12,3-4,4-5,5-25,6-50,7-14,abaxially,acuminate,adaxially,age,alternate,angled,anthesi,arrangement,ascending,bark,becoming,bifid,bifurcate,bilobed,branch,branched,bright,broadly,brochiodromous,brownish,bud,campanulate,capitate,channeled,characteristic,chartaceous,cm,corky,corrugated,corrugation,creamy,cymose,deciduous,deltate,diameter,diffusely,dry,drying,ellipsoid,elliptic,emarginate,entire,exerted,exertion,flattened-reniform,flower,fresh,glabrous,glabrousnes,globose,golden,halfway,hard,height,history,impressed,irregular,keeled,lengthening,less,life,lobe,lobing,long,material,maturity,midrib,minutely,na,new,nodding,number,obovate,occasionally,olive,ovary,pair,pale,papillate,peduncle,per,pitted,plant,poricidal,primary,pubescent,reddish,revolute,scandent,seed,shaped,shiny,short,size,slightly,slit,small,sometimes,somewhat,soon,sparsely,stigma,style,subcoriaceous,subglobose,subpyramidal,tan,tear-drop,tip,transparent,transversely,truncate,tube,tuberculate,tuft,uniseriate,usually,vein,venation,way,x,yellow,yellowish,young,µm							0.1,3.0-4.0,absent,andromonoecious,appressed,articulation,basal,bract,branching,breeding,broad-based,cell,connective,coriaceous,difoliate,discrete,distinct,elliptic-oblong,enlarged,flat,forked,hair,heteromorphism,inflated,insertion,interjected,interpetalar,leaflet,leathery,lower,marking,mature,membranous,modification,monochasial,multicellular,needle-like,non-geminate,none,odour,orientation,paired,pattern,placement,position,present,prickle,pseudostipule,radially,rhizome,round,scale,simple-entire,smell,spot,staman,stellate,stone,structure,swollen,symmetric,symmetry,sympodial,system,tissue,tuber,unbranched,unifoliate,unit,vegetative,xylopodia,zygomorphy	18.0	126.0	90.0	acute,apex,asymmetric,base,berry,calyx,fleshy,glandular,green,internodal,leaf-opposed,mm,pore,simple,surface,tree,trichome,white	.1,.5,/3,0,0.2,0.5,0.5-1,0.5-5,00,1-1.5,1-11,1-2,1-4,1.2-1.6,1.5-2,1.5-3,10,2-3,2-celled,3-12,3-4,4-5,5-25,6-50,7-14,abaxially,acuminate,adaxially,age,alternate,angled,anthesi,ascending,becoming,bifid,bifurcate,bilobed,branched,bright,broadly,brochiodromous,brownish,campanulate,capitate,channeled,chartaceous,cm,corky,corrugated,creamy,cymose,deciduous,deltate,diffusely,dry,drying,ellipsoid,elliptic,emarginate,entire,exerted,flattened-reniform,flower,fresh,glabrous,globose,golden,halfway,hard,impressed,irregular,keeled,lengthening,less,lobe,long,material,maturity,midrib,minutely,na,nodding,obovate,occasionally,olive,pair,pale,papillate,pitted,poricidal,pubescent,reddish,revolute,scandent,shaped,shiny,short,slightly,slit,small,sometimes,somewhat,soon,sparsely,style,subcoriaceous,subglobose,subpyramidal,tan,tear-drop,tip,transparent,transversely,truncate,tube,tuberculate,tuft,uniseriate,usually,venation,way,x,yellow,yellowish,young,µm	0.1,3.0-4.0,absent,andromonoecious,anther,appressed,articulation,basal,bract,branching,breeding,broad-based,cell,colour,connective,coriaceous,corolla,difoliate,discrete,distinct,elliptic-oblong,enlarged,filament,flat,forked,form,fruit,fruiting,growth,hair,heteromorphism,inflated,inflorescence,insertion,interjected,interpetalar,leaf,leaflet,leathery,length,lower,margin,marking,mature,membranous,modification,monochasial,multicellular,needle-like,non-geminate,none,odour,orientation,paired,pattern,pedicel,petiole,placement,position,present,prickle,pseudostipule,radially,rhizome,round,scale,shape,simple-entire,smell,spot,staman,stellate,stem,stone,structure,swollen,symmetric,symmetry,sympodial,system,texture,tissue,tuber,type,unbranched,unifoliate,unit,vegetative,xylopodia,zygomorphy
229	wfo-0001028487	invalid_json_followup	NA	40	NA	44	118	68	acute,anther,apex,asymmetric,base,berry,branch,calyx,cell,colour,coriaceous,corolla,distal,filament,forked,form,fruit,fruiting,green,growth,hair,herb,inflorescence,interjected,leaf,leaflet,length,margin,mm,ovoid,pedicel,petiole,prickle,pseudostipule,purple,rounded,shape,stem,surface,terminal,texture,tissue,type,white	0-9,0.3-0.7,0.4-1.5,0.9-3,1-2,1-3,1-3.2,1.1-1.5,1.4-1.7,1.7-7,10-4.3,10-41,15-28,2-4.8,2-6,2.5-3.5,3-10,3.4-7.8,4.6-13.6,5-6,7.8-16.4,\u201chair-like\u201d,abaxially,acumen,acuminate,adaxially,apparently,arrangement,attenuate,axe,axillary,bark,basiscopic,brownish,bud,cal,capitate,central,characteristic,clavate,cm,condition,connivent,corrugation,covering,dark,deep,diameter,drying,elliptic,exertion,flower,fresh,generally,glabrescent,glabrous,glabrousnes,green-white,greenish,half,height,history,lanceolate,lateral,life,light,lobing,long,make,medium,midpoint,mucilaginous,na,narrow,new,number,odd-pinnate,orbicular,ovary,ovate,peduncle,per,perfect,petiolulate,plant,primary,ray,ripe,scabrous,scarce,seed,sessile,short,side,size,sometimes,star,stigma,style,subtending,testal,thick,thicknes,throughout,tube,typically,unwinged,usually,value,variation,vein,wall,wet,whitish,wide,width,wing,x							1.0-2.0,1/2,5.0-6.0,absent,appressed,articulation,blue,bract,branching,breeding,broad-based,compound-entire,connective,distinct,elliptic-oblong,elongating,enlarged,flat,fleshy,fork,fully,hermaphroditic,heteromorphism,inflated,insertion,interpetalar,leathery,lilac,lower,marking,mature,modification,monochasial,needle-like,none,odour,orientation,paired,pattern,pink,placement,plurifoliate,pore,position,present,present-pair,radially,rhizome,rotate,scale,smell,spot,staman,stellate,stone,structure,swollen,symmetric,symmetry,sympodial,system,trichome,trifoliate,tuber,unit,vegetative,xylopodia,zygomorphy	44.0	118.0	68.0	acute,anther,apex,asymmetric,base,berry,branch,calyx,cell,colour,coriaceous,corolla,distal,filament,forked,form,fruit,fruiting,green,growth,hair,herb,inflorescence,interjected,leaf,leaflet,length,margin,mm,ovoid,pedicel,petiole,prickle,pseudostipule,purple,rounded,shape,stem,surface,terminal,texture,tissue,type,white	0-9,0.3-0.7,0.4-1.5,0.9-3,1-2,1-3,1-3.2,1.1-1.5,1.4-1.7,1.7-7,10-4.3,10-41,15-28,2-4.8,2-6,2.5-3.5,3-10,3.4-7.8,4.6-13.6,5-6,7.8-16.4,\u201chair-like\u201d,abaxially,acumen,acuminate,adaxially,apparently,arrangement,attenuate,axe,axillary,bark,basiscopic,brownish,bud,cal,capitate,central,characteristic,clavate,cm,condition,connivent,corrugation,covering,dark,deep,diameter,drying,elliptic,exertion,flower,fresh,generally,glabrescent,glabrous,glabrousnes,green-white,greenish,half,height,history,lanceolate,lateral,life,light,lobing,long,make,medium,midpoint,mucilaginous,na,narrow,new,number,odd-pinnate,orbicular,ovary,ovate,peduncle,per,perfect,petiolulate,plant,primary,ray,ripe,scabrous,scarce,seed,sessile,short,side,size,sometimes,star,stigma,style,subtending,testal,thick,thicknes,throughout,tube,typically,unwinged,usually,value,variation,vein,wall,wet,whitish,wide,width,wing,x	1.0-2.0,1/2,5.0-6.0,absent,appressed,articulation,blue,bract,branching,breeding,broad-based,compound-entire,connective,distinct,elliptic-oblong,elongating,enlarged,flat,fleshy,fork,fully,hermaphroditic,heteromorphism,inflated,insertion,interpetalar,leathery,lilac,lower,marking,mature,modification,monochasial,needle-like,none,odour,orientation,paired,pattern,pink,placement,plurifoliate,pore,position,present,present-pair,radially,rhizome,rotate,scale,smell,spot,staman,stellate,stone,structure,swollen,symmetric,symmetry,sympodial,system,trichome,trifoliate,tuber,unit,vegetative,xylopodia,zygomorphy
230	wfo-0001028489	success	51	42	7	36	117	80	acicular,anther,apex,base,berry,calyx,cell,colour,cordate,corolla,cuneate,filament,form,fruit,growth,inflorescence,leaf,length,margin,marking,mature,membranous,mm,orange,pedicel,petiole,prickle,purple,shape,shrub,stem,surface,texture,truncate,type,white	-10,-4,-5,-6,/4,0-20,0-3,0.3-0.5,0.3-1,0.3-1.2-2.5,0.5-1,0.5-1.1,0.5-1.5,0.6-1.2,0.7-3,1-3,1-7,1.5-4,1.8-2.2,1.8-4,1.8-5.5,1/3,1/3-1/2,15-25,2-3,2-4,2.1-3,3-7,4-13,7.5,acute,apart,apparently,appearance,arrangement,articulated,bark,border,branch,characteristic,chartaceous,cm,connivent,cream,dark,diameter,dull,elliptic,elongating,erect,exertion,flattened-reniform,giving,glabrous,glabrousnes,gray,green,height,history,lateral,life,lobe,lobed,lobing,long,maturity,mauve,moderately,na,new,number,obtuse,occasionally,orange-brown,orange-green,outline,ovary,ovate,pair,pale,peduncle,per,perennial,perpendicular,plant,poricidal,prickly,primary,raised,red-brown,rounded,seed,shiny,side,simple,size,smooth,sometimes,spaced,sparsely,spherical,stellate-pubescent,straight,style,tapering,tip,unarmed,upper,vein,way,white-gray,wide,width,yellow,yellow-green,yellow-orange,young							0.5-0.8,3.5-6.0,absent,appressed,articulation,asymmetric,basal,blue,bract,branching,breeding,broad-based,connective,dichasial,difoliate,discrete,distinct,eglandular,enlarged,flat,fleshy,fruiting,fully,hair,hermaphroditic,heteromorphism,inflated,insertion,interjected,internodal,interpetalar,leaflet,leathery,lilac,lower,modification,needle-like,non-geminate,none,odour,orientation,paired,pattern,pink,placement,pore,position,present,present-inflorescence,present-leaf,present-stem,pseudostipule,radially,random,red,rhizome,round,scale,simple-lobed,smell,spot,spreading,staman,stellate,stone,structure,swollen,symmetric,symmetry,sympodial,system,tapered-lanceolate,tissue,trichome,tuber,unbranched,unit,vegetative,xylopodia,zygomorphy	19.0	92.0	97.0	acicular,base,berry,cell,cordate,cuneate,fruit,length,marking,mature,membranous,mm,orange,prickle,purple,shrub,stem,truncate,white	-10,-4,-5,-6,/4,0-20,0-3,0.3-0.5,0.3-1,0.3-1.2-2.5,0.5-1,0.5-1.1,0.5-1.5,0.6-1.2,0.7-3,1-3,1-7,1.5-4,1.8-2.2,1.8-4,1.8-5.5,1/3,1/3-1/2,15-25,2-3,2-4,2.1-3,3-7,4-13,7.5,acute,apart,apparently,articulated,chartaceous,cm,connivent,cream,dark,diameter,dull,elliptic,elongating,erect,flattened-reniform,glabrous,gray,green,lateral,lobe,lobed,long,maturity,mauve,moderately,na,obtuse,occasionally,orange-brown,orange-green,outline,ovate,pair,pale,perennial,perpendicular,poricidal,prickly,raised,red-brown,rounded,shiny,side,simple,smooth,sometimes,spaced,sparsely,spherical,stellate-pubescent,straight,tapering,tip,unarmed,upper,way,white-gray,wide,yellow,yellow-green,yellow-orange,young	0.5-0.8,3.5-6.0,absent,anther,apex,appressed,articulation,asymmetric,basal,blue,bract,branching,breeding,broad-based,calyx,colour,connective,corolla,dichasial,difoliate,discrete,distinct,eglandular,enlarged,filament,flat,fleshy,form,fruiting,fully,growth,hair,hermaphroditic,heteromorphism,inflated,inflorescence,insertion,interjected,internodal,interpetalar,leaf,leaflet,leathery,lilac,lower,margin,modification,needle-like,non-geminate,none,odour,orientation,paired,pattern,pedicel,petiole,pink,placement,pore,position,present,present-inflorescence,present-leaf,present-stem,pseudostipule,radially,random,red,rhizome,round,scale,shape,simple-lobed,smell,spot,spreading,staman,stellate,stone,structure,surface,swollen,symmetric,symmetry,sympodial,system,tapered-lanceolate,texture,tissue,trichome,tuber,type,unbranched,unit,vegetative,xylopodia,zygomorphy
231	wfo-0001028492	success	35	36	7	36	83	70	anther,apex,base,branch,calyx,cell,colour,corolla,filament,forked,form,fruit,fruiting,growth,herb,inflorescence,interjected,leaf,leaflet,length,margin,mm,pedicel,petiole,prickle,pseudostipule,purple,rounded,shape,shrub,stem,surface,terminal,texture,type,unbranched	0.5-1,1-2.5,1-4,1.5-2.5,1.5-6,15-20,2-2.5,2-4,2.5-9,3,4,5-15,5-25-flower,5-8,6-11,6-12,acute,angled,appearance,arrangement,bark,border,bud,characteristic,cm,colored,containing,corrugation,crystal,dark,deltate,diameter,distal,drying,elliptic-ovate,entire,exertion,giving,glabrous,glabrousnes,globose,height,history,lateral,life,lobe,lobing,midpoint,na,narrowly,new,number,ovary,peduncle,per,plant,primary,pubescent,punctate,rarely,ray,reticulate,ripe,sand,seed,simple,size,stigma,style,subcordate,thicknes,triangular,truncate,tube,variation,vein,white,white-punctate,whitish,wide,width,x,x1-3							5.0-8.0,absent,appressed,articulation,basal,berry,black,blue,bract,branching,breeding,broad-based,connective,cordate,coriaceous,discrete,distinct,enlarged,flat,fleshy,fork,fully,hair,hermaphroditic,heteromorphism,inflated,insertion,internodal,interpetalar,leathery,lilac,lower,marking,mature,modification,needle-like,none,odour,orientation,paired,pattern,pink,placement,plurifoliate,pore,position,radially,rhizome,round,scale,simple-entire,smell,spot,staman,stellate,stone,structure,swollen,symmetric,symmetry,sympodial,system,tapered-lanceolate,tissue,trichome,tuber,unit,vegetative,xylopodia,zygomorphy	9.0	47.0	97.0	base,cell,forked,herb,mm,purple,rounded,shrub,unbranched	0.5-1,1-2.5,1-4,1.5-2.5,1.5-6,15-20,2-2.5,2-4,2.5-9,3,4,5-15,5-25-flower,5-8,6-11,6-12,acute,angled,cm,colored,containing,crystal,dark,deltate,diameter,elliptic-ovate,entire,glabrous,globose,na,narrowly,pubescent,punctate,rarely,reticulate,ripe,sand,simple,subcordate,triangular,truncate,white,white-punctate,whitish,wide,x,x1-3	5.0-8.0,absent,anther,apex,appressed,articulation,basal,berry,black,blue,bract,branch,branching,breeding,broad-based,calyx,colour,connective,cordate,coriaceous,corolla,discrete,distinct,enlarged,filament,flat,fleshy,fork,form,fruit,fruiting,fully,growth,hair,hermaphroditic,heteromorphism,inflated,inflorescence,insertion,interjected,internodal,interpetalar,leaf,leaflet,leathery,length,lilac,lower,margin,marking,mature,modification,needle-like,none,odour,orientation,paired,pattern,pedicel,petiole,pink,placement,plurifoliate,pore,position,prickle,pseudostipule,radially,rhizome,round,scale,shape,simple-entire,smell,spot,staman,stellate,stem,stone,structure,surface,swollen,symmetric,symmetry,sympodial,system,tapered-lanceolate,terminal,texture,tissue,trichome,tuber,type,unit,vegetative,xylopodia,zygomorphy
232	wfo-0001028501	invalid_json_followup	NA	40	NA	39	109	71	anther,apex,base,berry,branch,calyx,colour,coriaceous,corolla,distal,filament,forked,form,fruit,green,growth,hair,herb,inflorescence,interjected,leaf,leaflet,length,margin,mm,ovoid,pedicel,petiole,prickle,pseudostipule,shape,simple,spot,stem,surface,terminal,texture,type,white	0-3.2,0-4,0.3-0.7,0.3-3.3,0.6-5.8,0.8-1.6,0.8-1.7,1,1-2,1-8,1.8-10.7,13-41,2.8-18,2.8-4.9,3-10,3-5,3.1-10.4,3.1-12,4-8,4.8-18,6.6-21.1,8-34,abaxially,acumen,acuminate,acute,adaxially,arrangement,axillary,bark,blade,brownish,bud,capitate,characteristic,clavate,cm,condition,corrugation,dark,decurrent,diameter,drying,exertion,flower,fresh,generally,glabrescent,glabrous,glabrousnes,green-white,greenish,half,height,history,lanceolate,lateral,life,light,linear,lobe,lobing,long,medium,midpoint,mottled,mucilaginous,na,narrow,narrowly,new,number,odd-pinnate,onto,ovary,ovate,peduncle,per,plant,primary,purple,pyriform,rachi,ray,ripe,scarce,seed,sessile,short,size,sometimes,stigma,style,subtending,thicknes,throughout,tube,typically,unwinged,usually,value,variation,vein,wet,whitish,wide,width,wing,x							1.0-2.0,1/2,4.0-8.0,absent,appressed,articulation,bract,branching,breeding,broad-based,cell,compound-entire,connective,distinct,eglandular,elliptic-oblong,elongating,enlarged,flat,fleshy,fork,fruiting,fully,hermaphroditic,heteromorphism,inflated,insertion,interpetalar,leathery,lower,marking,mature,modification,monochasial,multicellular,needle-like,none,odour,orientation,paired,pattern,placement,plurifoliate,pore,position,present,present-pair,radially,rhizome,rotate,rounded,scale,smell,staman,stellate,stone,structure,swollen,symmetric,symmetry,sympodial,system,tissue,trichome,trifoliate,truncate,tuber,unit,vegetative,xylopodia,zygomorphy	39.0	109.0	71.0	anther,apex,base,berry,branch,calyx,colour,coriaceous,corolla,distal,filament,forked,form,fruit,green,growth,hair,herb,inflorescence,interjected,leaf,leaflet,length,margin,mm,ovoid,pedicel,petiole,prickle,pseudostipule,shape,simple,spot,stem,surface,terminal,texture,type,white	0-3.2,0-4,0.3-0.7,0.3-3.3,0.6-5.8,0.8-1.6,0.8-1.7,1,1-2,1-8,1.8-10.7,13-41,2.8-18,2.8-4.9,3-10,3-5,3.1-10.4,3.1-12,4-8,4.8-18,6.6-21.1,8-34,abaxially,acumen,acuminate,acute,adaxially,arrangement,axillary,bark,blade,brownish,bud,capitate,characteristic,clavate,cm,condition,corrugation,dark,decurrent,diameter,drying,exertion,flower,fresh,generally,glabrescent,glabrous,glabrousnes,green-white,greenish,half,height,history,lanceolate,lateral,life,light,linear,lobe,lobing,long,medium,midpoint,mottled,mucilaginous,na,narrow,narrowly,new,number,odd-pinnate,onto,ovary,ovate,peduncle,per,plant,primary,purple,pyriform,rachi,ray,ripe,scarce,seed,sessile,short,size,sometimes,stigma,style,subtending,thicknes,throughout,tube,typically,unwinged,usually,value,variation,vein,wet,whitish,wide,width,wing,x	1.0-2.0,1/2,4.0-8.0,absent,appressed,articulation,bract,branching,breeding,broad-based,cell,compound-entire,connective,distinct,eglandular,elliptic-oblong,elongating,enlarged,flat,fleshy,fork,fruiting,fully,hermaphroditic,heteromorphism,inflated,insertion,interpetalar,leathery,lower,marking,mature,modification,monochasial,multicellular,needle-like,none,odour,orientation,paired,pattern,placement,plurifoliate,pore,position,present,present-pair,radially,rhizome,rotate,rounded,scale,smell,staman,stellate,stone,structure,swollen,symmetric,symmetry,sympodial,system,tissue,trichome,trifoliate,truncate,tuber,unit,vegetative,xylopodia,zygomorphy
233	wfo-0001028502	invalid_json_followup	NA	36	NA	36	92	65	acute,anther,apex,base,branch,branched,calyx,colour,corolla,dendritic,filament,form,fruit,fruiting,growth,inflorescence,interjected,leaf,leaflet,length,margin,pedicel,petiole,plurifoliate,prickle,pseudostipule,shape,shrub,stem,surface,terminal,texture,tree,trichome,type,white	.5,/2,0.5-1,1-2,1.5-2,1.5-2.5,1.5-6,1.6-2.4,2-5,2-7,2-8,3.5-15,3.5-4,4-6,5-15,6-8,abaxially,adaxially,appearance,arrangement,bark,brown,bud,campanulate,characteristic,clavate,cm,congested,constricted,corrugation,dark,densely,dia,diameter,distal,drying,elliptic,exertion,exserted,fawn,flattened-reniform,flower,giving,glabrous,glabrousnes,globose,height,history,later,lateral,life,lobe,lobed,lobing,long,main,midpoint,minutely,mm,na,new,number,obovate,ovary,pair,peduncle,per,perennial,pitted,plant,primary,pubescent,ray,reddish-brown,seed,shining,size,small,stigma,style,thick,thicknes,time,tree-like,tube,value,variation,vein,warty,way,wide,width							absent,appressed,articulation,basal,berry,bract,branching,breeding,broad-based,cell,connective,distinct,elliptic-oblong,elongating,enlarged,flat,fleshy,fork,green,hair,heteromorphism,inflated,insertion,internodal,interpetalar,leathery,lower,marking,mature,membranous,modification,monochasial,multi-branched,needle-like,none,odour,orientation,paired,pattern,placement,pore,position,present,radially,rhizome,round,scale,simple-entire,smell,spot,staman,stellate,stone,structure,swollen,symmetric,symmetry,sympodial,system,tissue,tuber,unit,vegetative,xylopodia,zygomorphy	36.0	92.0	65.0	acute,anther,apex,base,branch,branched,calyx,colour,corolla,dendritic,filament,form,fruit,fruiting,growth,inflorescence,interjected,leaf,leaflet,length,margin,pedicel,petiole,plurifoliate,prickle,pseudostipule,shape,shrub,stem,surface,terminal,texture,tree,trichome,type,white	.5,/2,0.5-1,1-2,1.5-2,1.5-2.5,1.5-6,1.6-2.4,2-5,2-7,2-8,3.5-15,3.5-4,4-6,5-15,6-8,abaxially,adaxially,appearance,arrangement,bark,brown,bud,campanulate,characteristic,clavate,cm,congested,constricted,corrugation,dark,densely,dia,diameter,distal,drying,elliptic,exertion,exserted,fawn,flattened-reniform,flower,giving,glabrous,glabrousnes,globose,height,history,later,lateral,life,lobe,lobed,lobing,long,main,midpoint,minutely,mm,na,new,number,obovate,ovary,pair,peduncle,per,perennial,pitted,plant,primary,pubescent,ray,reddish-brown,seed,shining,size,small,stigma,style,thick,thicknes,time,tree-like,tube,value,variation,vein,warty,way,wide,width	absent,appressed,articulation,basal,berry,bract,branching,breeding,broad-based,cell,connective,distinct,elliptic-oblong,elongating,enlarged,flat,fleshy,fork,green,hair,heteromorphism,inflated,insertion,internodal,interpetalar,leathery,lower,marking,mature,membranous,modification,monochasial,multi-branched,needle-like,none,odour,orientation,paired,pattern,placement,pore,position,present,radially,rhizome,round,scale,simple-entire,smell,spot,staman,stellate,stone,structure,swollen,symmetric,symmetry,sympodial,system,tissue,tuber,unit,vegetative,xylopodia,zygomorphy
234	wfo-0001028505	success	47	38	8	36	93	68	anther,apex,basal,base,berry,calyx,colour,corolla,filament,form,fruit,fruiting,green,growth,inflorescence,interjected,leaf,leaflet,length,margin,mm,pedicel,petiole,prickle,pseudostipule,rounded,shape,shrub,simple,stem,surface,texture,trichome,truncate,type,white	.1,.3,.5,/3,0.25-0.5,0.8-1,0.8-1.5,1,1-3,10-14-flowered,10-15,2,3.5-5,acuminate,acute,alternate,appearance,arrangement,aspect,bark,beneath,border,branch,broadly,bud,characteristic,cm,conical,corrugation,decurred,dia,diameter,distal,dry,drying,erect,exertion,exsertion,f,flattened,gently,giving,glabrous,glabrousnes,globose,grey,height,history,lateral,life,lobe,lobing,long,midpoint,minutely,na,narrowly,new,number,obovoid,ovary,ovate,ovoid-reniform,pale,peduncle,per,perennial,pitted,plant,primary,prominent,pubescent,ray,seed,shaped,size,specimen,stigma,style,tan,tapering,tear-drop,terminal,thicknes,tube,unicellular,uniseriate,variation,vein,way,width,x,yellowish							0.3,2.5,absent,appressed,articulation,bract,branching,breeding,broad-based,cell,connective,difoliate,discrete,distinct,eglandular,elliptic-oblong,enlarged,flat,fleshy,geminate,hair,heteromorphism,inflated,insertion,interpetalar,leaf-opposed,leathery,lower,marking,mature,membranous,modification,monochasial,multicellular,needle-like,none,odour,orientation,paired,pattern,placement,pore,position,present,radially,rhizome,round,scale,simple-entire,smell,spot,staman,stellate,stone,structure,swollen,symmetric,symmetry,sympodial,system,tissue,tuber,unbranched,unit,vegetative,winged,xylopodia,zygomorphy	14.0	55.0	90.0	apex,basal,base,berry,calyx,corolla,green,mm,rounded,shrub,simple,trichome,truncate,white	.1,.3,.5,/3,0.25-0.5,0.8-1,0.8-1.5,1,1-3,10-14-flowered,10-15,2,3.5-5,acuminate,acute,alternate,aspect,beneath,broadly,cm,conical,decurred,dia,dry,drying,erect,exsertion,f,flattened,gently,glabrous,globose,grey,long,minutely,na,narrowly,obovoid,ovate,ovoid-reniform,pale,perennial,pitted,prominent,pubescent,shaped,specimen,tan,tapering,tear-drop,unicellular,uniseriate,way,x,yellowish	0.3,2.5,absent,anther,appressed,articulation,bract,branching,breeding,broad-based,cell,colour,connective,difoliate,discrete,distinct,eglandular,elliptic-oblong,enlarged,filament,flat,fleshy,form,fruit,fruiting,geminate,growth,hair,heteromorphism,inflated,inflorescence,insertion,interjected,interpetalar,leaf,leaf-opposed,leaflet,leathery,length,lower,margin,marking,mature,membranous,modification,monochasial,multicellular,needle-like,none,odour,orientation,paired,pattern,pedicel,petiole,placement,pore,position,present,prickle,pseudostipule,radially,rhizome,round,scale,shape,simple-entire,smell,spot,staman,stellate,stem,stone,structure,surface,swollen,symmetric,symmetry,sympodial,system,texture,tissue,tuber,type,unbranched,unit,vegetative,winged,xylopodia,zygomorphy
235	wfo-0001028524	invalid_json_followup	NA	40	NA	38	137	72	0.6-1.4,acute,anther,apex,base,berry,branch,calyx,colour,corolla,filament,form,fruit,fruiting,green,growth,inflorescence,interjected,leaf,leaflet,length,margin,mm,pedicel,petiole,pore,prickle,pseudostipule,rounded,shape,simple,stem,surface,terminal,texture,tree,type,yellow	-3,0.3,0.5-3.5,1-5,1.1-1.2,1.5-1.6,10-20,11,2-6,2.5-3.8,2.8-3.5,3-10,3-15,3.4-3.6,4-6,4-8,6-9,7-11,8-13,acuminate,adaxially,age,anthesi,apart,apical-lateral,arrangement,articulated,bark,becoming,blunt-tipped,branched,brown,bud,capitate,characteristic,chartaceous,closely,cm,conical,continued,corrugation,cream,dark,dehiscing,deltoid,densely,diameter,distal,dm,drying,due,echinoid,entire,exertion,exserted,extend,ferrugineous,flower,free,glabrescent,glabrous,glabrousnes,granular-tomentose,gray,greenish,height,history,honeycombed,introrse,lanceolate,large,late,lateral,life,lobe,lobing,longitudinal,midpoint,midvein,multangulate,na,nearly,new,number,oblong,obtuse,orbicular,ovary,ovate,ovate-lanceolate,pale,peduncle,per,perennial,persistent,plant,primary,probably,pseud-terminal,pubescent,rather,ray,reniform,reticulate-punctate,ripe,scabridulous,seed,side,size,slightly,slit,somewhat,spaced,sparing,stelliform,stigma,strongly,style,subcoriaceous,subglobose,suborbicular,sulcate,terete,thicknes,thin,time,tomentose,translucent,tube,unarmed,value,variation,vein,velutinous,width,x,yellowish							2-locular,3.5-4.5,absent,appressed,articulation,basal,bract,branching,breeding,broad-based,cell,connective,coriaceous,cuneate,dendritic,dichasial,distinct,eglandular,elliptic-oblong,elongating,enlarged,flat,fleshy,fork,fully,hair,hermaphroditic,heteromorphism,inflated,insertion,interpetalar,leathery,lower,marking,mature,modification,multi-branched,needle-like,none,odour,orientation,paired,pattern,placement,plurifoliate,position,present,present-single,radially,rhizome,round,scale,simple-entire,smell,spot,staman,stellate,stone,structure,swollen,symmetric,symmetry,sympodial,system,tissue,trichome,tuber,unit,vegetative,white,xylopodia,zygomorphy	38.0	137.0	72.0	0.6-1.4,acute,anther,apex,base,berry,branch,calyx,colour,corolla,filament,form,fruit,fruiting,green,growth,inflorescence,interjected,leaf,leaflet,length,margin,mm,pedicel,petiole,pore,prickle,pseudostipule,rounded,shape,simple,stem,surface,terminal,texture,tree,type,yellow	-3,0.3,0.5-3.5,1-5,1.1-1.2,1.5-1.6,10-20,11,2-6,2.5-3.8,2.8-3.5,3-10,3-15,3.4-3.6,4-6,4-8,6-9,7-11,8-13,acuminate,adaxially,age,anthesi,apart,apical-lateral,arrangement,articulated,bark,becoming,blunt-tipped,branched,brown,bud,capitate,characteristic,chartaceous,closely,cm,conical,continued,corrugation,cream,dark,dehiscing,deltoid,densely,diameter,distal,dm,drying,due,echinoid,entire,exertion,exserted,extend,ferrugineous,flower,free,glabrescent,glabrous,glabrousnes,granular-tomentose,gray,greenish,height,history,honeycombed,introrse,lanceolate,large,late,lateral,life,lobe,lobing,longitudinal,midpoint,midvein,multangulate,na,nearly,new,number,oblong,obtuse,orbicular,ovary,ovate,ovate-lanceolate,pale,peduncle,per,perennial,persistent,plant,primary,probably,pseud-terminal,pubescent,rather,ray,reniform,reticulate-punctate,ripe,scabridulous,seed,side,size,slightly,slit,somewhat,spaced,sparing,stelliform,stigma,strongly,style,subcoriaceous,subglobose,suborbicular,sulcate,terete,thicknes,thin,time,tomentose,translucent,tube,unarmed,value,variation,vein,velutinous,width,x,yellowish	2-locular,3.5-4.5,absent,appressed,articulation,basal,bract,branching,breeding,broad-based,cell,connective,coriaceous,cuneate,dendritic,dichasial,distinct,eglandular,elliptic-oblong,elongating,enlarged,flat,fleshy,fork,fully,hair,hermaphroditic,heteromorphism,inflated,insertion,interpetalar,leathery,lower,marking,mature,modification,multi-branched,needle-like,none,odour,orientation,paired,pattern,placement,plurifoliate,position,present,present-single,radially,rhizome,round,scale,simple-entire,smell,spot,staman,stellate,stone,structure,swollen,symmetric,symmetry,sympodial,system,tissue,trichome,tuber,unit,vegetative,white,xylopodia,zygomorphy
236	wfo-0001028525	success	42	39	7	35	98	75	anther,apex,base,berry,black,branch,branched,branching,colour,corolla,dendritic,filament,form,fruit,fruiting,growth,inflorescence,leaf,length,margin,mature,membranous,mm,ovoid,pedicel,petiole,rounded,shape,shrub,stem,surface,terminal,texture,truncate,type	0.5-1.5,0.5-2.5,1-2,1-2.5,1.1-1.7,1.2-1.6,1.5,1.5-3,1/3-3/4,10,10-13,2,2-2.5,2.5-5,3,3-7,4,4-7,7,acuminate,acute,almost,anthesi,apically,arrangement,attenuate,bark,broadly,brown,bud,capitate,cayx,characteristic,chartaceous,clavate,cm,conical,cordate,corrugation,developed,diameter,dilated,drying,ellipsoid,elongated,entire,exertion,flattened,flexuous,frequently,glabrous,glabrousnes,green-brown,grey,height,history,lateral,liana,life,light,lobing,long,longitudinally,lumpy,mauve,na,new,number,obconical,oblong,orange-brown,ovary,ovate,pair,partly,peduncle,per,plant,primary,pubescent,pyriform,red-brown,ridged,seed,simple,size,slender,sometimes,spheroidal,stigma,style,terete,tube,unarmed,vein,weakly,whitish,x							0.4-0.6,1.0,absent,appressed,articulation,basal,blue,bract,breeding,broad-based,calyx,cell,connective,discrete,distinct,elliptic-oblong,enlarged,flat,fork,forked,fully,hair,hard,hermaphroditic,heteromorphism,inflated,insertion,interjected,interpetalar,leaflet,lilac,lower,marking,modification,monochasial,needle-like,none,odour,orientation,paired,pattern,pink,placement,plurifoliate,pore,position,prickle,pseudostipule,purple,radially,rhizome,round,scale,simple-entire,smell,spot,staman,stellate,stone,structure,swollen,symmetric,symmetry,sympodial,system,tissue,trichome,tuber,unbranched,unit,vegetative,vine,woody,xylopodia,zygomorphy	18.0	72.0	92.0	apex,base,berry,black,branch,branched,branching,corolla,dendritic,fruit,mature,membranous,mm,ovoid,rounded,shrub,terminal,truncate	0.5-1.5,0.5-2.5,1-2,1-2.5,1.1-1.7,1.2-1.6,1.5,1.5-3,1/3-3/4,10,10-13,2,2-2.5,2.5-5,3,3-7,4,4-7,7,acuminate,acute,almost,anthesi,apically,attenuate,broadly,brown,capitate,chartaceous,clavate,cm,conical,cordate,developed,dilated,drying,ellipsoid,elongated,entire,flattened,flexuous,frequently,glabrous,green-brown,grey,lateral,liana,light,long,longitudinally,lumpy,mauve,na,obconical,oblong,orange-brown,ovate,pair,partly,pubescent,pyriform,red-brown,ridged,simple,slender,sometimes,spheroidal,terete,unarmed,weakly,whitish,x	0.4-0.6,1.0,absent,anther,appressed,articulation,basal,blue,bract,breeding,broad-based,calyx,cell,colour,connective,discrete,distinct,elliptic-oblong,enlarged,filament,flat,fork,forked,form,fruiting,fully,growth,hair,hard,hermaphroditic,heteromorphism,inflated,inflorescence,insertion,interjected,interpetalar,leaf,leaflet,length,lilac,lower,margin,marking,modification,monochasial,needle-like,none,odour,orientation,paired,pattern,pedicel,petiole,pink,placement,plurifoliate,pore,position,prickle,pseudostipule,purple,radially,rhizome,round,scale,shape,simple-entire,smell,spot,staman,stellate,stem,stone,structure,surface,swollen,symmetric,symmetry,sympodial,system,texture,tissue,trichome,tuber,type,unbranched,unit,vegetative,vine,woody,xylopodia,zygomorphy
237	wfo-0001028528	invalid_json_followup	NA	39	NA	41	98	69	absent,anther,apex,basal,base,berry,branch,branching,calyx,colour,corolla,dendritic,dichasial,filament,fork,form,fruit,fruiting,growth,inflorescence,interjected,leaf,leaflet,length,margin,mm,pedicel,petiole,plurifoliate,pore,prickle,pseudostipule,round,shape,shrub,stem,surface,terminal,texture,trichome,type	.5,0.9-1.2,1-2,1.1-1.2,1.8-2,2-4,2.5-3,3.5-4,3.5-6,3/4,4-6,6-7,8-9,?,acute,age,anthesi,apical,arrangement,attenuate,bark,becoming,bi-lobed,blackish,bud,characteristic,cm,conical,corrugation,decurrent,densely,diameter,distal,drying,elliptic,erect,except,exertion,exserted,flattened,glabrous,glabrousnes,globose,height,history,immature,later,lateral,life,lobe,lobing,midpoint,minutely,mucronate,na,narrowly,new,nodding,number,obovate,occasionally,outline,ovary,pair,papillose,peduncle,per,pitted,plant,poricidal,primary,pubescent,ray,reddish-brown,revolute,secondary,seed,shiny,short,size,slit-like,somewhat,sparsely,stigma,strongly,style,tapering,thicknes,tip,tube,value,variation,vein,violet,way,white,width,x							2.0,4.5,appressed,articulation,asymmetric,black,blue,bract,branched,breeding,broad-based,cell,connective,coriaceous,cuneate,cup-shaped,distinct,elliptic-oblong,elongating,enlarged,fleshy,forked,fully,hair,hermaphroditic,heteromorphism,inflated,insertion,interpetalar,leathery,lilac,lower,marking,mature,modification,multi-branched,needle-like,none,odour,orientation,paired,pattern,pink,placement,position,present,purple,radially,rhizome,scale,simple-entire,smell,spot,staman,stellate,stone,structure,swollen,symmetric,symmetry,sympodial,system,tissue,tuber,unit,vegetative,winged,xylopodia,zygomorphy	41.0	98.0	69.0	absent,anther,apex,basal,base,berry,branch,branching,calyx,colour,corolla,dendritic,dichasial,filament,fork,form,fruit,fruiting,growth,inflorescence,interjected,leaf,leaflet,length,margin,mm,pedicel,petiole,plurifoliate,pore,prickle,pseudostipule,round,shape,shrub,stem,surface,terminal,texture,trichome,type	.5,0.9-1.2,1-2,1.1-1.2,1.8-2,2-4,2.5-3,3.5-4,3.5-6,3/4,4-6,6-7,8-9,?,acute,age,anthesi,apical,arrangement,attenuate,bark,becoming,bi-lobed,blackish,bud,characteristic,cm,conical,corrugation,decurrent,densely,diameter,distal,drying,elliptic,erect,except,exertion,exserted,flattened,glabrous,glabrousnes,globose,height,history,immature,later,lateral,life,lobe,lobing,midpoint,minutely,mucronate,na,narrowly,new,nodding,number,obovate,occasionally,outline,ovary,pair,papillose,peduncle,per,pitted,plant,poricidal,primary,pubescent,ray,reddish-brown,revolute,secondary,seed,shiny,short,size,slit-like,somewhat,sparsely,stigma,strongly,style,tapering,thicknes,tip,tube,value,variation,vein,violet,way,white,width,x	2.0,4.5,appressed,articulation,asymmetric,black,blue,bract,branched,breeding,broad-based,cell,connective,coriaceous,cuneate,cup-shaped,distinct,elliptic-oblong,elongating,enlarged,fleshy,forked,fully,hair,hermaphroditic,heteromorphism,inflated,insertion,interpetalar,leathery,lilac,lower,marking,mature,modification,multi-branched,needle-like,none,odour,orientation,paired,pattern,pink,placement,position,present,purple,radially,rhizome,scale,simple-entire,smell,spot,staman,stellate,stone,structure,swollen,symmetric,symmetry,sympodial,system,tissue,tuber,unit,vegetative,winged,xylopodia,zygomorphy
238	wfo-0001028529	success	46	38	8	35	104	70	0.1,anther,apex,attenuate,base,berry,calyx,colour,corolla,filament,form,fruit,fruiting,green,growth,inflorescence,interjected,internodal,leaf,leaflet,length,margin,mm,pedicel,petiole,prickle,pseudostipule,shape,shrub,stem,surface,texture,type,white,winged	.2,.5,0.5,0.5-2,0.8-1.3,0.8-3.2,1,1-1.2,1-1.5,1.5,2,2.5-3,2/3,5-6,6-9,8-14,acuminate,alternate,appearance,arrangement,bark,bluish,border,branch,brown,bud,capitate,cast,characteristic,cm,corrugation,dark,decurrent,deflexed,dia,diameter,distal,drying,erect,exertion,exserted,furcate,giving,glabrous,glabrousnes,globose,height,history,hyaline,lanceolate,lateral,less,life,lobe,lobed,lobing,long,main,metallic,midpoint,minutely,na,narrowly,nearly,new,number,oblanceolate,occasionally,opposite,ovary,ovoid-reniform,pair,papillose,peduncle,per,perennial,pitted,plant,primary,ray,seed,shaped,simple,size,slender,slightly,smooth,somewhat,soon,stigma,straight,style,tapering,tear-drop,terminal,thicknes,tube,variation,vein,way,width,woody,x,yellowish							2.5-3.0,absent,appressed,articulation,basal,blue,bract,branching,breeding,broad-based,cell,connective,cuneate,difoliate,discrete,distinct,elliptic-oblong,enlarged,flat,fleshy,forked,geminate,hair,heteromorphism,inflated,insertion,interpetalar,leaf-opposed,leathery,lower,marking,mature,membranous,modification,monochasial,needle-like,none,odour,orientation,paired,pattern,placement,plurifoliate,pore,position,present,radially,rhizome,round,scale,simple-entire,smell,spot,staman,stellate,stone,structure,swollen,symmetric,symmetry,sympodial,system,tissue,trichome,tuber,unbranched,unit,vegetative,xylopodia,zygomorphy	13.0	68.0	92.0	0.1,attenuate,base,berry,calyx,green,internodal,leaf,mm,petiole,shrub,white,winged	.2,.5,0.5,0.5-2,0.8-1.3,0.8-3.2,1,1-1.2,1-1.5,1.5,2,2.5-3,2/3,5-6,6-9,8-14,acuminate,alternate,bluish,brown,capitate,cast,cm,dark,decurrent,deflexed,dia,erect,exserted,furcate,glabrous,globose,hyaline,lanceolate,lateral,less,lobed,long,main,metallic,minutely,na,narrowly,nearly,oblanceolate,occasionally,opposite,ovoid-reniform,pair,papillose,perennial,pitted,shaped,simple,slender,slightly,smooth,somewhat,soon,straight,tapering,tear-drop,tube,vein,way,woody,x,yellowish	2.5-3.0,absent,anther,apex,appressed,articulation,basal,blue,bract,branching,breeding,broad-based,cell,colour,connective,corolla,cuneate,difoliate,discrete,distinct,elliptic-oblong,enlarged,filament,flat,fleshy,forked,form,fruit,fruiting,geminate,growth,hair,heteromorphism,inflated,inflorescence,insertion,interjected,interpetalar,leaf-opposed,leaflet,leathery,length,lower,margin,marking,mature,membranous,modification,monochasial,needle-like,none,odour,orientation,paired,pattern,pedicel,placement,plurifoliate,pore,position,present,prickle,pseudostipule,radially,rhizome,round,scale,shape,simple-entire,smell,spot,staman,stellate,stem,stone,structure,surface,swollen,symmetric,symmetry,sympodial,system,texture,tissue,trichome,tuber,type,unbranched,unit,vegetative,xylopodia,zygomorphy
239	wfo-0001028532	invalid_json_followup	NA	40	NA	39	104	71	anther,apex,base,berry,branch,calyx,cell,colour,corolla,distal,filament,forked,form,fruit,fruiting,green,growth,herb,inflorescence,interjected,leaf,leaflet,length,margin,mm,pedicel,petiole,prickle,pseudostipule,purple,rounded,shape,spot,stem,surface,terminal,texture,type,white	0-19,0.2-1,1-1.6,1-1.7,1-2,1-3,1.3-8.7,1.4-1.6,15-36,17-42,2-8,2.2-4.2,3-10,3.3-4.4,3.9-5,4-7,5-9,6.5-9.2,7.5-15.2,\u201chair-like\u201d,acuminate,acute,apparently,appearance,arrangement,attenuate,axe,axillary,bark,brownish,bud,capitate,characteristic,chartaceous,clavate,cm,condition,corrugation,covering,dark,deep,diameter,drying,exertion,flower,fresh,generally,giving,glabrous,glabrousnes,globose,green-white,greenish,half,height,history,lanceolate,lateral,life,lobe,lobing,long,make,medium,midpoint,mottled,mucilaginous,na,new,number,odd-pinnate,ovary,ovate,ovate-lanceolate,ovoid,peduncle,per,perfect,petiolulate,plant,primary,ray,ripe,seed,size,sometimes,stigma,style,subtending,testal,thick,thicknes,throughout,tube,unwinged,usually,value,variation,vein,wall,wet,whitish,width,x							1.0-2.0,1/2,4.0-7.0,absent,appressed,articulation,asymmetric,black,bract,branching,breeding,broad-based,compound-entire,connective,cordate,distinct,elliptic-oblong,elongating,enlarged,flat,fleshy,fork,fully,hair,hermaphroditic,heteromorphism,inflated,insertion,interpetalar,leathery,lower,marking,mature,membranous,modification,monochasial,needle-like,none,odour,orientation,paired,pattern,placement,plurifoliate,pore,position,present,present-pair,radially,rhizome,rotate,round,scale,smell,staman,stellate,stone,structure,swollen,symmetric,symmetry,sympodial,system,tissue,trichome,trifoliate,tuber,unit,vegetative,xylopodia,zygomorphy	39.0	104.0	71.0	anther,apex,base,berry,branch,calyx,cell,colour,corolla,distal,filament,forked,form,fruit,fruiting,green,growth,herb,inflorescence,interjected,leaf,leaflet,length,margin,mm,pedicel,petiole,prickle,pseudostipule,purple,rounded,shape,spot,stem,surface,terminal,texture,type,white	0-19,0.2-1,1-1.6,1-1.7,1-2,1-3,1.3-8.7,1.4-1.6,15-36,17-42,2-8,2.2-4.2,3-10,3.3-4.4,3.9-5,4-7,5-9,6.5-9.2,7.5-15.2,\u201chair-like\u201d,acuminate,acute,apparently,appearance,arrangement,attenuate,axe,axillary,bark,brownish,bud,capitate,characteristic,chartaceous,clavate,cm,condition,corrugation,covering,dark,deep,diameter,drying,exertion,flower,fresh,generally,giving,glabrous,glabrousnes,globose,green-white,greenish,half,height,history,lanceolate,lateral,life,lobe,lobing,long,make,medium,midpoint,mottled,mucilaginous,na,new,number,odd-pinnate,ovary,ovate,ovate-lanceolate,ovoid,peduncle,per,perfect,petiolulate,plant,primary,ray,ripe,seed,size,sometimes,stigma,style,subtending,testal,thick,thicknes,throughout,tube,unwinged,usually,value,variation,vein,wall,wet,whitish,width,x	1.0-2.0,1/2,4.0-7.0,absent,appressed,articulation,asymmetric,black,bract,branching,breeding,broad-based,compound-entire,connective,cordate,distinct,elliptic-oblong,elongating,enlarged,flat,fleshy,fork,fully,hair,hermaphroditic,heteromorphism,inflated,insertion,interpetalar,leathery,lower,marking,mature,membranous,modification,monochasial,needle-like,none,odour,orientation,paired,pattern,placement,plurifoliate,pore,position,present,present-pair,radially,rhizome,rotate,round,scale,smell,staman,stellate,stone,structure,swollen,symmetric,symmetry,sympodial,system,tissue,trichome,trifoliate,tuber,unit,vegetative,xylopodia,zygomorphy
240	wfo-0001028547	success	53	44	8	40	121	83	absent,anther,apex,base,berry,branch,calyx,cell,colour,corolla,cuneate,filament,form,fruit,growth,inflorescence,interjected,leaf,leaflet,length,margin,marking,mm,orange,pedicel,petiole,prickle,pseudostipule,purple,red,shape,shrub,spreading,stem,straight,surface,terminal,texture,truncate,type	-8,.2,.5,.7,.8,/5,0,0-30,0-5,0.1-0.2,0.2-0.35,0.5-1.5-2.5-3,1-2.5,1-5,1.2-1.4,1.7-2,2-1.5,2-4,2.5-2.8,2.8-3.2,3-5,3.5-4.5-6,4-5,7-10-13,acute,apart,apically,apparently,appearance,appearing,arrangement,articulated,bark,border,branched,bright,characteristic,cm,conical,cream,curved,dark,deltate,densely,diameter,distal,dull,elongate,entire,erect,exertion,flattened,flattened-reniform,giving,glabrous,glabrousnes,gray-brown,green,height,history,lateral,life,lobe,lobed,lobing,long,long-acuminate,maturity,mauve,midpoint,moderately,na,narrow-deltate,new,number,oblong,often,orange-brown,outline,ovary,ovate,pair,pale,peduncle,per,pit,plant,poricidal,prickly,primary,raised,ray,reddish,reflexed,scandent,seed,shallowly,simple,size,small,smooth,sometimes,somewhat,spaced,spherical,stellate-pubescent,style,tapering,thicknes,thin-acuminate,tip,tube,variation,vein,villous,way,wide,width,yellow,yellow-orange,young							1.0,7.0,acicular,appressed,articulation,asymmetric,basal,blue,bract,branching,breeding,broad-based,connective,dichasial,discrete,distinct,eglandular,enlarged,flat,fleshy,fork,fruiting,fully,hair,hermaphroditic,heteromorphism,inflated,insertion,internodal,interpetalar,leathery,lilac,lower,mature,membranous,modification,needle-like,none,odour,orientation,paired,pattern,pink,placement,plurifoliate,pore,position,present,present-inflorescence,present-leaf,present-stem,radially,random,recurved,rhizome,round,scale,simple-entire,simple-lobed,simple-toothed,smell,spot,staman,stellate,stone,structure,swollen,symmetric,symmetry,sympodial,system,tapered-lanceolate,tissue,triangular,trichome,tuber,unbranched,unit,vegetative,vine,woody,xylopodia,zygomorphy	16.0	91.0	107.0	absent,base,berry,cell,cuneate,marking,mm,orange,prickle,purple,red,shrub,spreading,straight,terminal,truncate	-8,.2,.5,.7,.8,/5,0,0-30,0-5,0.1-0.2,0.2-0.35,0.5-1.5-2.5-3,1-2.5,1-5,1.2-1.4,1.7-2,2-1.5,2-4,2.5-2.8,2.8-3.2,3-5,3.5-4.5-6,4-5,7-10-13,acute,apart,apically,apparently,appearing,articulated,branched,bright,cm,conical,cream,curved,dark,deltate,densely,diameter,dull,elongate,entire,erect,flattened,flattened-reniform,glabrous,gray-brown,green,lateral,lobed,long,long-acuminate,maturity,mauve,moderately,na,narrow-deltate,oblong,often,orange-brown,outline,ovate,pair,pale,per,pit,poricidal,prickly,raised,reddish,reflexed,scandent,shallowly,simple,small,smooth,sometimes,somewhat,spaced,spherical,stellate-pubescent,tapering,thin-acuminate,tip,villous,way,wide,yellow,yellow-orange,young	1.0,7.0,acicular,anther,apex,appressed,articulation,asymmetric,basal,blue,bract,branch,branching,breeding,broad-based,calyx,colour,connective,corolla,dichasial,discrete,distinct,eglandular,enlarged,filament,flat,fleshy,fork,form,fruit,fruiting,fully,growth,hair,hermaphroditic,heteromorphism,inflated,inflorescence,insertion,interjected,internodal,interpetalar,leaf,leaflet,leathery,length,lilac,lower,margin,mature,membranous,modification,needle-like,none,odour,orientation,paired,pattern,pedicel,petiole,pink,placement,plurifoliate,pore,position,present,present-inflorescence,present-leaf,present-stem,pseudostipule,radially,random,recurved,rhizome,round,scale,shape,simple-entire,simple-lobed,simple-toothed,smell,spot,staman,stellate,stem,stone,structure,surface,swollen,symmetric,symmetry,sympodial,system,tapered-lanceolate,texture,tissue,triangular,trichome,tuber,type,unbranched,unit,vegetative,vine,woody,xylopodia,zygomorphy
241	wfo-0001028587	success	46	38	7	32	87	70	acute,anther,apex,base,berry,calyx,colour,corolla,filament,form,fruit,fruiting,geminate,green,growth,inflorescence,leaf,leaflet,length,margin,mm,pedicel,petiole,prickle,shape,shrub,simple,stem,surface,texture,type,white	.5,.75,0,0.3-1,0.5-1,0.8-1.6,0.8-1.8,1-1.3,1-4,2.1-6.9,2.5,6-8,6.5-17.7,abruptly,acuminate,anthesi,appearance,arrangement,bark,border,branch,brown,bud,characteristic,cm,corrugation,dia,diameter,distal,drying,ellipsoid,exertion,giving,glabrous,glabrousnes,globose,greenish-white,height,history,impressed,lateral,life,lobe,lobing,long,midpoint,minutely,na,narrowing,nearly,new,number,obe,obovate,obovoid,ovary,ovate,ovoid-reniform,papillose,peduncle,per,perennial,persistent,pitted,plant,poricidal,primary,puberulent,pubescent,ray,reflexed,seed,size,slender,stigma,style,subumbellate,terminal,thicknes,tip,triangular,tube,umbonate,variation,vein,width,x							0.4,3.5,absent,appressed,articulation,basal,bract,branching,breeding,broad-based,cell,connective,difoliate,distinct,elliptic-oblong,elongating,enlarged,flat,fleshy,glandular,hair,heteromorphism,inflated,insertion,interjected,interpetalar,leaf-opposed,leathery,lower,marking,mature,membranous,modification,monochasial,multicellular,needle-like,none,odour,orientation,paired,pattern,placement,pore,position,present,pseudostipule,radially,rhizome,round,scale,simple-entire,smell,spot,staman,stellate,stone,structure,swollen,symmetric,symmetry,sympodial,system,tissue,trichome,tuber,unbranched,unit,vegetative,xylopodia,zygomorphy	9.0	49.0	93.0	acute,base,berry,geminate,green,mm,shrub,simple,white	.5,.75,0,0.3-1,0.5-1,0.8-1.6,0.8-1.8,1-1.3,1-4,2.1-6.9,2.5,6-8,6.5-17.7,abruptly,acuminate,anthesi,brown,cm,dia,ellipsoid,glabrous,globose,greenish-white,impressed,long,minutely,na,narrowing,nearly,obe,obovate,obovoid,ovate,ovoid-reniform,papillose,perennial,persistent,pitted,poricidal,puberulent,pubescent,reflexed,slender,style,subumbellate,tip,triangular,umbonate,x	0.4,3.5,absent,anther,apex,appressed,articulation,basal,bract,branching,breeding,broad-based,calyx,cell,colour,connective,corolla,difoliate,distinct,elliptic-oblong,elongating,enlarged,filament,flat,fleshy,form,fruit,fruiting,glandular,growth,hair,heteromorphism,inflated,inflorescence,insertion,interjected,interpetalar,leaf,leaf-opposed,leaflet,leathery,length,lower,margin,marking,mature,membranous,modification,monochasial,multicellular,needle-like,none,odour,orientation,paired,pattern,pedicel,petiole,placement,pore,position,present,prickle,pseudostipule,radially,rhizome,round,scale,shape,simple-entire,smell,spot,staman,stellate,stem,stone,structure,surface,swollen,symmetric,symmetry,sympodial,system,texture,tissue,trichome,tuber,type,unbranched,unit,vegetative,xylopodia,zygomorphy
242	wfo-0001028594	success	42	39	7	32	94	81	acute,anther,apex,axillary,base,berry,calyx,colour,corolla,ellipsoid,filament,form,fruit,fruiting,green,growth,herb,inflorescence,leaf,length,margin,mm,pedicel,petiole,purple,shape,simple,stem,surface,texture,trichome,type	0-100,0.3-1.0,0.8-1.8,1-1.2,1-1.3,1-1.5,1-2,1-3,1.5-9,12,12-14,2,3-4,3-6,3-9,6-20,6-7,acuminate,arrangement,axil,bark,bearing,becoming,black,bottle-shaped,branch,bud,capitate,characteristic,cm,conical,corrugation,densely,diameter,drying,elliptic,especially,exertion,exserted,flattened-reniform,flower,glabrous,glabrousnes,globose,hair-like,height,history,immature,lax,life,lobing,long,maturity,minute,minutely,na,new,number,obtuse,open,orange-brown,ovary,ovate,pair,peduncle,pendent,per,perennial,plant,primary,projection,pubescent,quit,rectangular,reddish,regular,rounded,scar,seed,size,slightly,soft,somewhat,sparsely,spreading,stigma,strongly,style,time,tube,uniseriate,vein,violet,x							0.1,3.0-4.0,absent,appressed,articulation,basal,blue,bract,branching,breeding,broad-based,cell,connective,distinct,eglandular,elliptic-oblong,elongating,enlarged,flat,fleshy,forked,fully,hair,herbaceous,hermaphroditic,heteromorphism,inflated,insertion,interjected,interpetalar,leaflet,leathery,lilac,lower,marking,mature,membranous,modification,monochasial,multi-branched,multicellular,needle-like,none,odour,orientation,paired,pattern,pink,placement,pointed,pore,position,prickle,pseudostipule,radially,rhizome,round,scale,shrub,simple-entire,small,smell,spot,staman,stellate,stone,structure,swollen,symmetric,symmetry,sympodial,system,tissue,tuber,unbranched,unifoliate,unit,vegetative,vine,xylopodia,zygomorphy	13.0	69.0	100.0	acute,axillary,berry,ellipsoid,green,herb,inflorescence,leaf,margin,mm,purple,simple,trichome	0-100,0.3-1.0,0.8-1.8,1-1.2,1-1.3,1-1.5,1-2,1-3,1.5-9,12,12-14,2,3-4,3-6,3-9,6-20,6-7,acuminate,axil,bearing,becoming,black,bottle-shaped,capitate,cm,conical,densely,drying,elliptic,especially,exserted,flattened-reniform,flower,glabrous,globose,hair-like,immature,lax,long,maturity,minute,minutely,na,obtuse,open,orange-brown,ovate,pair,pendent,per,perennial,projection,pubescent,quit,rectangular,reddish,regular,rounded,scar,slightly,soft,somewhat,sparsely,spreading,strongly,time,uniseriate,violet,x	0.1,3.0-4.0,absent,anther,apex,appressed,articulation,basal,base,blue,bract,branching,breeding,broad-based,calyx,cell,colour,connective,corolla,distinct,eglandular,elliptic-oblong,elongating,enlarged,filament,flat,fleshy,forked,form,fruit,fruiting,fully,growth,hair,herbaceous,hermaphroditic,heteromorphism,inflated,insertion,interjected,interpetalar,leaflet,leathery,length,lilac,lower,marking,mature,membranous,modification,monochasial,multi-branched,multicellular,needle-like,none,odour,orientation,paired,pattern,pedicel,petiole,pink,placement,pointed,pore,position,prickle,pseudostipule,radially,rhizome,round,scale,shape,shrub,simple-entire,small,smell,spot,staman,stellate,stem,stone,structure,surface,swollen,symmetric,symmetry,sympodial,system,texture,tissue,tuber,type,unbranched,unifoliate,unit,vegetative,vine,xylopodia,zygomorphy
243	wfo-0001028660	success	49	40	9	39	99	76	absent,anther,apex,base,berry,blue,branch,calyx,colour,corolla,distal,filament,forked,form,fruit,green,growth,hair,herb,inflorescence,interjected,leaf,leaflet,length,margin,membranous,mm,pedicel,petiole,prickle,pseudostipule,purple,shape,stem,surface,terminal,texture,type,white	0.2-1.1,0.3-1.1,0.5-2.8,0.5-5.5,0.7-4.2,0.8-1,0.9-2.5,1-2,1.5-2.8,1.5-4,1.5-7.6,2-11,2-6,3-30,3-7,3.8-13,4-6,5-8,7-10,acute,appearance,arrangement,articulated,axillary,bark,border,broadly,brownish,bud,capitate,characteristic,chartaceous,ciliate,clavate,cm,condition,corrugation,decurrent,densely,diameter,drying,elliptic,entirely,exertion,fresh,generally,giving,glabrous,glabrousnes,globose,greenish,half,height,history,honeycomb-shaped,lanceolate,lateral,life,linear,lobe,lobing,long,middle,midpoint,na,narrowly,new,number,oblique,obtuse,odd-pinnate,ovary,ovoid,peduncle,per,plant,primary,pubescent,ray,ripe,scabrous,seed,short,size,sparsely,stigma,style,subtending,thicknes,tinged,tube,typically,unwinged,usually,variation,vein,whitish,width,x							1.0-2.0,1/2,4.0-6.0,appressed,articulation,asymmetric,attenuate,bract,branching,breeding,broad-based,cell,compound-entire,connective,cuneate,distinct,eglandular,elliptic-oblong,elongating,enlarged,flat,fleshy,fork,fruiting,fully,hermaphroditic,heteromorphism,inflated,insertion,interpetalar,leathery,lilac,lower,marking,mature,modification,monochasial,multicellular,needle-like,none,odour,orientation,paired,pattern,pink,placement,plurifoliate,pore,position,present,present-pair,radially,rhizome,rotate,round,scale,simple,smell,spot,staman,stellate,stone,structure,swollen,symmetric,symmetry,sympodial,system,tissue,trichome,trifoliate,tuber,unit,vegetative,xylopodia,zygomorphy	13.0	67.0	102.0	absent,berry,blue,distal,forked,green,hair,herb,membranous,mm,purple,terminal,white	0.2-1.1,0.3-1.1,0.5-2.8,0.5-5.5,0.7-4.2,0.8-1,0.9-2.5,1-2,1.5-2.8,1.5-4,1.5-7.6,2-11,2-6,3-30,3-7,3.8-13,4-6,5-8,7-10,acute,articulated,axillary,broadly,brownish,bud,capitate,chartaceous,ciliate,clavate,cm,condition,decurrent,densely,diameter,drying,elliptic,entirely,fresh,generally,glabrous,globose,greenish,half,honeycomb-shaped,lanceolate,linear,long,middle,na,narrowly,oblique,obtuse,odd-pinnate,ovoid,plant,pubescent,ripe,scabrous,short,sparsely,subtending,tinged,typically,unwinged,usually,whitish,x	1.0-2.0,1/2,4.0-6.0,anther,apex,appressed,articulation,asymmetric,attenuate,base,bract,branch,branching,breeding,broad-based,calyx,cell,colour,compound-entire,connective,corolla,cuneate,distinct,eglandular,elliptic-oblong,elongating,enlarged,filament,flat,fleshy,fork,form,fruit,fruiting,fully,growth,hermaphroditic,heteromorphism,inflated,inflorescence,insertion,interjected,interpetalar,leaf,leaflet,leathery,length,lilac,lower,margin,marking,mature,modification,monochasial,multicellular,needle-like,none,odour,orientation,paired,pattern,pedicel,petiole,pink,placement,plurifoliate,pore,position,present,present-pair,prickle,pseudostipule,radially,rhizome,rotate,round,scale,shape,simple,smell,spot,staman,stellate,stem,stone,structure,surface,swollen,symmetric,symmetry,sympodial,system,texture,tissue,trichome,trifoliate,tuber,type,unit,vegetative,xylopodia,zygomorphy
244	wfo-0001028667	success	37	39	3	31	96	77	acute,apex,axillary,base,berry,branch,calyx,cell,colour,corolla,form,fruit,fruiting,growth,inflorescence,leaf,length,margin,mm,pedicel,petiole,shape,shoot,stem,surface,terminal,texture,type,vine,white,woody	.5,0.4-0.7-2.6,0.7-4,1-1.5,1-2-1.5,1-4.5,1-6,1.3-2,3,3-11,5,5-20,8-10,aid,anthesi,apart,appearing,around,arrangement,articulated,bark,branched,bud,characteristic,climbing,clustered,cm,completely,conical,corrugation,creamy,curling,deciduous,diameter,dry,drying,ellipsoid,elliptic,entire,exertion,exfoliating,exfoliation,exserted,flattened,flower,glabrous,glabrousnes,height,history,irregularly,life,like,lobing,long,midrib,minutely,na,narrowly,new,number,occasionally,other,outer,pale,papillae,peduncle,pendant,per,pitted,plant,primary,reniform,revolute,scar,seed,shiny,short,simple,size,sleeve,slender,slightly,small,soon,spaced,straw-colored,strongly,support,tip,twice,twining,vein,visible,wrinkling,x,yellow							1.0-1.5,4.0-6.5,absent,anther,appressed,articulation,basal,bract,branching,breeding,broad-based,connective,coriaceous,cup-shaped,distinct,elliptic-oblong,elongating,enlarged,filament,fleshy,fork,forked,fully,hair,hermaphroditic,heteromorphism,inflated,insertion,interjected,interpetalar,leaflet,leathery,lower,marking,mature,modification,monochasial,needle-like,none,odour,orange,orientation,paired,pattern,placement,plurifoliate,pore,position,present,prickle,pseudostipule,radially,red,rhizome,round,scale,simple-entire,smell,spot,spur,staman,stellate,stone,structure,swollen,symmetric,symmetry,sympodial,system,tissue,trichome,tuber,unbranched,unit,vegetative,xylopodia,zygomorphy	18.0	74.0	90.0	acute,apex,axillary,base,berry,branch,calyx,cell,inflorescence,leaf,mm,shoot,stem,surface,terminal,vine,white,woody	.5,0.4-0.7-2.6,0.7-4,1-1.5,1-2-1.5,1-4.5,1-6,1.3-2,3,3-11,5,5-20,8-10,aid,anthesi,apart,appearing,around,articulated,branched,climbing,clustered,cm,completely,conical,creamy,curling,deciduous,diameter,dry,ellipsoid,elliptic,entire,exfoliating,exserted,flattened,flower,glabrous,irregularly,like,long,midrib,minutely,na,narrowly,occasionally,other,outer,pale,papillae,pendant,per,pitted,reniform,revolute,shiny,short,simple,sleeve,slender,slightly,small,soon,spaced,straw-colored,strongly,support,tip,twice,twining,visible,wrinkling,x,yellow	1.0-1.5,4.0-6.5,absent,anther,appressed,articulation,basal,bract,branching,breeding,broad-based,colour,connective,coriaceous,corolla,cup-shaped,distinct,elliptic-oblong,elongating,enlarged,filament,fleshy,fork,forked,form,fruit,fruiting,fully,growth,hair,hermaphroditic,heteromorphism,inflated,insertion,interjected,interpetalar,leaflet,leathery,length,lower,margin,marking,mature,modification,monochasial,needle-like,none,odour,orange,orientation,paired,pattern,pedicel,petiole,placement,plurifoliate,pore,position,present,prickle,pseudostipule,radially,red,rhizome,round,scale,shape,simple-entire,smell,spot,spur,staman,stellate,stone,structure,swollen,symmetric,symmetry,sympodial,system,texture,tissue,trichome,tuber,type,unbranched,unit,vegetative,xylopodia,zygomorphy
245	wfo-0001028688	success	33	38	5	33	74	73	2.5,acute,anther,apex,base,branch,calyx,colour,corolla,filament,form,fruit,fruiting,growth,inflorescence,interjected,leaf,leaflet,length,margin,mm,pedicel,petiole,prickle,pseudostipule,shape,shrub,stem,surface,terminal,texture,type,white	0.4-1,0.5,0.5-1,0.9-1,1-5,1.1-1.2,1.4-2.8,2-3,5-11,5-6,acuminate,appearance,arrangement,bark,border,bud,characteristic,clavate,cm,corrugation,deciduous,diameter,distal,drying,elliptic,exertion,exserted,furcate,giving,glabrous,glabrousnes,globose,height,history,lanceolate,lateral,life,lobe,lobed,lobing,midpoint,na,near,nearly,new,number,occasionally,opposite,ovary,overtopping,papillose,peduncle,per,pilose,plant,primary,ray,reddish-brown,seed,shaped,shoot,size,soon,stigma,style,tapering,tear-drop,thicknes,tip,tube,variation,vein,width,x							0.5-1.0,absent,appressed,articulation,basal,berry,bract,branching,breeding,broad-based,cell,connective,difoliate,discrete,distinct,eglandular,elliptic-oblong,enlarged,flat,fleshy,fork,geminate,green,hair,heteromorphism,inflated,insertion,interpetalar,leaf-opposed,leathery,lower,marking,mature,membranous,modification,monochasial,multicellular,needle-like,non-geminate,none,odour,orientation,paired,pattern,placement,pore,position,present,radially,rhizome,round,scale,simple,simple-entire,smell,spot,staman,stellate,stone,structure,swollen,symmetric,symmetry,sympodial,system,tissue,trichome,tuber,unbranched,unit,vegetative,xylopodia,zygomorphy	8.0	38.0	98.0	2.5,acute,base,calyx,leaf,mm,shrub,white	0.4-1,0.5,0.5-1,0.9-1,1-5,1.1-1.2,1.4-2.8,2-3,5-11,5-6,acuminate,clavate,cm,deciduous,elliptic,exserted,furcate,glabrous,globose,lanceolate,lobed,na,near,nearly,occasionally,opposite,overtopping,papillose,pilose,reddish-brown,shaped,shoot,soon,tapering,tear-drop,tip,tube,x	0.5-1.0,absent,anther,apex,appressed,articulation,basal,berry,bract,branch,branching,breeding,broad-based,cell,colour,connective,corolla,difoliate,discrete,distinct,eglandular,elliptic-oblong,enlarged,filament,flat,fleshy,fork,form,fruit,fruiting,geminate,green,growth,hair,heteromorphism,inflated,inflorescence,insertion,interjected,interpetalar,leaf-opposed,leaflet,leathery,length,lower,margin,marking,mature,membranous,modification,monochasial,multicellular,needle-like,non-geminate,none,odour,orientation,paired,pattern,pedicel,petiole,placement,pore,position,present,prickle,pseudostipule,radially,rhizome,round,scale,shape,simple,simple-entire,smell,spot,staman,stellate,stem,stone,structure,surface,swollen,symmetric,symmetry,sympodial,system,terminal,texture,tissue,trichome,tuber,type,unbranched,unit,vegetative,xylopodia,zygomorphy
246	wfo-0001028698	success	32	40	7	35	79	85	acute,anther,apex,base,branch,calyx,colour,corolla,distal,filament,form,fruit,fruiting,green,growth,inflorescence,interjected,leaf,leaflet,length,margin,mm,monochasial,ovoid,pedicel,petiole,prickle,pseudostipule,shape,stem,surface,terminal,texture,type,white	0-10,0.3-0.75,1-2,1-4,1-9.8,1.9-4,13-25,2-10,3-5,4-14,5-15,5-6,6-13,8-10,9-35,acuminate,appearance,arrangement,bark,border,branched,broadly,bud,characteristic,cm,conical,corrugation,cyme,dark,diameter,dichasial,dichasially,drying,ebracteate,ellipsoid,elliptical,exertion,giving,glabrousnes,globose,green-white,height,herbaceous,history,lateral,life,light,lobe,lobing,medium,midpoint,mucilaginous,na,new,number,oblique,odd-pinnate,ovary,ovate,peduncle,per,perennial,plant,primary,puberulent,pubescent,ray,seed,size,stigma,strigose,style,thicknes,throughout,tube,variation,vein,violet,width							1.0-4.0,1/2,1/4-1/2,5.0-6.0,absent,appressed,articulation,asymmetric,basal,berry,blue,bract,branching,breeding,broad-based,cell,compound-entire,connective,cuneate,distinct,eglandular,elliptic-oblong,elongating,enlarged,flat,fleshy,fork,forked,fully,hair,herb,hermaphroditic,heteromorphism,inflated,insertion,interpetalar,leathery,lilac,lower,marking,mature,membranous,modification,multi-branched,multicellular,needle-like,none,odour,orientation,paired,pattern,pink,placement,plurifoliate,pore,position,present,present-pair,purple,radially,rhizome,rotate,rounded,scale,simple,smell,spot,staman,stellate,stone,structure,swollen,symmetric,symmetry,sympodial,system,tissue,trichome,trifoliate,truncate,tuber,unit,vegetative,xylopodia,zygomorphy	6.0	43.0	114.0	acute,green,mm,monochasial,ovoid,white	0-10,0.3-0.75,1-2,1-4,1-9.8,1.9-4,13-25,2-10,3-5,4-14,5-15,5-6,6-13,8-10,9-35,acuminate,branched,broadly,cm,conical,cyme,dark,dichasial,dichasially,ebracteate,ellipsoid,elliptical,globose,green-white,herbaceous,light,medium,mucilaginous,na,oblique,odd-pinnate,ovate,perennial,puberulent,pubescent,strigose,throughout,violet	1.0-4.0,1/2,1/4-1/2,5.0-6.0,absent,anther,apex,appressed,articulation,asymmetric,basal,base,berry,blue,bract,branch,branching,breeding,broad-based,calyx,cell,colour,compound-entire,connective,corolla,cuneate,distal,distinct,eglandular,elliptic-oblong,elongating,enlarged,filament,flat,fleshy,fork,forked,form,fruit,fruiting,fully,growth,hair,herb,hermaphroditic,heteromorphism,inflated,inflorescence,insertion,interjected,interpetalar,leaf,leaflet,leathery,length,lilac,lower,margin,marking,mature,membranous,modification,multi-branched,multicellular,needle-like,none,odour,orientation,paired,pattern,pedicel,petiole,pink,placement,plurifoliate,pore,position,present,present-pair,prickle,pseudostipule,purple,radially,rhizome,rotate,rounded,scale,shape,simple,smell,spot,staman,stellate,stem,stone,structure,surface,swollen,symmetric,symmetry,sympodial,system,terminal,texture,tissue,trichome,trifoliate,truncate,tuber,type,unit,vegetative,xylopodia,zygomorphy
247	wfo-0001028716	success	35	38	4	30	77	73	0.5,anther,apex,base,calyx,colour,corolla,cuneate,filament,form,fruit,fruiting,glandular,growth,inflorescence,leaf,length,margin,mm,pedicel,petiole,shape,shrub,simple,stem,surface,texture,trichome,type,white	.2,.5,0.6-1.9,1-2,10-40-flowered,11-16.4,2.5-8,3.6-8.8,7-8,8-9,9-10,acuminate,alternate,anthesi,arrangement,bark,beneath,bi-cellular,brown,bud,characteristic,cm,corrugation,dark,decurrent,dia,diameter,drying,ellipsoid,except,exertion,filiform,glabrous,height,hirsute,history,lateral,lenticellate,less,life,like,lobing,long,main,minutely,na,nearly,node,number,often,ovary,ovate,pair,papillose,peduncle,per,perennial,plant,primary,pubescent,reflexed,seed,shaped,size,slightly,sparsely,stigma,straight,style,tear-drop,triangular,truncate,tube,uniseriate,vein,widening,x							2.0,absent,appressed,articulation,basal,berry,bract,branching,breeding,broad-based,cell,connective,difoliate,discrete,distinct,elliptic-oblong,enlarged,flat,fleshy,geminate,green,hair,heteromorphism,inflated,insertion,interjected,interpetalar,leaf-opposed,leaflet,leathery,lower,marking,mature,membranous,modification,monochasial,multicellular,needle-like,none,odour,orientation,paired,pattern,placement,pore,position,present,prickle,pseudostipule,radially,rhizome,round,scale,simple-entire,smell,spot,staman,stellate,stone,structure,swollen,symmetric,symmetry,sympodial,system,tissue,tuber,unbranched,unit,vegetative,winged,xylopodia,zygomorphy	15.0	54.0	88.0	0.5,base,cuneate,glandular,inflorescence,leaf,mm,petiole,shrub,simple,stem,surface,texture,trichome,white	.2,.5,0.6-1.9,1-2,10-40-flowered,11-16.4,2.5-8,3.6-8.8,7-8,8-9,9-10,acuminate,alternate,anthesi,beneath,bi-cellular,brown,cm,dark,decurrent,dia,ellipsoid,except,filiform,glabrous,hirsute,lateral,lenticellate,less,like,long,main,minutely,na,nearly,node,often,ovate,pair,papillose,perennial,pubescent,reflexed,shaped,slightly,sparsely,straight,tear-drop,triangular,truncate,uniseriate,vein,widening,x	2.0,absent,anther,apex,appressed,articulation,basal,berry,bract,branching,breeding,broad-based,calyx,cell,colour,connective,corolla,difoliate,discrete,distinct,elliptic-oblong,enlarged,filament,flat,fleshy,form,fruit,fruiting,geminate,green,growth,hair,heteromorphism,inflated,insertion,interjected,interpetalar,leaf-opposed,leaflet,leathery,length,lower,margin,marking,mature,membranous,modification,monochasial,multicellular,needle-like,none,odour,orientation,paired,pattern,pedicel,placement,pore,position,present,prickle,pseudostipule,radially,rhizome,round,scale,shape,simple-entire,smell,spot,staman,stellate,stone,structure,swollen,symmetric,symmetry,sympodial,system,tissue,tuber,type,unbranched,unit,vegetative,winged,xylopodia,zygomorphy
248	wfo-0001028723	success	34	39	4	37	100	75	acute,anther,apex,base,branch,branched,branching,calyx,colour,corolla,dendritic,filament,form,fruit,fruiting,green,growth,inflorescence,interjected,leaf,leaflet,length,margin,membranous,mm,pedicel,petiole,prickle,pseudostipule,shape,shrub,stem,surface,terminal,texture,trichome,type	-1.5,0.8-1,0°,1-1.8,1-2.2,1-2.5,10-16,2-2.5,2-2.7,3.5-4,4-5,5,5-6,5-7,almost,apically,appearance,arrangement,bark,border,brachyblast,broadly,bud,capitate,characteristic,clustered,cm,conical,corrugation,dark,diameter,dilated,distal,drying,ellipsoid,elliptic,entire,except,exertion,flower,giving,glabrous,glabrousnes,gradual,height,history,lateral,liana,life,like,lobe,lobing,long,long-attenuate,midpoint,midvein,minutely,mostly,na,new,number,obconical,oblong,obovate,occasional,orange-brown,ovary,pair,papillose,peduncle,per,plant,primary,pubescent,ray,ridged,seed,short,side,simple,size,smooth,sparsely,spreading,stigma,style,thicknes,tip,transition,tube,unarmed,unevenly,variation,vein,white,widely,width,wrinkled,x,youngest							1.0,3.5-4.0,absent,appressed,articulation,basal,berry,black,blue,bract,breeding,broad-based,cell,connective,discrete,distinct,elliptic-oblong,enlarged,flat,fleshy,fork,forked,fully,hair,hermaphroditic,heteromorphism,inflated,insertion,interpetalar,leathery,lilac,lower,marking,mature,modification,monochasial,near-basal,needle-like,none,odour,orange,orientation,ovoid,paired,pattern,pink,placement,plurifoliate,pore,position,purple,radially,red,rhizome,scale,simple-entire,smell,spot,staman,stellate,stone,structure,swollen,symmetric,symmetry,sympodial,system,tissue,tuber,unit,vegetative,vine,woody,xylopodia,zygomorphy	16.0	64.0	96.0	acute,apex,base,branch,branched,branching,calyx,dendritic,green,membranous,mm,pedicel,shrub,stem,terminal,trichome	-1.5,0.8-1,0°,1-1.8,1-2.2,1-2.5,10-16,2-2.5,2-2.7,3.5-4,4-5,5,5-6,5-7,almost,apically,brachyblast,broadly,capitate,clustered,cm,conical,dark,dilated,drying,ellipsoid,elliptic,entire,except,flower,glabrous,gradual,liana,like,long,long-attenuate,midvein,minutely,mostly,na,obconical,oblong,obovate,occasional,orange-brown,pair,papillose,pubescent,ridged,short,side,simple,smooth,sparsely,spreading,tip,transition,unarmed,unevenly,white,widely,wrinkled,x,youngest	1.0,3.5-4.0,absent,anther,appressed,articulation,basal,berry,black,blue,bract,breeding,broad-based,cell,colour,connective,corolla,discrete,distinct,elliptic-oblong,enlarged,filament,flat,fleshy,fork,forked,form,fruit,fruiting,fully,growth,hair,hermaphroditic,heteromorphism,inflated,inflorescence,insertion,interjected,interpetalar,leaf,leaflet,leathery,length,lilac,lower,margin,marking,mature,modification,monochasial,near-basal,needle-like,none,odour,orange,orientation,ovoid,paired,pattern,petiole,pink,placement,plurifoliate,pore,position,prickle,pseudostipule,purple,radially,red,rhizome,scale,shape,simple-entire,smell,spot,staman,stellate,stone,structure,surface,swollen,symmetric,symmetry,sympodial,system,texture,tissue,tuber,type,unit,vegetative,vine,woody,xylopodia,zygomorphy
249	wfo-0001028736	invalid_json_followup	NA	44	NA	40	113	70	absent,acute,anther,apex,base,berry,calyx,colour,corolla,filament,form,fruit,fruiting,growth,hair,inflorescence,interjected,leaf,leaflet,length,margin,mature,mm,orange,pedicel,petiole,prickle,pseudostipule,recurved,red,shape,shrub,stellate,stem,surface,texture,triangular,type,unbranched,white	0.5,0.5-1,0.5-1.5,0.5-1mm,0.5-2,1,1-1.5,1-2,1-3,10-15,2-4,2-5,3-5,3-6,3-8,3.5-5,4-12,4-6,40-70,5-10,5-15,6-13x3-8,abaxially,adaxially,armed,arrangement,attenuate,bark,branch,brown,bud,characteristic,chartaceous,cm,connivent,corrugation,created,cylindrical,dark,decurrent,densely,diameter,discolorous,distal,drying,either,exertion,extra-axillary,filiform,flower,glabrous,glabrousnes,globose,green,height,history,immature,lateral,life,light,like,lobe,lobing,many,midpoint,midvein,moderately,mottled,na,narrowly,nearly,netlike,new,number,obtuse,onto,ovary,peduncle,per,perennial,pit,plant,porrect-stellate,primary,pubescent,raised,ray,reniform,rhombic,ridge,roselike,seed,side,simple,size,slightly,small,sparsely,stigma,style,tapering,terminal,thicknes,thin-skinned,tube,unlobed,value,variation,vein,width,x,yellow,yellow-white							0.8-1.0,3.5-5.0,absent-inflorescence,appressed,articulation,basal,bract,branching,breeding,broad-based,cell,connective,cuneate,difoliate,discrete,distinct,eglandular,enlarged,flat,fleshy,fully,geminate,hermaphroditic,heteromorphism,inflated,insertion,internodal,interpetalar,leathery,lower,marking,membranous,modification,monochasial,needle-like,none,odour,orientation,paired,pattern,placement,pore,position,present,present-leaf,present-stem,radially,rhizome,round,scale,simple-entire,simple-toothed,smell,spot,staman,stone,structure,swollen,symmetric,symmetry,sympodial,system,tapered-lanceolate,tissue,trichome,tuber,unit,vegetative,xylopodia,zygomorphy	40.0	113.0	70.0	absent,acute,anther,apex,base,berry,calyx,colour,corolla,filament,form,fruit,fruiting,growth,hair,inflorescence,interjected,leaf,leaflet,length,margin,mature,mm,orange,pedicel,petiole,prickle,pseudostipule,recurved,red,shape,shrub,stellate,stem,surface,texture,triangular,type,unbranched,white	0.5,0.5-1,0.5-1.5,0.5-1mm,0.5-2,1,1-1.5,1-2,1-3,10-15,2-4,2-5,3-5,3-6,3-8,3.5-5,4-12,4-6,40-70,5-10,5-15,6-13x3-8,abaxially,adaxially,armed,arrangement,attenuate,bark,branch,brown,bud,characteristic,chartaceous,cm,connivent,corrugation,created,cylindrical,dark,decurrent,densely,diameter,discolorous,distal,drying,either,exertion,extra-axillary,filiform,flower,glabrous,glabrousnes,globose,green,height,history,immature,lateral,life,light,like,lobe,lobing,many,midpoint,midvein,moderately,mottled,na,narrowly,nearly,netlike,new,number,obtuse,onto,ovary,peduncle,per,perennial,pit,plant,porrect-stellate,primary,pubescent,raised,ray,reniform,rhombic,ridge,roselike,seed,side,simple,size,slightly,small,sparsely,stigma,style,tapering,terminal,thicknes,thin-skinned,tube,unlobed,value,variation,vein,width,x,yellow,yellow-white	0.8-1.0,3.5-5.0,absent-inflorescence,appressed,articulation,basal,bract,branching,breeding,broad-based,cell,connective,cuneate,difoliate,discrete,distinct,eglandular,enlarged,flat,fleshy,fully,geminate,hermaphroditic,heteromorphism,inflated,insertion,internodal,interpetalar,leathery,lower,marking,membranous,modification,monochasial,needle-like,none,odour,orientation,paired,pattern,placement,pore,position,present,present-leaf,present-stem,radially,rhizome,round,scale,simple-entire,simple-toothed,smell,spot,staman,stone,structure,swollen,symmetric,symmetry,sympodial,system,tapered-lanceolate,tissue,trichome,tuber,unit,vegetative,xylopodia,zygomorphy
250	wfo-0001028737	success	38	40	9	36	80	77	absent,acute,anther,apex,base,branch,calyx,colour,corolla,distal,filament,form,fruit,fruiting,glandular,green,growth,inflorescence,interjected,leaf,leaflet,length,margin,mm,monochasial,pedicel,petiole,prickle,pseudostipule,shape,stem,surface,terminal,texture,type,white	0.2-0.5,0.7-2,1,1-2.5,1-4,1-6,1.5-3.5,10,12-14,16-30,2-5,2.8-3.5,3-5,4-6.5,4-9,6,7-15,apiculate,appearance,arrangement,articulate,bark,border,branched,bud,caudate,characteristic,cm,corrugation,cyme,diameter,dichasial,dichasially,drying,ebracteate,elliptic-lanceolate,exertion,giving,glabrescent,glabrousnes,globose,green-white,height,herbaceous,history,lanceolate,lateral,life,lobe,lobing,long,midpoint,mucilaginous,na,new,number,oblique,oblong,odd-pinnate,ovary,ovoid,peduncle,per,perennial,plant,primary,ray,seed,size,stigma,style,thicknes,throughout,tube,tuber-bearing,variation,vein,wet,wide,width							1.0-4.0,1/2,1/4-1/2,6.0,appressed,articulation,asymmetric,basal,berry,bract,branching,breeding,broad-based,cell,compound-entire,connective,cuneate,distinct,elliptic-oblong,elongating,enlarged,flat,fleshy,fork,forked,fully,hair,herb,hermaphroditic,heteromorphism,inflated,insertion,interpetalar,leathery,lower,marking,mature,membranous,modification,multi-branched,multicellular,needle-like,none,odour,orientation,paired,pattern,placement,plurifoliate,pore,position,present,present-pair,radially,rhizome,round,scale,simple,smell,spot,staman,stellate,stone,structure,swollen,symmetric,symmetry,sympodial,system,tissue,trichome,trifoliate,tuber,unit,vegetative,xylopodia,zygomorphy	7.0	45.0	106.0	absent,acute,glandular,green,mm,monochasial,white	0.2-0.5,0.7-2,1,1-2.5,1-4,1-6,1.5-3.5,10,12-14,16-30,2-5,2.8-3.5,3-5,4-6.5,4-9,6,7-15,apiculate,articulate,branched,caudate,cm,cyme,diameter,dichasial,dichasially,ebracteate,elliptic-lanceolate,glabrescent,globose,green-white,herbaceous,lanceolate,long,mucilaginous,na,oblique,oblong,odd-pinnate,ovoid,perennial,throughout,tuber-bearing,wet,wide	1.0-4.0,1/2,1/4-1/2,6.0,anther,apex,appressed,articulation,asymmetric,basal,base,berry,bract,branch,branching,breeding,broad-based,calyx,cell,colour,compound-entire,connective,corolla,cuneate,distal,distinct,elliptic-oblong,elongating,enlarged,filament,flat,fleshy,fork,forked,form,fruit,fruiting,fully,growth,hair,herb,hermaphroditic,heteromorphism,inflated,inflorescence,insertion,interjected,interpetalar,leaf,leaflet,leathery,length,lower,margin,marking,mature,membranous,modification,multi-branched,multicellular,needle-like,none,odour,orientation,paired,pattern,pedicel,petiole,placement,plurifoliate,pore,position,present,present-pair,prickle,pseudostipule,radially,rhizome,round,scale,shape,simple,smell,spot,staman,stellate,stem,stone,structure,surface,swollen,symmetric,symmetry,sympodial,system,terminal,texture,tissue,trichome,trifoliate,tuber,type,unit,vegetative,xylopodia,zygomorphy
251	wfo-0001028777	invalid_json_followup	NA	39	NA	36	110	78	acute,anther,apex,base,berry,branch,calyx,colour,corolla,filament,form,fruit,fruiting,growth,inflorescence,interjected,leaf,leaflet,length,margin,marking,mm,orange,pedicel,petiole,prickle,pseudostipule,rounded,shape,shrub,stem,surface,terminal,texture,tree,type	-4,.5,.9,0-2,0-30,0.1-0.2,0.4-0.8,0.5-1.3,0.6-1,0.7-1.2,0.7-1.3,0.8-1,0.8-2.2-2.5,1-2.5-4,1.5-3,1.5-4,1.8-2.5,2-3,2.5,3/4-4/5,4.5-8,8-15,abaxially,acuminate,apically,arrangement,articulated,attenuate,bark,branched,bud,characteristic,chartaceous,cm,concolorous,corrugation,dark,deltate,diameter,discolorous,distal,drying,entire,erect,exertion,flattened-reniform,glabrescent,glabrous,glabrousnes,green,green-brown,height,history,lateral,life,lobed,lobing,long,maturity,mauve,midpoint,moderately,na,new,number,obovate,orange-brown,ovary,ovate,pair,pale,peduncle,per,perennial,plant,poricidal,primary,ray,red-brown,reflexed,retuse,seed,shoot,short,simple,size,small,sometimes,sparsely,spherical,stellate-pubescent,stigma,style,tapering,terete,thicknes,tip,truncate,tube,unarmed,value,variation,vein,way,white,whole,wide,width,yellow-green,young							0.8,4.5-8.0,absent,appressed,articulation,asymmetric,basal,blue,bract,branching,breeding,broad-based,cell,connective,dichasial,discrete,distinct,eglandular,enlarged,flat,fleshy,fork,fully,hair,hermaphroditic,heteromorphism,inflated,insertion,internodal,interpetalar,leathery,lilac,lower,mature,membranous,modification,needle-like,none,odour,orientation,paired,pattern,pink,placement,plurifoliate,pore,position,present,present-inflorescence,present-leaf,present-stem,purple,radially,red,rhizome,round,scale,simple-entire,smell,spot,staman,stellate,stone,structure,swollen,symmetric,symmetry,sympodial,system,tapered-lanceolate,tissue,trichome,tuber,unbranched,unit,vegetative,xylopodia,zygomorphy	36.0	110.0	78.0	acute,anther,apex,base,berry,branch,calyx,colour,corolla,filament,form,fruit,fruiting,growth,inflorescence,interjected,leaf,leaflet,length,margin,marking,mm,orange,pedicel,petiole,prickle,pseudostipule,rounded,shape,shrub,stem,surface,terminal,texture,tree,type	-4,.5,.9,0-2,0-30,0.1-0.2,0.4-0.8,0.5-1.3,0.6-1,0.7-1.2,0.7-1.3,0.8-1,0.8-2.2-2.5,1-2.5-4,1.5-3,1.5-4,1.8-2.5,2-3,2.5,3/4-4/5,4.5-8,8-15,abaxially,acuminate,apically,arrangement,articulated,attenuate,bark,branched,bud,characteristic,chartaceous,cm,concolorous,corrugation,dark,deltate,diameter,discolorous,distal,drying,entire,erect,exertion,flattened-reniform,glabrescent,glabrous,glabrousnes,green,green-brown,height,history,lateral,life,lobed,lobing,long,maturity,mauve,midpoint,moderately,na,new,number,obovate,orange-brown,ovary,ovate,pair,pale,peduncle,per,perennial,plant,poricidal,primary,ray,red-brown,reflexed,retuse,seed,shoot,short,simple,size,small,sometimes,sparsely,spherical,stellate-pubescent,stigma,style,tapering,terete,thicknes,tip,truncate,tube,unarmed,value,variation,vein,way,white,whole,wide,width,yellow-green,young	0.8,4.5-8.0,absent,appressed,articulation,asymmetric,basal,blue,bract,branching,breeding,broad-based,cell,connective,dichasial,discrete,distinct,eglandular,enlarged,flat,fleshy,fork,fully,hair,hermaphroditic,heteromorphism,inflated,insertion,internodal,interpetalar,leathery,lilac,lower,mature,membranous,modification,needle-like,none,odour,orientation,paired,pattern,pink,placement,plurifoliate,pore,position,present,present-inflorescence,present-leaf,present-stem,purple,radially,red,rhizome,round,scale,simple-entire,smell,spot,staman,stellate,stone,structure,swollen,symmetric,symmetry,sympodial,system,tapered-lanceolate,tissue,trichome,tuber,unbranched,unit,vegetative,xylopodia,zygomorphy
252	wfo-0001028791	invalid_json_followup	NA	40	NA	36	121	77	absent,anther,apex,base,calyx,cell,colour,corolla,distal,filament,form,fruit,fruiting,green,growth,inflorescence,interjected,leaf,leaflet,length,margin,mm,pedicel,petiole,present,prickle,pseudostipule,shape,stellate,stem,surface,texture,truncate,type,woody,yellow	+,-9,0-6,0.05-0.2,0.2-0.3,0.3-0.6,0.4-0.6,0.4-0.65,0.6-0.8,0.8-1.3,1-1.5,1.5-2,1.7-2.1,1.8-3.3,10,2,2-3,2-7,2-locular,2.8-3.0,4-5+,5-15,5-22,9-30,9-35,acuminate,acute,anthesi,arrangement,articulated,bark,basal,beneath,branch,branched,breaking,broadly,brown,bud,capitate,characteristic,clambering,cm,conical,corrugation,dark,deciduous,deltate,dense,densely,developed,diameter,dichotomously,drying,elliptic,entire,exertion,exserted,glabrous,glabrousnes,globose,hair-like,half,halfway,height,history,imparipinnate,interrupted,lateral,less,liana,life,lobe,lobing,long,many,middle,midpoint,minutely,na,near,new,number,oblique,obovate,occasionally,outgrowth,ovary,pale,paler,peduncle,per,perennial,plant,poorly,primary,pubescent,ray,scandent,seed,size,slightly,somewhat,sparsely,stigma,style,terminal,testa,thick,thickened,thicknes,time,tube,usually,value,variation,vein,wall,white,wide,width							0.5-2.0,1/2,4.0-6.5,appressed,articulation,asymmetric,berry,bract,branching,breeding,broad-based,bullate,compound-entire,compound-toothed,connective,distinct,eglandular,elongating,enlarged,flat,forked,fully,glandular,hair,hard,herb,hermaphroditic,heteromorphism,inflated,insertion,internodal,interpetalar,lower,marking,mature,membranous,modification,monochasial,multi-branched,multicellular,needle-like,none,odour,orientation,paired,pattern,placement,plurifoliate,pore,position,present-pair,radially,rhizome,round,rounded,scale,shrub,simple,smell,spot,staman,stone,structure,swollen,symmetric,symmetry,sympodial,system,tapered-lanceolate,tissue,trichome,tuber,unit,vegetative,vine,xylopodia,zygomorphy	36.0	121.0	77.0	absent,anther,apex,base,calyx,cell,colour,corolla,distal,filament,form,fruit,fruiting,green,growth,inflorescence,interjected,leaf,leaflet,length,margin,mm,pedicel,petiole,present,prickle,pseudostipule,shape,stellate,stem,surface,texture,truncate,type,woody,yellow	+,-9,0-6,0.05-0.2,0.2-0.3,0.3-0.6,0.4-0.6,0.4-0.65,0.6-0.8,0.8-1.3,1-1.5,1.5-2,1.7-2.1,1.8-3.3,10,2,2-3,2-7,2-locular,2.8-3.0,4-5+,5-15,5-22,9-30,9-35,acuminate,acute,anthesi,arrangement,articulated,bark,basal,beneath,branch,branched,breaking,broadly,brown,bud,capitate,characteristic,clambering,cm,conical,corrugation,dark,deciduous,deltate,dense,densely,developed,diameter,dichotomously,drying,elliptic,entire,exertion,exserted,glabrous,glabrousnes,globose,hair-like,half,halfway,height,history,imparipinnate,interrupted,lateral,less,liana,life,lobe,lobing,long,many,middle,midpoint,minutely,na,near,new,number,oblique,obovate,occasionally,outgrowth,ovary,pale,paler,peduncle,per,perennial,plant,poorly,primary,pubescent,ray,scandent,seed,size,slightly,somewhat,sparsely,stigma,style,terminal,testa,thick,thickened,thicknes,time,tube,usually,value,variation,vein,wall,white,wide,width	0.5-2.0,1/2,4.0-6.5,appressed,articulation,asymmetric,berry,bract,branching,breeding,broad-based,bullate,compound-entire,compound-toothed,connective,distinct,eglandular,elongating,enlarged,flat,forked,fully,glandular,hair,hard,herb,hermaphroditic,heteromorphism,inflated,insertion,internodal,interpetalar,lower,marking,mature,membranous,modification,monochasial,multi-branched,multicellular,needle-like,none,odour,orientation,paired,pattern,placement,plurifoliate,pore,position,present-pair,radially,rhizome,round,rounded,scale,shrub,simple,smell,spot,staman,stone,structure,swollen,symmetric,symmetry,sympodial,system,tapered-lanceolate,tissue,trichome,tuber,unit,vegetative,vine,xylopodia,zygomorphy
253	wfo-0001028798	invalid_json_followup	NA	39	NA	35	113	75	0.9-1.2,3.3-5.6,anther,apex,attenuate,base,berry,branch,calyx,colour,corolla,filament,form,fruit,fruiting,growth,inflorescence,interjected,leaf,leaflet,length,margin,mm,pedicel,petiole,prickle,pseudostipule,shape,shrub,stem,surface,terminal,texture,type,yellow	0-1,0.2-0.4,1-4.5,1.1-2,1.5-1.8,1/2-2/3,10,15-19,2-6,2-7,2/3,3-4,3-5,5-8,6-10,7-8,8-18,acuminate,acute,appearance,arrangement,bark,becoming,blunt-tipped,bud,capitate,characteristic,chartaceous,cm,conical,continued,corrugation,cylindrical,decurrent,densely,diameter,distal,dm,drying,due,entire,exertion,exserted,flower,giving,glabrous,glabrousnes,granular,green,greenish,height,history,lanceolate,lateral,life,lined,lobe,lobed,lobing,long,midpoint,midvein,na,nearly,new,number,oblanceolate,oblong,obovate,orbicular,ovary,ovate-lanceolate,pale,peduncle,per,perennial,persistently,plant,primary,probably,pseudo-terminal,rather,ray,ripe,rotate-stellate,rough,rough-granular,seed,short,side,simple,size,slightly,sparingly,stamen,stellate-pubescent,stigma,style,subcampanulate,subcoriaceous,subglobose,sulcate,thicknes,tomentose,tube,unarmed,value,variation,vein,way,width,x,yellowish							absent,appressed,articulation,basal,bract,branching,breeding,broad-based,cell,connective,coriaceous,cuneate,dichasial,distinct,eglandular,elliptic-oblong,elongating,enlarged,flat,fleshy,fork,forked,fully,hair,hermaphroditic,heteromorphism,inflated,insertion,internodal,interpetalar,leathery,lower,marking,mature,membranous,modification,multi-branched,needle-like,none,odour,orientation,paired,pattern,placement,plurifoliate,pore,position,present,present-single,radially,rhizome,rotate,round,scale,simple-entire,smell,spot,staman,stellate,stone,structure,swollen,symmetric,symmetry,sympodial,system,tissue,trichome,tuber,unit,vegetative,white,winged,xylopodia,zygomorphy	35.0	113.0	75.0	0.9-1.2,3.3-5.6,anther,apex,attenuate,base,berry,branch,calyx,colour,corolla,filament,form,fruit,fruiting,growth,inflorescence,interjected,leaf,leaflet,length,margin,mm,pedicel,petiole,prickle,pseudostipule,shape,shrub,stem,surface,terminal,texture,type,yellow	0-1,0.2-0.4,1-4.5,1.1-2,1.5-1.8,1/2-2/3,10,15-19,2-6,2-7,2/3,3-4,3-5,5-8,6-10,7-8,8-18,acuminate,acute,appearance,arrangement,bark,becoming,blunt-tipped,bud,capitate,characteristic,chartaceous,cm,conical,continued,corrugation,cylindrical,decurrent,densely,diameter,distal,dm,drying,due,entire,exertion,exserted,flower,giving,glabrous,glabrousnes,granular,green,greenish,height,history,lanceolate,lateral,life,lined,lobe,lobed,lobing,long,midpoint,midvein,na,nearly,new,number,oblanceolate,oblong,obovate,orbicular,ovary,ovate-lanceolate,pale,peduncle,per,perennial,persistently,plant,primary,probably,pseudo-terminal,rather,ray,ripe,rotate-stellate,rough,rough-granular,seed,short,side,simple,size,slightly,sparingly,stamen,stellate-pubescent,stigma,style,subcampanulate,subcoriaceous,subglobose,sulcate,thicknes,tomentose,tube,unarmed,value,variation,vein,way,width,x,yellowish	absent,appressed,articulation,basal,bract,branching,breeding,broad-based,cell,connective,coriaceous,cuneate,dichasial,distinct,eglandular,elliptic-oblong,elongating,enlarged,flat,fleshy,fork,forked,fully,hair,hermaphroditic,heteromorphism,inflated,insertion,internodal,interpetalar,leathery,lower,marking,mature,membranous,modification,multi-branched,needle-like,none,odour,orientation,paired,pattern,placement,plurifoliate,pore,position,present,present-single,radially,rhizome,rotate,round,scale,simple-entire,smell,spot,staman,stellate,stone,structure,swollen,symmetric,symmetry,sympodial,system,tissue,trichome,tuber,unit,vegetative,white,winged,xylopodia,zygomorphy
254	wfo-0001028815	invalid_json_followup	NA	40	NA	41	102	75	acute,anther,apex,base,berry,branch,calyx,colour,corolla,cuneate,distal,filament,forked,form,fruit,fruiting,green,growth,herb,inflorescence,interjected,leaf,leaflet,length,margin,membranous,mm,ovoid,pedicel,petiole,prickle,pseudostipule,purple,rotate,rounded,shape,stem,surface,terminal,texture,type	0.4-0.8,0.5-1,1-2,1-3.5,1-4,1-5,14-28,2-4,2-9,2.5-6.5,22-35,3-4,3-5,3-7,6-10,6-8,7-16,abaxially,acumen,adaxially,arrangement,axillary,bark,broadly,brownish,bud,capitate,characteristic,chartaceous,cm,condition,corrugation,dark,diameter,digestion,drying,elliptic,elliptic-lanceolate,enzyme,exertion,fresh,generally,glabrous,glabrousnes,globose,greenish,half,height,history,honeycomb-shaped,lanceolate,lateral,life,lilac-purple,lobe,lobing,long,medium,midpoint,na,narrowly,new,number,obtuse,odd-pinnate,ovary,ovate,papillose,peduncle,per,plant,pointed,primary,pubescent,ray,red-purple,removed,ripe,rugose,seed,size,sparsely,splotched,stigma,straight,style,subtending,terminated,thicknes,tinged,triangular-lanceolate,tube,unwinged,usually,value,variation,vein,wall,whitish,width,winged,x							1.0-2.0,1/2,3.0-5.0,absent,appressed,articulation,black,blue,bract,branching,breeding,broad-based,cell,compound-entire,connective,distinct,eglandular,elliptic-oblong,elongating,enlarged,flat,fleshy,fork,fully,hair,hermaphroditic,heteromorphism,inflated,insertion,interpetalar,leathery,lilac,lower,marking,mature,modification,monochasial,multicellular,needle-like,none,odour,orientation,paired,pattern,pink,placement,plurifoliate,pore,position,present,present-pair,radially,rhizome,round,scale,simple,smell,spot,staman,stellate,stone,structure,swollen,symmetric,symmetry,sympodial,system,tissue,trichome,trifoliate,tuber,unit,vegetative,xylopodia,zygomorphy	41.0	102.0	75.0	acute,anther,apex,base,berry,branch,calyx,colour,corolla,cuneate,distal,filament,forked,form,fruit,fruiting,green,growth,herb,inflorescence,interjected,leaf,leaflet,length,margin,membranous,mm,ovoid,pedicel,petiole,prickle,pseudostipule,purple,rotate,rounded,shape,stem,surface,terminal,texture,type	0.4-0.8,0.5-1,1-2,1-3.5,1-4,1-5,14-28,2-4,2-9,2.5-6.5,22-35,3-4,3-5,3-7,6-10,6-8,7-16,abaxially,acumen,adaxially,arrangement,axillary,bark,broadly,brownish,bud,capitate,characteristic,chartaceous,cm,condition,corrugation,dark,diameter,digestion,drying,elliptic,elliptic-lanceolate,enzyme,exertion,fresh,generally,glabrous,glabrousnes,globose,greenish,half,height,history,honeycomb-shaped,lanceolate,lateral,life,lilac-purple,lobe,lobing,long,medium,midpoint,na,narrowly,new,number,obtuse,odd-pinnate,ovary,ovate,papillose,peduncle,per,plant,pointed,primary,pubescent,ray,red-purple,removed,ripe,rugose,seed,size,sparsely,splotched,stigma,straight,style,subtending,terminated,thicknes,tinged,triangular-lanceolate,tube,unwinged,usually,value,variation,vein,wall,whitish,width,winged,x	1.0-2.0,1/2,3.0-5.0,absent,appressed,articulation,black,blue,bract,branching,breeding,broad-based,cell,compound-entire,connective,distinct,eglandular,elliptic-oblong,elongating,enlarged,flat,fleshy,fork,fully,hair,hermaphroditic,heteromorphism,inflated,insertion,interpetalar,leathery,lilac,lower,marking,mature,modification,monochasial,multicellular,needle-like,none,odour,orientation,paired,pattern,pink,placement,plurifoliate,pore,position,present,present-pair,radially,rhizome,round,scale,simple,smell,spot,staman,stellate,stone,structure,swollen,symmetric,symmetry,sympodial,system,tissue,trichome,trifoliate,tuber,unit,vegetative,xylopodia,zygomorphy
255	wfo-0001028876	success	27	38	5	32	65	74	acute,anther,apex,base,calyx,colour,corolla,dendritic,difoliate,filament,form,fruit,geminate,growth,inflorescence,internodal,leaf,length,mm,pedicel,petiole,shape,shrub,simple,stem,surface,sympodial,texture,trichome,type,unit,white	.5,/4,0.4-1,0.5-2,1-2,1.5-2,2-2.3,3-5,4-5,5-6,abaxially,adaxially,along,arrangement,attenuate,bark,brown,bud,capitate,characteristic,cm,conical,dark,densely,dia,diameter,drying,ellipsoid,elliptic,flower,glabrous,golden,height,history,life,like,lobed,lobing,long,midrib,na,nodding,occasionally,opposite,plant,pubescent,reddish,rest,sagittate,seed,shining,size,slender,small,sparsely,speciman,stigma,style,subshrub,tall,tube,uniseriate,way,x,young							0.5,4.0-5.0,absent,appressed,articulation,basal,berry,bract,branched,branching,breeding,broad-based,cell,connective,discrete,distinct,eglandular,elliptic-oblong,enlarged,flat,fleshy,fruiting,green,hair,heteromorphism,inflated,insertion,interjected,interpetalar,leaf-opposed,leaflet,leathery,lower,margin,marking,mature,membranous,modification,monochasial,multicellular,needle-like,non-geminate,none,odour,orientation,paired,pattern,placement,pore,position,present,prickle,pseudostipule,radially,rhizome,round,scale,simple-entire,smell,spot,staman,stellate,stone,structure,swollen,symmetric,symmetry,system,tissue,tuber,unbranched,vegetative,xylopodia,zygomorphy	17.0	50.0	89.0	acute,base,dendritic,difoliate,geminate,inflorescence,internodal,leaf,mm,shrub,simple,stem,sympodial,trichome,type,unit,white	.5,/4,0.4-1,0.5-2,1-2,1.5-2,2-2.3,3-5,4-5,5-6,abaxially,adaxially,along,attenuate,brown,capitate,cm,conical,dark,densely,dia,drying,ellipsoid,elliptic,flower,glabrous,golden,like,lobed,long,midrib,na,nodding,occasionally,opposite,pubescent,reddish,rest,sagittate,shining,slender,small,sparsely,speciman,subshrub,tall,uniseriate,way,x,young	0.5,4.0-5.0,absent,anther,apex,appressed,articulation,basal,berry,bract,branched,branching,breeding,broad-based,calyx,cell,colour,connective,corolla,discrete,distinct,eglandular,elliptic-oblong,enlarged,filament,flat,fleshy,form,fruit,fruiting,green,growth,hair,heteromorphism,inflated,insertion,interjected,interpetalar,leaf-opposed,leaflet,leathery,length,lower,margin,marking,mature,membranous,modification,monochasial,multicellular,needle-like,non-geminate,none,odour,orientation,paired,pattern,pedicel,petiole,placement,pore,position,present,prickle,pseudostipule,radially,rhizome,round,scale,shape,simple-entire,smell,spot,staman,stellate,stone,structure,surface,swollen,symmetric,symmetry,system,texture,tissue,tuber,unbranched,vegetative,xylopodia,zygomorphy
256	wfo-0001028883	success	39	39	8	35	85	77	acute,anther,apex,base,berry,calyx,colour,coriaceous,corolla,filament,form,fruit,fruiting,green,growth,herb,inflorescence,interjected,leaf,leaflet,length,margin,mm,pedicel,petiole,prickle,pseudostipule,shape,simple,stem,surface,texture,trichome,type,white	0.5-2,1-2,1.5-7,2-3,2-5,3-5,4-6,50,6-10,6-12,almost,appearance,arrangement,articulated,attenuate,bark,border,branch,brochidodromous,bud,capitate,characteristic,chartaceous,cm,completely,concolorous,corrugation,dark,deltate,diameter,distal,drying,dull,elliptic,entire,exertion,flower,giving,glabrous,glabrousnes,globose,height,history,lateral,life,lobe,lobing,midpoint,moderately,na,narrowly,new,notably,number,oblong,ovary,peduncle,per,plant,primary,pubescent,ray,reniform,ripe,seed,sessile,shiny,similar,size,slightly,sparsely,stigma,style,subopposite,subsessile,terminal,thicknes,tube,undulate,uniseriate,variation,vein,whitish,width,×							1.0,1.0-2.0,2-cellular,absent,appressed,articulation,basal,bract,branching,breeding,broad-based,cell,connective,cuneate,difoliate,discrete,distinct,eglandular,elliptic-oblong,enlarged,flat,fleshy,fully,geminate,geniculate,hair,hermaphroditic,heteromorphism,inflated,insertion,internodal,interpetalar,leaf-opposed,leathery,lower,marking,mature,membranous,modification,monochasial,multicellular,needle-like,none,odour,orientation,paired,pattern,placement,plurifoliate,pore,position,present,radially,rhizome,round,scale,shrub,simple-entire,smell,spot,staman,stellate,stone,structure,swollen,symmetric,symmetry,sympodial,system,tissue,tuber,unbranched,unit,vegetative,winged,xylopodia,zygomorphy	13.0	49.0	99.0	acute,base,berry,coriaceous,fruit,green,herb,leaf,mm,simple,stem,trichome,white	0.5-2,1-2,1.5-7,2-3,2-5,3-5,4-6,50,6-10,6-12,almost,articulated,attenuate,brochidodromous,capitate,chartaceous,cm,completely,concolorous,dark,deltate,diameter,drying,dull,elliptic,entire,flower,glabrous,globose,lateral,moderately,na,narrowly,notably,oblong,pubescent,reniform,ripe,sessile,shiny,similar,slightly,sparsely,subopposite,subsessile,undulate,uniseriate,whitish,×	1.0,1.0-2.0,2-cellular,absent,anther,apex,appressed,articulation,basal,bract,branching,breeding,broad-based,calyx,cell,colour,connective,corolla,cuneate,difoliate,discrete,distinct,eglandular,elliptic-oblong,enlarged,filament,flat,fleshy,form,fruiting,fully,geminate,geniculate,growth,hair,hermaphroditic,heteromorphism,inflated,inflorescence,insertion,interjected,internodal,interpetalar,leaf-opposed,leaflet,leathery,length,lower,margin,marking,mature,membranous,modification,monochasial,multicellular,needle-like,none,odour,orientation,paired,pattern,pedicel,petiole,placement,plurifoliate,pore,position,present,prickle,pseudostipule,radially,rhizome,round,scale,shape,shrub,simple-entire,smell,spot,staman,stellate,stone,structure,surface,swollen,symmetric,symmetry,sympodial,system,texture,tissue,tuber,type,unbranched,unit,vegetative,winged,xylopodia,zygomorphy
257	wfo-0001028885	success	41	39	7	37	106	77	acute,anther,apex,basal,base,berry,black,branch,calyx,colour,corolla,cup-shaped,filament,form,fruit,fruiting,growth,inflorescence,leaf,length,margin,mm,multicellular,pedicel,petiole,purple,shape,shrub,simple,stem,surface,terminal,texture,trichome,type,vine,woody	0.3-0.5-1,0.5-1,0.7-2,1-1.2,1-2,1-3,1.5-1.7,1.5-3.5,10-20,2-3.5-8.5,2.3-2.5,2/3,3-5,7-8,7-9,9-11,?,adaxially,along,anthesi,arching,arrangement,attenuate,bark,blackish,branched,brown,bud,capitate,characteristic,cm,corrugation,dark,decurrent,dendritic,densely,diameter,drying,ellipsoid,elliptic,entire,erect,exertion,exserted,extending,flower,furcate,glabrescent,glabrous,glabrousnes,globose,golden,gradually,groove,height,history,immature,lamina,lanceolate,lateral,life,like,lobed,lobing,long,midvein,minute,mostly,na,narrowing,narrowly,new,nodding,number,occasionally,ovary,pair,peduncle,per,plant,primary,pubescent,quarter,reddish,revolute,rhachi,ripe,scandent,seed,size,slender,slightly,sometimes,sparsely,stigma,strongly,style,third,time,tube,uniseriate,vein,way,wide,winged,¾							1.0-2.0,3.5-4.5,absent,appressed,articulation,blue,bract,branching,breeding,broad-based,cell,connective,coriaceous,cuneate,distinct,eglandular,elliptic-oblong,elongating,enlarged,fleshy,fork,forked,fully,hair,hermaphroditic,heteromorphism,inflated,insertion,interjected,internodal,interpetalar,leaflet,leathery,lilac,lower,marking,mature,membranous,modification,monochasial,multi-branched,needle-like,none,odour,orientation,paired,pattern,pink,placement,plurifoliate,pore,position,present,prickle,pseudostipule,radially,rhizome,round,scale,simple-entire,smell,spot,staman,stellate,stone,structure,swollen,symmetric,symmetry,sympodial,system,tissue,tuber,unit,vegetative,xylopodia,zygomorphy	19.0	82.0	95.0	acute,basal,base,berry,black,calyx,cup-shaped,leaf,mm,multicellular,pedicel,petiole,purple,shrub,simple,terminal,trichome,vine,woody	0.3-0.5-1,0.5-1,0.7-2,1-1.2,1-2,1-3,1.5-1.7,1.5-3.5,10-20,2-3.5-8.5,2.3-2.5,2/3,3-5,7-8,7-9,9-11,?,adaxially,along,anthesi,arching,attenuate,blackish,branched,brown,capitate,cm,dark,decurrent,dendritic,densely,diameter,ellipsoid,elliptic,entire,erect,exserted,extending,flower,furcate,glabrescent,glabrous,globose,golden,gradually,groove,immature,lamina,lanceolate,lateral,like,lobed,long,midvein,minute,mostly,na,narrowing,narrowly,nodding,occasionally,pair,pubescent,quarter,reddish,revolute,rhachi,ripe,scandent,slender,slightly,sometimes,sparsely,strongly,third,time,tube,uniseriate,way,wide,winged,¾	1.0-2.0,3.5-4.5,absent,anther,apex,appressed,articulation,blue,bract,branch,branching,breeding,broad-based,cell,colour,connective,coriaceous,corolla,cuneate,distinct,eglandular,elliptic-oblong,elongating,enlarged,filament,fleshy,fork,forked,form,fruit,fruiting,fully,growth,hair,hermaphroditic,heteromorphism,inflated,inflorescence,insertion,interjected,internodal,interpetalar,leaflet,leathery,length,lilac,lower,margin,marking,mature,membranous,modification,monochasial,multi-branched,needle-like,none,odour,orientation,paired,pattern,pink,placement,plurifoliate,pore,position,present,prickle,pseudostipule,radially,rhizome,round,scale,shape,simple-entire,smell,spot,staman,stellate,stem,stone,structure,surface,swollen,symmetric,symmetry,sympodial,system,texture,tissue,tuber,type,unit,vegetative,xylopodia,zygomorphy
258	wfo-0001028888	invalid_json_followup	NA	40	NA	39	109	80	acute,anther,apex,base,berry,branch,calyx,colour,corolla,distal,filament,forked,form,fruit,green,growth,hair,herb,inflorescence,interjected,leaf,leaflet,length,margin,membranous,mm,pedicel,petiole,prickle,pseudostipule,purple,rounded,shape,stem,surface,terminal,texture,type,white	0-3.5,0-7,0.15-0.5,1,1-1.5,1-2,1.5-4,10-25,12.5-25,2-6,2.3-5,2.3-7,2.5-3.3,3-4,3.6-12.5,3.8-8.3,4-25,4-7,5-7,6-11,8-11,8-13.5,acuminate,apiculate,appearance,arrangement,articulated,axillary,bark,brownish,bud,capitate,characteristic,chartaceous,clavate,cm,condition,connivent,corrugation,covered,diameter,drying,erect,exertion,flower,fresh,generally,giving,glabrous,glabrousnes,globose,green-white,greenish,half,height,history,lanceolate,lateral,less,life,like,lobe,lobing,long,middle,midpoint,mottled,mucilaginous,na,new,number,oblique,odd-pinnate,orbicular,ovary,ovate,ovoid,peduncle,per,plant,primary,pubescent,ray,ripe,seed,short,size,slightly,sparsely,stigma,streak,style,subglabrous,subtending,thicknes,throughout,tube,typically,unwinged,usually,value,variation,vein,violet,wet,whitish,width,wing,x							1.0-2.0,1/2,1/4-1/2,5.0-7.0,absent,appressed,articulation,asymmetric,basal,blue,bract,branching,breeding,broad-based,cell,compound-entire,connective,cuneate,distinct,eglandular,elliptic-oblong,elongating,enlarged,flat,fleshy,fork,fruiting,fully,hermaphroditic,heteromorphism,inflated,insertion,interpetalar,leathery,lilac,lower,marking,mature,modification,monochasial,multicellular,needle-like,none,odour,orientation,paired,pattern,pink,placement,plurifoliate,pore,position,present,present-pair,radially,rhizome,rotate,round,scale,simple,smell,spot,staman,stellate,stone,structure,swollen,symmetric,symmetry,sympodial,system,tissue,trichome,trifoliate,truncate,tuber,unit,vegetative,xylopodia,zygomorphy	39.0	109.0	80.0	acute,anther,apex,base,berry,branch,calyx,colour,corolla,distal,filament,forked,form,fruit,green,growth,hair,herb,inflorescence,interjected,leaf,leaflet,length,margin,membranous,mm,pedicel,petiole,prickle,pseudostipule,purple,rounded,shape,stem,surface,terminal,texture,type,white	0-3.5,0-7,0.15-0.5,1,1-1.5,1-2,1.5-4,10-25,12.5-25,2-6,2.3-5,2.3-7,2.5-3.3,3-4,3.6-12.5,3.8-8.3,4-25,4-7,5-7,6-11,8-11,8-13.5,acuminate,apiculate,appearance,arrangement,articulated,axillary,bark,brownish,bud,capitate,characteristic,chartaceous,clavate,cm,condition,connivent,corrugation,covered,diameter,drying,erect,exertion,flower,fresh,generally,giving,glabrous,glabrousnes,globose,green-white,greenish,half,height,history,lanceolate,lateral,less,life,like,lobe,lobing,long,middle,midpoint,mottled,mucilaginous,na,new,number,oblique,odd-pinnate,orbicular,ovary,ovate,ovoid,peduncle,per,plant,primary,pubescent,ray,ripe,seed,short,size,slightly,sparsely,stigma,streak,style,subglabrous,subtending,thicknes,throughout,tube,typically,unwinged,usually,value,variation,vein,violet,wet,whitish,width,wing,x	1.0-2.0,1/2,1/4-1/2,5.0-7.0,absent,appressed,articulation,asymmetric,basal,blue,bract,branching,breeding,broad-based,cell,compound-entire,connective,cuneate,distinct,eglandular,elliptic-oblong,elongating,enlarged,flat,fleshy,fork,fruiting,fully,hermaphroditic,heteromorphism,inflated,insertion,interpetalar,leathery,lilac,lower,marking,mature,modification,monochasial,multicellular,needle-like,none,odour,orientation,paired,pattern,pink,placement,plurifoliate,pore,position,present,present-pair,radially,rhizome,rotate,round,scale,simple,smell,spot,staman,stellate,stone,structure,swollen,symmetric,symmetry,sympodial,system,tissue,trichome,trifoliate,truncate,tuber,unit,vegetative,xylopodia,zygomorphy
259	wfo-0001028920	invalid_json_followup	NA	39	NA	39	103	66	acute,anther,apex,base,berry,calyx,colour,corolla,difoliate,filament,form,fruit,fruiting,geminate,green,growth,inflorescence,interjected,leaf,leaflet,length,margin,mm,pedicel,petiole,prickle,pseudostipule,shape,shrub,simple,stem,surface,texture,tree,trichome,type,unifoliate,white,winged	.5,0.2-1,0.5-1,0.8-1.1,1-1.2,1-1.5,1-2.4,1-3,2-2.5,2-7,3-15-flowered,3-3.5,6-15,6-6.5,abaxially,acuminate,adaxially,appearance,arachnoid,arachnoid-pubescent,area,arrangement,attenuate,bark,branch,broadly,brown,bud,characteristic,cm,congested,conical,corrugation,dark,decurrent,deflexed,dia,diameter,distal,drying,ellipsoid,elliptic,erect,exertion,exserted,flower,giving,glabrate,glabrous,glabrousnes,globose,gray-brown,height,history,later,lateral,life,lightly,lobe,lobed,lobing,long,long-styled,main,midpoint,minutely,na,nearly,new,number,obovate,obovoid,occasionally,ovary,ovoid-reniform,papillose,peduncle,per,pitted,plant,primary,pubescent,ray,seed,shaped,short-styled,size,small,sparsely,stigma,strongly,style,tapering,tear-drop,terminal,thicknes,tip,tube,value,variation,vein,width,x							0.5,3.0-3.5,absent,appressed,articulation,basal,bract,branched,branching,breeding,broad-based,cell,connective,coriaceous,dendritic,discrete,distinct,elliptic-oblong,enlarged,flat,fleshy,hair,heteromorphism,inflated,insertion,interpetalar,leaf-opposed,leathery,lower,marking,mature,modification,monochasial,needle-like,none,odour,orientation,paired,pattern,placement,pore,position,present,radially,rhizome,round,scale,simple-entire,smell,spot,staman,stellate,stone,structure,swollen,symmetric,symmetry,sympodial,system,tissue,tuber,unbranched,unit,vegetative,xylopodia,zygomorphy	39.0	103.0	66.0	acute,anther,apex,base,berry,calyx,colour,corolla,difoliate,filament,form,fruit,fruiting,geminate,green,growth,inflorescence,interjected,leaf,leaflet,length,margin,mm,pedicel,petiole,prickle,pseudostipule,shape,shrub,simple,stem,surface,texture,tree,trichome,type,unifoliate,white,winged	.5,0.2-1,0.5-1,0.8-1.1,1-1.2,1-1.5,1-2.4,1-3,2-2.5,2-7,3-15-flowered,3-3.5,6-15,6-6.5,abaxially,acuminate,adaxially,appearance,arachnoid,arachnoid-pubescent,area,arrangement,attenuate,bark,branch,broadly,brown,bud,characteristic,cm,congested,conical,corrugation,dark,decurrent,deflexed,dia,diameter,distal,drying,ellipsoid,elliptic,erect,exertion,exserted,flower,giving,glabrate,glabrous,glabrousnes,globose,gray-brown,height,history,later,lateral,life,lightly,lobe,lobed,lobing,long,long-styled,main,midpoint,minutely,na,nearly,new,number,obovate,obovoid,occasionally,ovary,ovoid-reniform,papillose,peduncle,per,pitted,plant,primary,pubescent,ray,seed,shaped,short-styled,size,small,sparsely,stigma,strongly,style,tapering,tear-drop,terminal,thicknes,tip,tube,value,variation,vein,width,x	0.5,3.0-3.5,absent,appressed,articulation,basal,bract,branched,branching,breeding,broad-based,cell,connective,coriaceous,dendritic,discrete,distinct,elliptic-oblong,enlarged,flat,fleshy,hair,heteromorphism,inflated,insertion,interpetalar,leaf-opposed,leathery,lower,marking,mature,modification,monochasial,needle-like,none,odour,orientation,paired,pattern,placement,pore,position,present,radially,rhizome,round,scale,simple-entire,smell,spot,staman,stellate,stone,structure,swollen,symmetric,symmetry,sympodial,system,tissue,tuber,unbranched,unit,vegetative,xylopodia,zygomorphy
260	wfo-0001028929	invalid_json_followup	NA	41	NA	34	116	79	acicular,anther,apex,base,berry,calyx,cell,colour,corolla,cuneate,filament,form,fruit,fruiting,growth,inflorescence,interjected,leaf,leaflet,length,margin,mm,pedicel,petiole,prickle,pseudostipule,red,shape,shrub,stem,surface,texture,type,white	.5,.7,.9,/5,0-1,0-3,0.2-0.4,0.2-0.8,0.3-0.6,0.4-0.8,0.5-2,0.7-1,0.7-2,0.8-1,1-1.1,1.5-2.4,15-25,2-3,2-6,2.2-2.3,2.5-4,2.7-3,3-20,4-6,5-6,5-7.5,8-10,acute,apart,apically,apparently,arrangement,articulated,bark,branch,branched,bud,characteristic,chartaceous,cm,concolorous,densely,diameter,discolorous,distal,drying,dull,elliptic,erect,exertion,flattened-reniform,glabrous,glabrousnes,gray,height,history,lateral,life,lobe,lobed,lobing,long,maturity,midpoint,minutely,na,new,number,oblong,obovate,obtuse,orange-brown,outline,ovary,pair,pale,peduncle,per,perennial,perpendicular,pit,plant,poricidal,prickly,primary,raised,ray,red-brown,red-green,reticulate,seed,simple,size,small,smooth,sometimes,spaced,spherical,stellate-pubescent,stigma,style,tapering,terete,terminal,thicknes,tip,tube,unarmed,value,variation,vein,way,wide,width,yellow,yellow-green							0.8-1.0,5.0-6.0,absent,absent-inflorescence,absent-leaf,absent-stem,appressed,articulation,asymmetric,basal,bract,branching,breeding,broad-based,connective,dichasial,difoliate,discrete,distinct,eglandular,enlarged,flat,fleshy,forked,fully,hair,hermaphroditic,heteromorphism,inflated,insertion,internodal,interpetalar,leathery,lower,marking,mature,membranous,modification,needle-like,non-geminate,none,odour,orange,orientation,paired,pattern,placement,pore,position,present,present-leaf,present-stem,radially,random,rhizome,round,scale,simple-lobed,smell,spot,spreading,staman,stellate,stone,structure,swollen,symmetric,symmetry,sympodial,system,tapered-lanceolate,tissue,trichome,tuber,unbranched,unit,vegetative,xylopodia,zygomorphy	34.0	116.0	79.0	acicular,anther,apex,base,berry,calyx,cell,colour,corolla,cuneate,filament,form,fruit,fruiting,growth,inflorescence,interjected,leaf,leaflet,length,margin,mm,pedicel,petiole,prickle,pseudostipule,red,shape,shrub,stem,surface,texture,type,white	.5,.7,.9,/5,0-1,0-3,0.2-0.4,0.2-0.8,0.3-0.6,0.4-0.8,0.5-2,0.7-1,0.7-2,0.8-1,1-1.1,1.5-2.4,15-25,2-3,2-6,2.2-2.3,2.5-4,2.7-3,3-20,4-6,5-6,5-7.5,8-10,acute,apart,apically,apparently,arrangement,articulated,bark,branch,branched,bud,characteristic,chartaceous,cm,concolorous,densely,diameter,discolorous,distal,drying,dull,elliptic,erect,exertion,flattened-reniform,glabrous,glabrousnes,gray,height,history,lateral,life,lobe,lobed,lobing,long,maturity,midpoint,minutely,na,new,number,oblong,obovate,obtuse,orange-brown,outline,ovary,pair,pale,peduncle,per,perennial,perpendicular,pit,plant,poricidal,prickly,primary,raised,ray,red-brown,red-green,reticulate,seed,simple,size,small,smooth,sometimes,spaced,spherical,stellate-pubescent,stigma,style,tapering,terete,terminal,thicknes,tip,tube,unarmed,value,variation,vein,way,wide,width,yellow,yellow-green	0.8-1.0,5.0-6.0,absent,absent-inflorescence,absent-leaf,absent-stem,appressed,articulation,asymmetric,basal,bract,branching,breeding,broad-based,connective,dichasial,difoliate,discrete,distinct,eglandular,enlarged,flat,fleshy,forked,fully,hair,hermaphroditic,heteromorphism,inflated,insertion,internodal,interpetalar,leathery,lower,marking,mature,membranous,modification,needle-like,non-geminate,none,odour,orange,orientation,paired,pattern,placement,pore,position,present,present-leaf,present-stem,radially,random,rhizome,round,scale,simple-lobed,smell,spot,spreading,staman,stellate,stone,structure,swollen,symmetric,symmetry,sympodial,system,tapered-lanceolate,tissue,trichome,tuber,unbranched,unit,vegetative,xylopodia,zygomorphy
261	wfo-0001028963	invalid_json_followup	NA	39	NA	42	110	73	0.3-0.6,3.5-4.2,anther,apex,attenuate,base,berry,branch,calyx,cell,colour,corolla,filament,form,fruit,fruiting,growth,herb,inflorescence,interjected,leaf,leaflet,length,lower,margin,mm,orange,pedicel,petiole,prickle,pseudostipule,purple,red,shape,shrub,stellate,stem,surface,terminal,texture,type,unbranched	/2,0-0.4,0-2,0.1-0.25,0.3-0.7,0.3-1,0.3-1.5,0.45-0.6,0.6-0.9,0.6-1,0.8-1.8,0.9-1.5,1,1/2,2-2.3,2-4,2-9,2.4-2.8,5-25,6-10,abaxially,acute,apically,apparently,arrangement,articulated,bark,bright,broad-deltate,brown,bud,characteristic,chartaceous,cm,concolorous,corrugation,cuspidate,densely,diameter,discolorous,distal,drying,dull,entire,erect,evenly,exertion,flattened-reniform,glabrousnes,gray,gray-green,green,height,history,lanceolate,lateral,life,light,lob,lobe,lobed,lobing,long,maturity,mauve,midpoint,moderately,na,narrow-cuneate,narrow-elliptic,narrowly,new,number,obtuse,outline,ovary,pair,pale,peduncle,per,pit,plant,poricidal,primary,raised,ray,seed,simple,size,small,smooth,spherical,stellate-pubescent,stigma,style,tapering,terete,thicknes,tip,tube,unarmed,value,variation,vein,way,wide,width,winged,yellow-orange,young							absent,absent-inflorescence,absent-leaf,absent-stem,andromonoecious,appressed,articulation,basal,blue,bract,branching,breeding,broad-based,connective,cuneate,dichasial,difoliate,discrete,distinct,eglandular,enlarged,flat,fleshy,fork,fully,hair,hermaphroditic,heteromorphism,inflated,insertion,internodal,interpetalar,leathery,lilac,marking,mature,membranous,modification,needle-like,non-geminate,none,odour,orientation,paired,pattern,pink,placement,pore,position,present,radially,rhizome,round,scale,simple-entire,smell,spot,staman,stone,structure,swollen,symmetric,symmetry,sympodial,system,tapered-lanceolate,tissue,trichome,tuber,unit,vegetative,xylopodia,zygomorphy	42.0	110.0	73.0	0.3-0.6,3.5-4.2,anther,apex,attenuate,base,berry,branch,calyx,cell,colour,corolla,filament,form,fruit,fruiting,growth,herb,inflorescence,interjected,leaf,leaflet,length,lower,margin,mm,orange,pedicel,petiole,prickle,pseudostipule,purple,red,shape,shrub,stellate,stem,surface,terminal,texture,type,unbranched	/2,0-0.4,0-2,0.1-0.25,0.3-0.7,0.3-1,0.3-1.5,0.45-0.6,0.6-0.9,0.6-1,0.8-1.8,0.9-1.5,1,1/2,2-2.3,2-4,2-9,2.4-2.8,5-25,6-10,abaxially,acute,apically,apparently,arrangement,articulated,bark,bright,broad-deltate,brown,bud,characteristic,chartaceous,cm,concolorous,corrugation,cuspidate,densely,diameter,discolorous,distal,drying,dull,entire,erect,evenly,exertion,flattened-reniform,glabrousnes,gray,gray-green,green,height,history,lanceolate,lateral,life,light,lob,lobe,lobed,lobing,long,maturity,mauve,midpoint,moderately,na,narrow-cuneate,narrow-elliptic,narrowly,new,number,obtuse,outline,ovary,pair,pale,peduncle,per,pit,plant,poricidal,primary,raised,ray,seed,simple,size,small,smooth,spherical,stellate-pubescent,stigma,style,tapering,terete,thicknes,tip,tube,unarmed,value,variation,vein,way,wide,width,winged,yellow-orange,young	absent,absent-inflorescence,absent-leaf,absent-stem,andromonoecious,appressed,articulation,basal,blue,bract,branching,breeding,broad-based,connective,cuneate,dichasial,difoliate,discrete,distinct,eglandular,enlarged,flat,fleshy,fork,fully,hair,hermaphroditic,heteromorphism,inflated,insertion,internodal,interpetalar,leathery,lilac,marking,mature,membranous,modification,needle-like,non-geminate,none,odour,orientation,paired,pattern,pink,placement,pore,position,present,radially,rhizome,round,scale,simple-entire,smell,spot,staman,stone,structure,swollen,symmetric,symmetry,sympodial,system,tapered-lanceolate,tissue,trichome,tuber,unit,vegetative,xylopodia,zygomorphy
262	wfo-0001028971	invalid_json_followup	NA	45	NA	32	113	78	anther,apex,base,calyx,colour,corolla,filament,form,fruit,fruiting,growth,inflorescence,interjected,leaf,leaflet,length,margin,mm,orange,pedicel,petiole,prickle,pseudostipule,shape,stellate,stem,surface,texture,truncate,type,unbranched,white	.1-0.2,0.1-0.4,0.1-0.5,0.2-0.5-0.8,0.25-0.6,0.4-0.9,0.4-1.5,0.8-2.5,1-2,1-5,1.5-2.2,1.75-2.5,10-15,15-30,2.2-3.5,2.5-3.5,20-35,3-14,3-6,4-5,4-9,5-10,6-16,6-8.5,acute,acute-,adaxially,appearance,arrangement,articulated,attenuate,bark,branch,branched,broadly,bud,campanulate,capitate,characteristic,close,cm,coarsely,connivent,corrugation,deltoid,dentate,diameter,distal,erect,exertion,extra-axillary,farinaceous,flower,glabrous,glabrousnes,globose,height,herb,history,lanceolate,lateral,lenticular,life,lignescent,linear-lanceolate,lobe,lobing,midpoint,minutely,na,narrowly,new,number,obtuse,often,outline,ovary,ovate,ovate-lanceolate,pair,peduncle,per,perennial,pitted,plant,primary,pubescent,ray,reniform-ovate,ripe,round-tipped,seed,sericeous,short,side,simple,size,spreadingly,stigma,style,tan,terminal,termination,thicknes,thin-textured,tube,usually,value,variation,vein,width,x,yellow							0.1-0.2,6.0-8.5,absent,absent-inflorescence,appressed,articulation,basal,berry,bract,branching,breeding,broad-based,cell,connective,difoliate,discrete,distinct,eglandular,enlarged,flat,fleshy,fully,geminate,hair,hermaphroditic,heteromorphism,inflated,insertion,internodal,interpetalar,leathery,lower,marking,mature,membranous,modification,monochasial,needle-like,none,odour,orientation,paired,pattern,placement,pore,position,present,present-inflorescence,present-leaf,present-stem,radially,red,rhizome,round,scale,shrub,simple-entire,simple-toothed,smell,spot,staman,stone,straight,structure,swollen,symmetric,symmetry,sympodial,system,tapered-lanceolate,tissue,triangular,trichome,tuber,unit,vegetative,xylopodia,zygomorphy	32.0	113.0	78.0	anther,apex,base,calyx,colour,corolla,filament,form,fruit,fruiting,growth,inflorescence,interjected,leaf,leaflet,length,margin,mm,orange,pedicel,petiole,prickle,pseudostipule,shape,stellate,stem,surface,texture,truncate,type,unbranched,white	.1-0.2,0.1-0.4,0.1-0.5,0.2-0.5-0.8,0.25-0.6,0.4-0.9,0.4-1.5,0.8-2.5,1-2,1-5,1.5-2.2,1.75-2.5,10-15,15-30,2.2-3.5,2.5-3.5,20-35,3-14,3-6,4-5,4-9,5-10,6-16,6-8.5,acute,acute-,adaxially,appearance,arrangement,articulated,attenuate,bark,branch,branched,broadly,bud,campanulate,capitate,characteristic,close,cm,coarsely,connivent,corrugation,deltoid,dentate,diameter,distal,erect,exertion,extra-axillary,farinaceous,flower,glabrous,glabrousnes,globose,height,herb,history,lanceolate,lateral,lenticular,life,lignescent,linear-lanceolate,lobe,lobing,midpoint,minutely,na,narrowly,new,number,obtuse,often,outline,ovary,ovate,ovate-lanceolate,pair,peduncle,per,perennial,pitted,plant,primary,pubescent,ray,reniform-ovate,ripe,round-tipped,seed,sericeous,short,side,simple,size,spreadingly,stigma,style,tan,terminal,termination,thicknes,thin-textured,tube,usually,value,variation,vein,width,x,yellow	0.1-0.2,6.0-8.5,absent,absent-inflorescence,appressed,articulation,basal,berry,bract,branching,breeding,broad-based,cell,connective,difoliate,discrete,distinct,eglandular,enlarged,flat,fleshy,fully,geminate,hair,hermaphroditic,heteromorphism,inflated,insertion,internodal,interpetalar,leathery,lower,marking,mature,membranous,modification,monochasial,needle-like,none,odour,orientation,paired,pattern,placement,pore,position,present,present-inflorescence,present-leaf,present-stem,radially,red,rhizome,round,scale,shrub,simple-entire,simple-toothed,smell,spot,staman,stone,straight,structure,swollen,symmetric,symmetry,sympodial,system,tapered-lanceolate,tissue,triangular,trichome,tuber,unit,vegetative,xylopodia,zygomorphy
263	wfo-0001028975	success	52	38	8	34	92	70	0.5,acute,anther,apex,base,berry,calyx,colour,corolla,filament,form,fruit,fruiting,green,growth,inflorescence,interjected,leaf,leaflet,length,margin,mm,pedicel,petiole,prickle,pseudostipule,shape,shrub,simple,stem,surface,texture,type,white	0.5-1,1,1-3,1-5,1.2-1.5,1.5-1.8,3-3.5,3-6.5,6-6.5,7.5-15,8-9,9,acuminate,alternate,appearance,area,arrangement,bark,border,branch,broad,brown,bud,characteristic,cm,conically,corrugation,cup-shaped,dark,decurrent,densely,dia,diameter,distal,drying,elliptic,exertion,exserted,giving,glabrous,glabrousnes,globose,height,history,immature,late,lateral,life,lobe,lobed,lobing,long,main,midpoint,minutely,na,narrowly,nearly,new,number,once-furcate,ovary,ovoid-reniform,pair,peduncle,per,perennial,pitted,plant,primary,pubescent,ray,reddish,seed,shaped,shiny,size,stigma,straight,style,tapering,tear-drop,terminal,thicknes,tip,triangular,tube,variation,vein,wide,width,x							3.0-3.5,absent,appressed,articulation,basal,bract,branching,breeding,broad-based,cell,connective,difoliate,discrete,distinct,eglandular,elliptic-oblong,enlarged,flat,fleshy,forked,geminate,hair,heteromorphism,inflated,insertion,interpetalar,leaf-opposed,leathery,lower,marking,mature,membranous,modification,monochasial,multicellular,needle-like,none,odour,orientation,paired,pattern,placement,pore,position,present,radially,rhizome,round,scale,simple-entire,smell,spot,staman,stellate,stone,structure,swollen,symmetric,symmetry,sympodial,system,tissue,tree,trichome,tuber,unbranched,unit,vegetative,xylopodia,zygomorphy	10.0	56.0	94.0	0.5,acute,base,berry,green,mm,petiole,shrub,simple,white	0.5-1,1,1-3,1-5,1.2-1.5,1.5-1.8,3-3.5,3-6.5,6-6.5,7.5-15,8-9,9,acuminate,alternate,area,broad,brown,cm,conically,cup-shaped,dark,decurrent,densely,dia,elliptic,exserted,glabrous,globose,immature,late,lateral,lobed,long,main,minutely,na,narrowly,nearly,once-furcate,ovoid-reniform,pair,perennial,pitted,pubescent,reddish,shaped,shiny,straight,style,tapering,tear-drop,tip,triangular,vein,wide,x	3.0-3.5,absent,anther,apex,appressed,articulation,basal,bract,branching,breeding,broad-based,calyx,cell,colour,connective,corolla,difoliate,discrete,distinct,eglandular,elliptic-oblong,enlarged,filament,flat,fleshy,forked,form,fruit,fruiting,geminate,growth,hair,heteromorphism,inflated,inflorescence,insertion,interjected,interpetalar,leaf,leaf-opposed,leaflet,leathery,length,lower,margin,marking,mature,membranous,modification,monochasial,multicellular,needle-like,none,odour,orientation,paired,pattern,pedicel,placement,pore,position,present,prickle,pseudostipule,radially,rhizome,round,scale,shape,simple-entire,smell,spot,staman,stellate,stem,stone,structure,surface,swollen,symmetric,symmetry,sympodial,system,texture,tissue,tree,trichome,tuber,type,unbranched,unit,vegetative,xylopodia,zygomorphy
264	wfo-0001028980	invalid_json_followup	NA	38	NA	38	100	66	acute,anther,apex,basal,base,berry,calyx,colour,corolla,filament,fleshy,form,fruit,fruiting,glandular,green,growth,inflorescence,interjected,leaf,leaflet,length,margin,mm,pedicel,petiole,prickle,pseudostipule,shape,shrub,simple,stem,surface,texture,tree,trichome,type,white	.5,1-1.2,1.2-1.8,1.5-1.8,1.5-2,2.5,3-4,3/4,4-5,5-6,6,6-8,7-12,acuminate,alternate,appearance,arrangement,axil,bark,black,branch,bud,capitate,characteristic,clearly,cm,coarsely,conical,corrugation,deflexed,dia,diameter,differentiated,distal,drying,elliptic,exertion,exserted,flattened-reniform,furcate,giving,glabrate,glabrous,glabrousnes,globose,height,history,lateral,life,lobe,lobing,long,main,midpoint,minutely,na,new,number,opposite,ovary,ovate,ovoid,pair,paler,peduncle,per,pitted,plant,primary,pubescent,ray,reddish,seed,shaped,sharply,size,small,soon,speciman,stigma,style,tall,tapering,tear-drop,terminal,thick,thicknes,tip,tube,uniseriate,usually,value,variation,vein,way,width,woody,x,yellowish,young							0.5,4.0-5.0,absent,appressed,articulation,bract,branching,breeding,broad-based,cell,connective,difoliate,discrete,distinct,elliptic-oblong,enlarged,flat,forked,geminate,hair,heteromorphism,inflated,insertion,interpetalar,leaf-opposed,leathery,lower,marking,mature,membranous,modification,monochasial,multicellular,needle-like,none,odour,orientation,paired,pattern,placement,pore,position,present,radially,rhizome,round,scale,simple-entire,smell,spot,staman,stellate,stone,structure,swollen,symmetric,symmetry,sympodial,system,tissue,tuber,unbranched,unit,vegetative,xylopodia,zygomorphy	38.0	100.0	66.0	acute,anther,apex,basal,base,berry,calyx,colour,corolla,filament,fleshy,form,fruit,fruiting,glandular,green,growth,inflorescence,interjected,leaf,leaflet,length,margin,mm,pedicel,petiole,prickle,pseudostipule,shape,shrub,simple,stem,surface,texture,tree,trichome,type,white	.5,1-1.2,1.2-1.8,1.5-1.8,1.5-2,2.5,3-4,3/4,4-5,5-6,6,6-8,7-12,acuminate,alternate,appearance,arrangement,axil,bark,black,branch,bud,capitate,characteristic,clearly,cm,coarsely,conical,corrugation,deflexed,dia,diameter,differentiated,distal,drying,elliptic,exertion,exserted,flattened-reniform,furcate,giving,glabrate,glabrous,glabrousnes,globose,height,history,lateral,life,lobe,lobing,long,main,midpoint,minutely,na,new,number,opposite,ovary,ovate,ovoid,pair,paler,peduncle,per,pitted,plant,primary,pubescent,ray,reddish,seed,shaped,sharply,size,small,soon,speciman,stigma,style,tall,tapering,tear-drop,terminal,thick,thicknes,tip,tube,uniseriate,usually,value,variation,vein,way,width,woody,x,yellowish,young	0.5,4.0-5.0,absent,appressed,articulation,bract,branching,breeding,broad-based,cell,connective,difoliate,discrete,distinct,elliptic-oblong,enlarged,flat,forked,geminate,hair,heteromorphism,inflated,insertion,interpetalar,leaf-opposed,leathery,lower,marking,mature,membranous,modification,monochasial,multicellular,needle-like,none,odour,orientation,paired,pattern,placement,pore,position,present,radially,rhizome,round,scale,simple-entire,smell,spot,staman,stellate,stone,structure,swollen,symmetric,symmetry,sympodial,system,tissue,tuber,unbranched,unit,vegetative,xylopodia,zygomorphy
265	wfo-0001028984	success	29	37	5	37	101	76	anther,apex,base,branch,calyx,colour,cordate,corolla,filament,forked,form,fruit,fruiting,growth,hair,inflorescence,interjected,leaf,leaflet,length,margin,mm,pedicel,petiole,prickle,pseudostipule,purple,shape,shrub,simple,stem,surface,terminal,texture,tree,type,unbranched	-2,-3,0.5-1,1-1.7,1-2,1-6,1-9,1.2-4,1.5,10-20,15-35-65,2-16,2-2.5,2-3,4-6,4-6.3,acuminate,acute,age,almost,also,apical,appearance,arrangement,bark,basal,border,broadly,bud,characteristic,chartaceous,cm,concave,corrugation,densely,diameter,dilated,distal,distally,drying,eglandular,ellipsoid-fusiform,entire,exertion,flower,giving,glabrous,glabrousnes,gland,globose,greenish,height,history,lanceolate,lateral,life,lobe,lobing,long,midpoint,moderately,na,new,number,obconical,obtuse,often,ovary,ovate,ovoid,pale,peduncle,per,pilose,plant,primary,puberulent,pubescent-pilose,rarely,ray,seed,size,small,sparsely,stigma,strongly,style,subcoriaceous,thicknes,tip,triangular,truncate,tube,turning,two,unknown,variation,vein,width,x,yellow							4.0-5.0,absent,appressed,articulation,berry,blue,bract,branching,breeding,broad-based,campanulate,cell,connective,coriaceous,dendritic,discrete,distinct,ellipsoid,enlarged,flat,fleshy,fork,fully,fusiform,glandular,green,hermaphroditic,heteromorphism,inflated,insertion,internodal,interpetalar,leathery,lilac,lower,marking,mature,membranous,modification,multicellular,near-basal,needle-like,none,odour,orientation,paired,pattern,pink,placement,plurifoliate,pore,position,present,radially,rhizome,scale,simple-entire,smell,spot,staman,stellate,stone,structure,swollen,symmetric,symmetry,sympodial,system,tapered-lanceolate,tissue,trichome,tuber,unit,vegetative,xylopodia,zygomorphy	11.0	65.0	102.0	apex,base,cordate,forked,hair,mm,purple,shrub,simple,tree,unbranched	-2,-3,0.5-1,1-1.7,1-2,1-6,1-9,1.2-4,1.5,10-20,15-35-65,2-16,2-2.5,2-3,4-6,4-6.3,acuminate,acute,age,almost,also,apical,basal,broadly,chartaceous,cm,concave,densely,dilated,distally,eglandular,ellipsoid-fusiform,entire,flower,glabrous,gland,globose,greenish,lanceolate,lobe,long,moderately,na,obconical,obtuse,often,ovate,ovoid,pale,pilose,puberulent,pubescent-pilose,rarely,small,sparsely,strongly,subcoriaceous,tip,triangular,truncate,turning,two,unknown,x,yellow	4.0-5.0,absent,anther,appressed,articulation,berry,blue,bract,branch,branching,breeding,broad-based,calyx,campanulate,cell,colour,connective,coriaceous,corolla,dendritic,discrete,distinct,ellipsoid,enlarged,filament,flat,fleshy,fork,form,fruit,fruiting,fully,fusiform,glandular,green,growth,hermaphroditic,heteromorphism,inflated,inflorescence,insertion,interjected,internodal,interpetalar,leaf,leaflet,leathery,length,lilac,lower,margin,marking,mature,membranous,modification,multicellular,near-basal,needle-like,none,odour,orientation,paired,pattern,pedicel,petiole,pink,placement,plurifoliate,pore,position,present,prickle,pseudostipule,radially,rhizome,scale,shape,simple-entire,smell,spot,staman,stellate,stem,stone,structure,surface,swollen,symmetric,symmetry,sympodial,system,tapered-lanceolate,terminal,texture,tissue,trichome,tuber,type,unit,vegetative,xylopodia,zygomorphy
266	wfo-0001028997	success	45	38	8	38	87	65	0.5,acute,anther,apex,base,berry,branch,calyx,colour,coriaceous,corolla,difoliate,filament,form,fruit,fruiting,green,growth,inflorescence,interjected,leaf,leaflet,length,margin,mm,pedicel,petiole,prickle,pseudostipule,shape,shrub,stem,surface,terminal,texture,trifoliate,type,white	0.5-0.7,0.8-1.1,1-1.2,1-1.5,2-2.5,2-3.5,3-4,3.3.5,4-4.5,4-angled,5-6,6-10,6-7,appearance,appearing,area,arrangement,attenuate,bark,border,broadened,bud,characteristic,cm,conical,corrugation,diameter,distal,dry,drying,elliptic,elliptic-obovate,erect,exertion,exserted,filiform,flattened-reniform,giving,glabrous,glabrousnes,globose,greenish-brown,height,history,later,lateral,life,lobe,lobing,main,midpoint,minutely,mustard,na,nearly,new,number,opposite,ovary,pair,pale,papillose,peduncle,per,pitted,plant,primary,ray,revolute,seed,shaped,size,stigma,strongly,style,sympodia,tan,tear-drop,thicknes,tube,unknown,variation,vein,width,x,yellow,young							3.0-4.0,absent,appressed,articulation,basal,bract,branching,breeding,broad-based,cell,connective,cuneate,discrete,distinct,elliptic-oblong,enlarged,flat,fleshy,fork,hair,heteromorphism,inflated,insertion,interpetalar,leaf-opposed,leathery,lower,marking,mature,modification,monochasial,multi-branched,needle-like,non-geminate,none,odour,orientation,paired,pattern,placement,pore,position,radially,rhizome,round,scale,simple-entire,smell,spot,staman,stellate,stone,structure,swollen,symmetric,symmetry,sympodial,system,tissue,trichome,tuber,unit,vegetative,xylopodia,zygomorphy	15.0	53.0	88.0	0.5,acute,base,berry,calyx,coriaceous,difoliate,green,leaf,margin,mm,shrub,terminal,trifoliate,white	0.5-0.7,0.8-1.1,1-1.2,1-1.5,2-2.5,2-3.5,3-4,3.3.5,4-4.5,4-angled,5-6,6-10,6-7,appearing,area,attenuate,broadened,cm,conical,dry,elliptic,elliptic-obovate,erect,exserted,filiform,flattened-reniform,glabrous,globose,greenish-brown,later,lateral,main,minutely,mustard,na,nearly,opposite,pair,pale,papillose,pitted,revolute,shaped,strongly,sympodia,tan,tear-drop,tube,unknown,vein,x,yellow,young	3.0-4.0,absent,anther,apex,appressed,articulation,basal,bract,branch,branching,breeding,broad-based,cell,colour,connective,corolla,cuneate,discrete,distinct,elliptic-oblong,enlarged,filament,flat,fleshy,fork,form,fruit,fruiting,growth,hair,heteromorphism,inflated,inflorescence,insertion,interjected,interpetalar,leaf-opposed,leaflet,leathery,length,lower,marking,mature,modification,monochasial,multi-branched,needle-like,non-geminate,none,odour,orientation,paired,pattern,pedicel,petiole,placement,pore,position,prickle,pseudostipule,radially,rhizome,round,scale,shape,simple-entire,smell,spot,staman,stellate,stem,stone,structure,surface,swollen,symmetric,symmetry,sympodial,system,texture,tissue,trichome,tuber,type,unit,vegetative,xylopodia,zygomorphy
267	wfo-0001029003	invalid_json_followup	NA	40	NA	38	104	78	anther,apex,base,berry,branch,calyx,colour,corolla,distal,filament,forked,form,fruit,fruiting,green,growth,herb,inflorescence,interjected,leaf,leaflet,length,margin,membranous,mm,ovoid,pedicel,petiole,prickle,pseudostipule,purple,rounded,shape,stem,surface,terminal,texture,type	0-6,0.5,1,1-2,1-3,1.2-1.9,1.2-2.5,1.5-2.3,11-32,12.2-30,2.5-10,2.5-7.5,3,3.5-7.5,4-8,5,5-12.5,7-15.5,7-9,abaxially,acuminate,appearance,arrangement,attenuate,axillary,bark,blue-violet,brownish,bud,capitate,characteristic,chartaceous,cm,condition,conical,corrugation,diameter,drying,elliptic,erect,exertion,fresh,generally,giving,glabrous,glabrousnes,green-white,greenish,half,height,highly,history,lanceolate,lateral,life,light,lobe,lobing,long,medium,midpoint,minute,mottled,mucilaginous,na,new,number,obtuse,odd-pinnate,ovary,pale,peduncle,per,pigmentation,plant,primary,prostrate,pubescent,ray,ripe,seed,size,sometimes,sparsely,stigma,straight,style,subcapitate,subglabrous,subtending,thicknes,throughout,tube,usually,value,variation,vein,violet,wet,whitish,wide,width,wing,x							1.0-2.0,1/2,1/4-1/2,4.0-8.0,absent,acute,appressed,articulation,basal,blue,bract,branching,breeding,broad-based,cell,compound-entire,connective,cuneate,distinct,eglandular,elliptic-oblong,elongating,enlarged,flat,fleshy,fork,fully,hair,hermaphroditic,heteromorphism,inflated,insertion,interpetalar,leathery,lilac,lower,marking,mature,modification,monochasial,multicellular,needle-like,none,odour,orientation,paired,pattern,pink,placement,plurifoliate,pore,position,present,present-pair,radially,rhizome,rotate,scale,simple,smell,spot,staman,stellate,stone,structure,swollen,symmetric,symmetry,sympodial,system,tissue,trichome,trifoliate,tuber,unit,vegetative,xylopodia,zygomorphy	38.0	104.0	78.0	anther,apex,base,berry,branch,calyx,colour,corolla,distal,filament,forked,form,fruit,fruiting,green,growth,herb,inflorescence,interjected,leaf,leaflet,length,margin,membranous,mm,ovoid,pedicel,petiole,prickle,pseudostipule,purple,rounded,shape,stem,surface,terminal,texture,type	0-6,0.5,1,1-2,1-3,1.2-1.9,1.2-2.5,1.5-2.3,11-32,12.2-30,2.5-10,2.5-7.5,3,3.5-7.5,4-8,5,5-12.5,7-15.5,7-9,abaxially,acuminate,appearance,arrangement,attenuate,axillary,bark,blue-violet,brownish,bud,capitate,characteristic,chartaceous,cm,condition,conical,corrugation,diameter,drying,elliptic,erect,exertion,fresh,generally,giving,glabrous,glabrousnes,green-white,greenish,half,height,highly,history,lanceolate,lateral,life,light,lobe,lobing,long,medium,midpoint,minute,mottled,mucilaginous,na,new,number,obtuse,odd-pinnate,ovary,pale,peduncle,per,pigmentation,plant,primary,prostrate,pubescent,ray,ripe,seed,size,sometimes,sparsely,stigma,straight,style,subcapitate,subglabrous,subtending,thicknes,throughout,tube,usually,value,variation,vein,violet,wet,whitish,wide,width,wing,x	1.0-2.0,1/2,1/4-1/2,4.0-8.0,absent,acute,appressed,articulation,basal,blue,bract,branching,breeding,broad-based,cell,compound-entire,connective,cuneate,distinct,eglandular,elliptic-oblong,elongating,enlarged,flat,fleshy,fork,fully,hair,hermaphroditic,heteromorphism,inflated,insertion,interpetalar,leathery,lilac,lower,marking,mature,modification,monochasial,multicellular,needle-like,none,odour,orientation,paired,pattern,pink,placement,plurifoliate,pore,position,present,present-pair,radially,rhizome,rotate,scale,simple,smell,spot,staman,stellate,stone,structure,swollen,symmetric,symmetry,sympodial,system,tissue,trichome,trifoliate,tuber,unit,vegetative,xylopodia,zygomorphy
268	wfo-0001029006	invalid_json_followup	NA	39	NA	39	125	76	anther,apex,base,berry,branch,calyx,colour,corolla,filament,form,fruit,fruiting,growth,inflated,inflorescence,interjected,leaf,leaflet,length,margin,membranous,mm,pedicel,petiole,prickle,pseudostipule,purple,shape,simple,stem,surface,terminal,texture,trichome,truncate,type,vine,white,woody	-+,.5,0.2,0.4-2.5,0.5-2,0.5-4,1,1-1.5,1-5,1.2-1.5,1.8-2.2,10,10-20,2.5,3.5-4,4-6,5,7-8,<,>,acuminate,acute,adaxial,anthesi,area,arrangement,articulated,asymmetrical,bark,blackish,bud,c.,cayx,characteristic,chartaceous,cm,conical,connivent,corrugation,deeply,deltate,diameter,distal,drying,ellipsoid,elliptic,elongate,entire,exertion,exserted,filiform,flattened,glabrous,glabrousnes,globose,green,groove,height,history,later,lateral,life,lobe,lobed,lobing,long,loosely,midpoint,midrib,minute,minutely,na,narrowly,nearly,new,nodding,number,oblique,occasionally,often,ovary,pair,pale,papillate,peduncle,per,pinnatifid,pitted,plant,primary,puberulent,pubescent,purplish,ray,reaching,reddish,reniform,ripe,sagittate,seed,size,sleeve,small,sometimes,somewhat,sparsely,spreading,stigma,strongly,style,tan,thicknes,tip,tube,uniseriate,value,variation,vein,violet,way,width,within,x,young,zig-zag							1.0-1.5,3.5-4.0,absent,appressed,articulation,asymmetric,basal,black,blue,bract,branching,breeding,broad-based,cell,connective,cup-shaped,distinct,eglandular,elliptic-oblong,elongating,enlarged,fleshy,fork,forked,fully,hair,hermaphroditic,heteromorphism,insertion,internodal,interpetalar,leathery,lilac,lower,marking,mature,modification,monochasial,multi-branched,multicellular,needle-like,none,odour,orientation,paired,pattern,pink,placement,plurifoliate,pore,position,present,radially,rhizome,rotate,round,scale,simple-entire,simple-pinnatifid,smell,spot,staman,stellate,stone,structure,swollen,symmetric,symmetry,sympodial,system,tissue,tuber,unit,vegetative,xylopodia,zygomorphy	39.0	125.0	76.0	anther,apex,base,berry,branch,calyx,colour,corolla,filament,form,fruit,fruiting,growth,inflated,inflorescence,interjected,leaf,leaflet,length,margin,membranous,mm,pedicel,petiole,prickle,pseudostipule,purple,shape,simple,stem,surface,terminal,texture,trichome,truncate,type,vine,white,woody	-+,.5,0.2,0.4-2.5,0.5-2,0.5-4,1,1-1.5,1-5,1.2-1.5,1.8-2.2,10,10-20,2.5,3.5-4,4-6,5,7-8,<,>,acuminate,acute,adaxial,anthesi,area,arrangement,articulated,asymmetrical,bark,blackish,bud,c.,cayx,characteristic,chartaceous,cm,conical,connivent,corrugation,deeply,deltate,diameter,distal,drying,ellipsoid,elliptic,elongate,entire,exertion,exserted,filiform,flattened,glabrous,glabrousnes,globose,green,groove,height,history,later,lateral,life,lobe,lobed,lobing,long,loosely,midpoint,midrib,minute,minutely,na,narrowly,nearly,new,nodding,number,oblique,occasionally,often,ovary,pair,pale,papillate,peduncle,per,pinnatifid,pitted,plant,primary,puberulent,pubescent,purplish,ray,reaching,reddish,reniform,ripe,sagittate,seed,size,sleeve,small,sometimes,somewhat,sparsely,spreading,stigma,strongly,style,tan,thicknes,tip,tube,uniseriate,value,variation,vein,violet,way,width,within,x,young,zig-zag	1.0-1.5,3.5-4.0,absent,appressed,articulation,asymmetric,basal,black,blue,bract,branching,breeding,broad-based,cell,connective,cup-shaped,distinct,eglandular,elliptic-oblong,elongating,enlarged,fleshy,fork,forked,fully,hair,hermaphroditic,heteromorphism,insertion,internodal,interpetalar,leathery,lilac,lower,marking,mature,modification,monochasial,multi-branched,multicellular,needle-like,none,odour,orientation,paired,pattern,pink,placement,plurifoliate,pore,position,present,radially,rhizome,rotate,round,scale,simple-entire,simple-pinnatifid,smell,spot,staman,stellate,stone,structure,swollen,symmetric,symmetry,sympodial,system,tissue,tuber,unit,vegetative,xylopodia,zygomorphy
269	wfo-0001029031	invalid_json_followup	NA	38	NA	41	131	73	anther,apex,base,berry,black,branch,calyx,colour,corolla,cuneate,filament,fleshy,forked,form,fruit,fruiting,growth,hair,inflorescence,interjected,leaf,leaf-opposed,leaflet,length,margin,mm,pedicel,petiole,prickle,pseudostipule,rounded,shape,shrub,stem,surface,terminal,texture,tree,trichome,type,white	-8,.5-1.2,0-5,0.1-0.5,0.5-1.5,0.6-1.2,0.7-1.1,1-1.5,1-2,1-2.5,1-5,1-9.4-11.4,1.8-2.7,10,13.5,2-10.7,2-3,2-3.3,2-5,2.5-5.5,20-150,3-10,3-10-12.3,5-17,6-12,6-21,abaxially,acuminate,acute,adaxially,angle,apart,apparently,arrangement,articulated,bark,becoming,bilobed,bluish,branched,brown,bud,capitate,characteristic,chartaceous,cm,connivent,corrugation,deltate,densely,diameter,distal,drying,elliptic,elliptic-ovate,entire,erect,exertion,flattened,flower,glabrescent,glabrous,glabrousnes,globose,green,height,held,history,immature,impressed,lateral,life,light,like,lobing,long,midpoint,na,new,number,oblong,obtuse,occasionally,orange,outline,ovary,peduncle,peltate,peltate-stellate,per,perennial,perfect,plant,possibly,pr,primary,prominent,pseudoterminal,pubescent,rarely,ray,reniform,ripening,rugulose,seed,sessile,short,side,simple,size,small,spaced,sparsely,stellate-pubescent,stigma,strongly,style,suborbicular,tall,thicknes,tip,tube,unbranched,usually,value,variation,vein,width,x,yellow,yellowish							0.5-1.2,2.0-3.0,absent,appressed,articulation,basal,blue,bract,branching,breeding,broad-based,cell,connective,difoliate,distinct,eglandular,elliptic-oblong,elongating,enlarged,flat,fork,fully,geminate,hermaphroditic,heteromorphism,inflated,insertion,internodal,interpetalar,leathery,lepidote,lilac,lower,marking,mature,membranous,modification,multi-branched,needle-like,none,odour,orientation,paired,pattern,pink,placement,plurifoliate,pore,position,present,purple,radially,rhizome,round,scale,simple-entire,smell,spot,staman,stellate,stone,structure,swollen,symmetric,symmetry,sympodial,system,tissue,tuber,unit,vegetative,xylopodia,zygomorphy	41.0	131.0	73.0	anther,apex,base,berry,black,branch,calyx,colour,corolla,cuneate,filament,fleshy,forked,form,fruit,fruiting,growth,hair,inflorescence,interjected,leaf,leaf-opposed,leaflet,length,margin,mm,pedicel,petiole,prickle,pseudostipule,rounded,shape,shrub,stem,surface,terminal,texture,tree,trichome,type,white	-8,.5-1.2,0-5,0.1-0.5,0.5-1.5,0.6-1.2,0.7-1.1,1-1.5,1-2,1-2.5,1-5,1-9.4-11.4,1.8-2.7,10,13.5,2-10.7,2-3,2-3.3,2-5,2.5-5.5,20-150,3-10,3-10-12.3,5-17,6-12,6-21,abaxially,acuminate,acute,adaxially,angle,apart,apparently,arrangement,articulated,bark,becoming,bilobed,bluish,branched,brown,bud,capitate,characteristic,chartaceous,cm,connivent,corrugation,deltate,densely,diameter,distal,drying,elliptic,elliptic-ovate,entire,erect,exertion,flattened,flower,glabrescent,glabrous,glabrousnes,globose,green,height,held,history,immature,impressed,lateral,life,light,like,lobing,long,midpoint,na,new,number,oblong,obtuse,occasionally,orange,outline,ovary,peduncle,peltate,peltate-stellate,per,perennial,perfect,plant,possibly,pr,primary,prominent,pseudoterminal,pubescent,rarely,ray,reniform,ripening,rugulose,seed,sessile,short,side,simple,size,small,spaced,sparsely,stellate-pubescent,stigma,strongly,style,suborbicular,tall,thicknes,tip,tube,unbranched,usually,value,variation,vein,width,x,yellow,yellowish	0.5-1.2,2.0-3.0,absent,appressed,articulation,basal,blue,bract,branching,breeding,broad-based,cell,connective,difoliate,distinct,eglandular,elliptic-oblong,elongating,enlarged,flat,fork,fully,geminate,hermaphroditic,heteromorphism,inflated,insertion,internodal,interpetalar,leathery,lepidote,lilac,lower,marking,mature,membranous,modification,multi-branched,needle-like,none,odour,orientation,paired,pattern,pink,placement,plurifoliate,pore,position,present,purple,radially,rhizome,round,scale,simple-entire,smell,spot,staman,stellate,stone,structure,swollen,symmetric,symmetry,sympodial,system,tissue,tuber,unit,vegetative,xylopodia,zygomorphy
270	wfo-0001029048	success	43	38	7	29	119	74	0.5,anther,apex,base,berry,calyx,colour,corolla,filament,form,fruit,fruiting,growth,inflorescence,leaf,length,margin,mm,pedicel,petiole,shape,shrub,stem,surface,texture,trichome,type,unifoliate,winged	.01,.2,.5,/3,0.5-1.7,0.8-1,1-2,1-8,1.5-2,11,14,2,25,26,3-4,3.5-4,4-6,5-8,8-10,9-15,acuminate,angle,another,anthesi,arching,arrangement,attenuate,bark,bearing,becoming,beneath,bicellular,branch,broadly,bud,characteristic,cm,conical,corrugation,decurrent,dia,diameter,drying,elliptic,exertion,filiform,flower,glabrate,glabrous,glabrousnes,globose,golden,greenish-white,greenish-yellow,hanging,height,hispidulous,history,lateral,less,life,like,lobe,lobed,lobing,long,main,matte,midrib,minute,minutely,na,new,number,obovoid,obtuse,older,one,ovary,ovoid-reniform,pair,pale,papillose,parallel,peduncle,per,perennial,pitted,planar,plant,primary,puberulent,reflexed,right,ripe,scar,seed,shaped,sharply,size,slender,slightly,small-capitate,stigma,straight,style,tan,tapering,tear-drop,thread-like,time,tip,translucent,tube,uni-,vein,way,x,young							2.5,absent,acute,appressed,articulation,basal,bract,branching,breeding,broad-based,cell,connective,discrete,distinct,eglandular,elliptic-oblong,enlarged,flat,fleshy,green,hair,heteromorphism,inflated,insertion,interjected,interpetalar,leaf-opposed,leaflet,leathery,lower,marking,mature,membranous,modification,monochasial,multicellular,needle-like,none,odour,orientation,paired,pattern,placement,pore,position,prickle,pseudostipule,radially,rhizome,round,rounded,scale,simple,simple-entire,smell,spot,staman,stellate,stone,structure,swollen,symmetric,symmetry,sympodial,system,tissue,tuber,unbranched,unit,vegetative,white,xylopodia,yellow,zygomorphy	13.0	94.0	90.0	0.5,base,berry,calyx,leaf,mm,pedicel,petiole,shrub,stem,trichome,unifoliate,winged	.01,.2,.5,/3,0.5-1.7,0.8-1,1-2,1-8,1.5-2,11,14,2,25,26,3-4,3.5-4,4-6,5-8,8-10,9-15,acuminate,angle,another,anthesi,arching,attenuate,bearing,becoming,beneath,bicellular,broadly,cm,conical,decurrent,dia,elliptic,filiform,flower,glabrate,glabrous,globose,golden,greenish-white,greenish-yellow,hanging,hispidulous,lateral,less,like,lobe,lobed,long,main,matte,midrib,minute,minutely,na,obovoid,obtuse,older,one,ovoid-reniform,pair,pale,papillose,parallel,perennial,pitted,planar,puberulent,reflexed,right,ripe,scar,shaped,sharply,slender,slightly,small-capitate,straight,tan,tapering,tear-drop,thread-like,time,tip,translucent,tube,uni-,vein,way,x,young	2.5,absent,acute,anther,apex,appressed,articulation,basal,bract,branching,breeding,broad-based,cell,colour,connective,corolla,discrete,distinct,eglandular,elliptic-oblong,enlarged,filament,flat,fleshy,form,fruit,fruiting,green,growth,hair,heteromorphism,inflated,inflorescence,insertion,interjected,interpetalar,leaf-opposed,leaflet,leathery,length,lower,margin,marking,mature,membranous,modification,monochasial,multicellular,needle-like,none,odour,orientation,paired,pattern,placement,pore,position,prickle,pseudostipule,radially,rhizome,round,rounded,scale,shape,simple,simple-entire,smell,spot,staman,stellate,stone,structure,surface,swollen,symmetric,symmetry,sympodial,system,texture,tissue,tuber,type,unbranched,unit,vegetative,white,xylopodia,yellow,zygomorphy
271	wfo-0001029055	success	36	40	8	36	82	82	acute,anther,apex,base,branch,calyx,colour,corolla,cuneate,distal,filament,form,fruit,fruiting,green,growth,inflorescence,interjected,leaf,leaflet,length,margin,mm,monochasial,ovoid,pedicel,petiole,prickle,pseudostipule,shape,stem,surface,terminal,texture,type,white	0.4-1.5,1-2.6,1-4,1-5,1.6-3.5,1.8-3.5,14-50,2-11,2.2-3,2.5-8,3-10,4-10,4-6,4-7,5.5-9,6-14,8-9,9-22,acuminate,appearance,arrangement,articulate,bark,border,branched,bud,characteristic,cm,cordate,corrugation,cyme,diameter,dichasial,dichasially,drying,ebracteate,elliptical,exertion,giving,glabrousnes,globose,green-white,height,herbaceous,history,lateral,life,lobe,lobing,long,long-attenuate,midpoint,mucilaginous,na,new,number,oblique,odd-pinnate,ovary,ovate,peduncle,per,perennial,pilose,plant,primary,proximal,pubescent,ray,seed,size,stigma,style,thicknes,triangular,tube,tuber-bearing,variation,vein,wide,width,¼							1.0-4.0,1/2,1/4-1/2,4.0-6.0,absent,appressed,articulation,asymmetric,basal,berry,black,bract,branching,breeding,broad-based,cell,compound-entire,connective,distinct,elliptic-oblong,elongating,enlarged,flat,fleshy,fork,forked,fully,glandular,hair,herb,hermaphroditic,heteromorphism,inflated,insertion,interpetalar,leathery,lower,marking,mature,membranous,modification,multi-branched,multicellular,needle-like,none,odour,orientation,paired,pattern,placement,plurifoliate,pore,position,present,present-pair,purple,radially,rhizome,rotate,rounded,scale,simple,smell,spot,staman,stellate,stone,structure,swollen,symmetric,symmetry,sympodial,system,tissue,trichome,trifoliate,truncate,tuber,unit,vegetative,xylopodia,zygomorphy	9.0	49.0	109.0	acute,base,cuneate,distal,green,mm,monochasial,ovoid,white	0.4-1.5,1-2.6,1-4,1-5,1.6-3.5,1.8-3.5,14-50,2-11,2.2-3,2.5-8,3-10,4-10,4-6,4-7,5.5-9,6-14,8-9,9-22,acuminate,articulate,branched,cm,cordate,cyme,diameter,dichasial,dichasially,ebracteate,elliptical,globose,green-white,herbaceous,lobe,long,long-attenuate,mucilaginous,na,oblique,odd-pinnate,ovate,perennial,pilose,plant,proximal,pubescent,triangular,tuber-bearing,wide,¼	1.0-4.0,1/2,1/4-1/2,4.0-6.0,absent,anther,apex,appressed,articulation,asymmetric,basal,berry,black,bract,branch,branching,breeding,broad-based,calyx,cell,colour,compound-entire,connective,corolla,distinct,elliptic-oblong,elongating,enlarged,filament,flat,fleshy,fork,forked,form,fruit,fruiting,fully,glandular,growth,hair,herb,hermaphroditic,heteromorphism,inflated,inflorescence,insertion,interjected,interpetalar,leaf,leaflet,leathery,length,lower,margin,marking,mature,membranous,modification,multi-branched,multicellular,needle-like,none,odour,orientation,paired,pattern,pedicel,petiole,placement,plurifoliate,pore,position,present,present-pair,prickle,pseudostipule,purple,radially,rhizome,rotate,rounded,scale,shape,simple,smell,spot,staman,stellate,stem,stone,structure,surface,swollen,symmetric,symmetry,sympodial,system,terminal,texture,tissue,trichome,trifoliate,truncate,tuber,type,unit,vegetative,xylopodia,zygomorphy
272	wfo-0001029059	invalid_json	NA	38	NA	25	77	82	anther,base,berry,calyx,colour,corolla,form,fruit,fruiting,growth,inflorescence,leaf,length,mm,pedicel,petiole,shape,shrub,simple,stem,texture,tree,trichome,type,white	.5,0.1-1,0.2,1-1.5,1-4,1-6,1.2-3,1.3-1.7,1.5-2,1.5-2.8,10-19,2.5,3-3.5,3-6.5,3.5-8,4-10.5,5-15-flowered,7-9,abaxial,adaxial,along,alternate,apiculate,arrangement,bark,characteristic,clavate,cm,deltoid,densely,dia,diameter,dirty,elliptic,flattened-reniform,glabrous,globose,height,hispidulous,history,life,lobing,long,minor,minute,minutely,nearly,occasionally,orbiculate,ovary,pale,papillose,perennial,plant,purplish,reddish-grey,ripe,seed,shallowly,shaped,size,slender,small,stigma,style,tapering,tear-drop,tinge,tube,unicellular,uniseriate,value,vein,waxy,x,yellowish-green,yellowish-tan							0.5,3.5-6.0,absent,acute,apex,appressed,articulation,asymmetric,basal,bract,branching,breeding,broad-based,cell,connective,cordate,cuneate,difoliate,discrete,distinct,eglandular,elliptic-oblong,enlarged,filament,flat,fleshy,geminate,green,hair,heteromorphism,inflated,insertion,interjected,interpetalar,leaf-opposed,leaflet,leathery,lower,margin,marking,mature,membranous,modification,monochasial,multicellular,needle-like,none,odour,orientation,paired,pattern,placement,pore,position,present,prickle,pseudostipule,radially,rhizome,round,scale,simple-entire,smell,spot,staman,stellate,stone,structure,surface,swollen,symmetric,symmetry,sympodial,system,tissue,tuber,unbranched,unit,vegetative,xylopodia,yellow,zygomorphy	25.0	77.0	82.0	anther,base,berry,calyx,colour,corolla,form,fruit,fruiting,growth,inflorescence,leaf,length,mm,pedicel,petiole,shape,shrub,simple,stem,texture,tree,trichome,type,white	.5,0.1-1,0.2,1-1.5,1-4,1-6,1.2-3,1.3-1.7,1.5-2,1.5-2.8,10-19,2.5,3-3.5,3-6.5,3.5-8,4-10.5,5-15-flowered,7-9,abaxial,adaxial,along,alternate,apiculate,arrangement,bark,characteristic,clavate,cm,deltoid,densely,dia,diameter,dirty,elliptic,flattened-reniform,glabrous,globose,height,hispidulous,history,life,lobing,long,minor,minute,minutely,nearly,occasionally,orbiculate,ovary,pale,papillose,perennial,plant,purplish,reddish-grey,ripe,seed,shallowly,shaped,size,slender,small,stigma,style,tapering,tear-drop,tinge,tube,unicellular,uniseriate,value,vein,waxy,x,yellowish-green,yellowish-tan	0.5,3.5-6.0,absent,acute,apex,appressed,articulation,asymmetric,basal,bract,branching,breeding,broad-based,cell,connective,cordate,cuneate,difoliate,discrete,distinct,eglandular,elliptic-oblong,enlarged,filament,flat,fleshy,geminate,green,hair,heteromorphism,inflated,insertion,interjected,interpetalar,leaf-opposed,leaflet,leathery,lower,margin,marking,mature,membranous,modification,monochasial,multicellular,needle-like,none,odour,orientation,paired,pattern,placement,pore,position,present,prickle,pseudostipule,radially,rhizome,round,scale,simple-entire,smell,spot,staman,stellate,stone,structure,surface,swollen,symmetric,symmetry,sympodial,system,tissue,tuber,unbranched,unit,vegetative,xylopodia,yellow,zygomorphy
273	wfo-0001029072	invalid_json_followup	NA	44	NA	38	115	83	anther,apex,base,berry,branch,calyx,colour,cordate,corolla,cuneate,filament,form,fruit,fruiting,growth,herb,inflorescence,interjected,leaf,leaflet,length,lower,margin,marking,mm,pedicel,petiole,prickle,pseudostipule,shape,shrub,stem,surface,terminal,texture,type,white,yellow	.5,0-4,0.1-0.4,0.4-0.9,0.5-2,0.8-1.5,00-200,1-1.2,1-1.5,1-25,1.5-2.6,1.5-3.2,1/3,1/4-1/2,2-5,2-7,2.2-2.5,2.2-3.2,2.5-3.5,2.5-3.8,2.5-4.5,3-20,3-5,3/4,4.2-6.5,4.5-9,5-7,7-15,8-20,8-27,acute,apparently,arrangement,bark,bright,bud,characteristic,chartaceous,cm,conical,connivent,corrugation,cream,curved,dark,densely,diameter,dirty,discolorous,distal,drying,dull,erect,exertion,flattened,flattened-reniform,glabrous,glabrousnes,gray,green,green-brown,height,history,lateral,life,lobed,lobing,long,long-styled,maturity,mauve,midpoint,moderately,na,new,number,orange-brown,ovary,ovate,pair,pale,peduncle,pendent,per,perennial,plant,poricidal,prickly,primary,ray,rounded,seed,short-styled,simple,size,sometimes,spherical,stellate-p,stellate-pubescent,stigma,strongly,style,tapering,thicknes,tip,tube,upper,value,variation,vein,way,weakly,wide,width,young							1.0-1.5,5.0-7.0,absent,acicular,andromonoecious,appressed,articulation,asymmetric,basal,blue,bract,branching,breeding,broad-based,cell,connective,dichasial,discrete,distinct,eglandular,enlarged,flat,fleshy,fork,hair,heteromorphism,inflated,insertion,internodal,interpetalar,leathery,lilac,mature,membranous,modification,needle-like,none,odour,orientation,paired,pattern,pink,placement,plurifoliate,pore,position,present,present-inflorescence,present-leaf,present-stem,purple,radially,random,recurved,rhizome,round,scale,simple-entire,simple-lobed,simple-toothed,smell,spot,spreading,staman,stellate,stone,straight,structure,swollen,symmetric,symmetry,sympodial,system,tapered-lanceolate,tissue,triangular,trichome,tuber,unbranched,unit,vegetative,xylopodia,zygomorphy	38.0	115.0	83.0	anther,apex,base,berry,branch,calyx,colour,cordate,corolla,cuneate,filament,form,fruit,fruiting,growth,herb,inflorescence,interjected,leaf,leaflet,length,lower,margin,marking,mm,pedicel,petiole,prickle,pseudostipule,shape,shrub,stem,surface,terminal,texture,type,white,yellow	.5,0-4,0.1-0.4,0.4-0.9,0.5-2,0.8-1.5,00-200,1-1.2,1-1.5,1-25,1.5-2.6,1.5-3.2,1/3,1/4-1/2,2-5,2-7,2.2-2.5,2.2-3.2,2.5-3.5,2.5-3.8,2.5-4.5,3-20,3-5,3/4,4.2-6.5,4.5-9,5-7,7-15,8-20,8-27,acute,apparently,arrangement,bark,bright,bud,characteristic,chartaceous,cm,conical,connivent,corrugation,cream,curved,dark,densely,diameter,dirty,discolorous,distal,drying,dull,erect,exertion,flattened,flattened-reniform,glabrous,glabrousnes,gray,green,green-brown,height,history,lateral,life,lobed,lobing,long,long-styled,maturity,mauve,midpoint,moderately,na,new,number,orange-brown,ovary,ovate,pair,pale,peduncle,pendent,per,perennial,plant,poricidal,prickly,primary,ray,rounded,seed,short-styled,simple,size,sometimes,spherical,stellate-p,stellate-pubescent,stigma,strongly,style,tapering,thicknes,tip,tube,upper,value,variation,vein,way,weakly,wide,width,young	1.0-1.5,5.0-7.0,absent,acicular,andromonoecious,appressed,articulation,asymmetric,basal,blue,bract,branching,breeding,broad-based,cell,connective,dichasial,discrete,distinct,eglandular,enlarged,flat,fleshy,fork,hair,heteromorphism,inflated,insertion,internodal,interpetalar,leathery,lilac,mature,membranous,modification,needle-like,none,odour,orientation,paired,pattern,pink,placement,plurifoliate,pore,position,present,present-inflorescence,present-leaf,present-stem,purple,radially,random,recurved,rhizome,round,scale,simple-entire,simple-lobed,simple-toothed,smell,spot,spreading,staman,stellate,stone,straight,structure,swollen,symmetric,symmetry,sympodial,system,tapered-lanceolate,tissue,triangular,trichome,tuber,unbranched,unit,vegetative,xylopodia,zygomorphy
274	wfo-0001029073	invalid_json_followup	NA	42	NA	38	120	82	acute,anther,apex,base,berry,broad-based,calyx,colour,corolla,filament,form,fruit,fruiting,growth,inflorescence,interjected,internodal,leaf,leaflet,length,margin,mm,orange,pedicel,petiole,prickle,pseudostipule,purple,shape,shrub,stellate,stem,straight,surface,texture,trichome,truncate,type	.5,0.3-1,0.5,0.6-2,1-1.2,1-1.5,1-2.5,1.1-1.5,1.5-2,10-16,2,2-3,2/3,3.5-9,4-5,4-6,5-6,5-8,6-9,7-10,acuminate,anthesi,appearance,armed,arrangement,awn-like,bark,branch,brown,bud,characteristic,chartaceous,cm,conical,corrugation,curved,dark,darker,dense,densely,diameter,dimorphic,distal,drying,elliptic,entire,exertion,exserted,flattened,giving,glabrous,glabrousnes,globose,golden,grey,height,history,hooked,lanceolate,lateral,life,linear,lobe,lobed,lobing,long,maturity,midpoint,minutely,na,narrowly,new,number,oblique,occasionally,opposite,ovary,pair,pale,papillose,peduncle,per,perennial,plant,porrect,primary,pubescent,ray,reniform,reticulate,seed,sessile,shallowly,short-stalked,simple,sinuate,size,slightly,somewhat,sparsely,stigma,strongly,style,tan,tapering,terminal,thicknes,tip,tube,unequally,value,variation,vein,way,whitish,width,x,yellow,yellowish,½							1.5-2.0,4.0-15.0,absent,appressed,articulation,asymmetric,basal,bilaterally,blue,bract,branching,breeding,cell,connective,dichasial,difoliate,dioecious,discrete,distinct,eglandular,elongating,enlarged,flat,fleshy,fully,geminate,hair,hermaphroditic,heteromorphism,inflated,insertion,interpetalar,leaf-opposed,leathery,lilac,lower,marking,mature,membranous,modification,needle-like,non-geminate,none,odour,orientation,paired,pattern,pink,placement,plurifoliate,pore,position,present,present-inflorescence,present-leaf,present-stem,red,rhizome,round,scale,simple-entire,simple-lobed,simple-toothed,smell,spot,staman,stone,structure,swollen,symmetric,symmetry,sympodial,system,tapered-lanceolate,tissue,triangular,tuber,unbranched,unit,vegetative,xylopodia,zygomorphy	38.0	120.0	82.0	acute,anther,apex,base,berry,broad-based,calyx,colour,corolla,filament,form,fruit,fruiting,growth,inflorescence,interjected,internodal,leaf,leaflet,length,margin,mm,orange,pedicel,petiole,prickle,pseudostipule,purple,shape,shrub,stellate,stem,straight,surface,texture,trichome,truncate,type	.5,0.3-1,0.5,0.6-2,1-1.2,1-1.5,1-2.5,1.1-1.5,1.5-2,10-16,2,2-3,2/3,3.5-9,4-5,4-6,5-6,5-8,6-9,7-10,acuminate,anthesi,appearance,armed,arrangement,awn-like,bark,branch,brown,bud,characteristic,chartaceous,cm,conical,corrugation,curved,dark,darker,dense,densely,diameter,dimorphic,distal,drying,elliptic,entire,exertion,exserted,flattened,giving,glabrous,glabrousnes,globose,golden,grey,height,history,hooked,lanceolate,lateral,life,linear,lobe,lobed,lobing,long,maturity,midpoint,minutely,na,narrowly,new,number,oblique,occasionally,opposite,ovary,pair,pale,papillose,peduncle,per,perennial,plant,porrect,primary,pubescent,ray,reniform,reticulate,seed,sessile,shallowly,short-stalked,simple,sinuate,size,slightly,somewhat,sparsely,stigma,strongly,style,tan,tapering,terminal,thicknes,tip,tube,unequally,value,variation,vein,way,whitish,width,x,yellow,yellowish,½	1.5-2.0,4.0-15.0,absent,appressed,articulation,asymmetric,basal,bilaterally,blue,bract,branching,breeding,cell,connective,dichasial,difoliate,dioecious,discrete,distinct,eglandular,elongating,enlarged,flat,fleshy,fully,geminate,hair,hermaphroditic,heteromorphism,inflated,insertion,interpetalar,leaf-opposed,leathery,lilac,lower,marking,mature,membranous,modification,needle-like,non-geminate,none,odour,orientation,paired,pattern,pink,placement,plurifoliate,pore,position,present,present-inflorescence,present-leaf,present-stem,red,rhizome,round,scale,simple-entire,simple-lobed,simple-toothed,smell,spot,staman,stone,structure,swollen,symmetric,symmetry,sympodial,system,tapered-lanceolate,tissue,triangular,tuber,unbranched,unit,vegetative,xylopodia,zygomorphy
275	wfo-0001029074	invalid_json_followup	NA	39	NA	35	104	71	anther,apex,base,berry,black,calyx,colour,corolla,filament,form,fruit,fruiting,growth,herb,inflorescence,interjected,internodal,leaf,leaflet,length,margin,mm,pedicel,petiole,prickle,pseudostipule,shape,stellate,stem,surface,texture,trichome,truncate,type,white	.5,0,0.2-1,0.3-0.8,0.5,0.5-1,0.7-0.8,1,1-1.2,1-2,1-3-6,1.4-1.8,1.5-2,1.5-4,11,2-2.3,2-7,3.5-5,5-7,\u00be,acute,apart,arrangement,bark,branch,broadly,bud,capitate,characteristic,cm,conical,corrugation,cuneate,densely,diameter,distal,drying,ellipsoid,entire,exerted,exertion,flattened,flower,glabrous,glabrousnes,globose,green,grey,height,history,immature,lateral,less,life,like,lobe,lobing,midpoint,minutely,na,new,number,opposite,ovary,ovate,pair,pale,peduncle,per,pitted,plant,poricidal,primary,prominent,pubescent,purplish,ray,reniform,ripening,rounded,sagittate,seed,simple,size,sparsely,stalked,stigma,strongly,style,subshrub,terminal,thicknes,tip,tube,underside,uniformly,value,variation,vein,way,width,x,yellow,yellowish							1.0,1.5-3.0,absent,appressed,articulation,basal,bract,branching,breeding,broad-based,cell,connective,cordate,eglandular,elliptic-oblong,elongating,enlarged,flat,fleshy,fully,hair,hermaphroditic,heteromorphism,inflated,insertion,interpetalar,leaf-opposed,leathery,lower,marking,mature,membranous,modification,monochasial,needle-like,none,odour,orientation,paired,pattern,placement,plurifoliate,pore,position,present,purple,radially,rhizome,round,scale,shrub,simple-entire,smell,spot,staman,stone,structure,swollen,symmetric,symmetry,sympodial,system,tissue,trifoliate,tuber,unbranched,unit,vegetative,winged,xylopodia,zygomorphy	35.0	104.0	71.0	anther,apex,base,berry,black,calyx,colour,corolla,filament,form,fruit,fruiting,growth,herb,inflorescence,interjected,internodal,leaf,leaflet,length,margin,mm,pedicel,petiole,prickle,pseudostipule,shape,stellate,stem,surface,texture,trichome,truncate,type,white	.5,0,0.2-1,0.3-0.8,0.5,0.5-1,0.7-0.8,1,1-1.2,1-2,1-3-6,1.4-1.8,1.5-2,1.5-4,11,2-2.3,2-7,3.5-5,5-7,\u00be,acute,apart,arrangement,bark,branch,broadly,bud,capitate,characteristic,cm,conical,corrugation,cuneate,densely,diameter,distal,drying,ellipsoid,entire,exerted,exertion,flattened,flower,glabrous,glabrousnes,globose,green,grey,height,history,immature,lateral,less,life,like,lobe,lobing,midpoint,minutely,na,new,number,opposite,ovary,ovate,pair,pale,peduncle,per,pitted,plant,poricidal,primary,prominent,pubescent,purplish,ray,reniform,ripening,rounded,sagittate,seed,simple,size,sparsely,stalked,stigma,strongly,style,subshrub,terminal,thicknes,tip,tube,underside,uniformly,value,variation,vein,way,width,x,yellow,yellowish	1.0,1.5-3.0,absent,appressed,articulation,basal,bract,branching,breeding,broad-based,cell,connective,cordate,eglandular,elliptic-oblong,elongating,enlarged,flat,fleshy,fully,hair,hermaphroditic,heteromorphism,inflated,insertion,interpetalar,leaf-opposed,leathery,lower,marking,mature,membranous,modification,monochasial,needle-like,none,odour,orientation,paired,pattern,placement,plurifoliate,pore,position,present,purple,radially,rhizome,round,scale,shrub,simple-entire,smell,spot,staman,stone,structure,swollen,symmetric,symmetry,sympodial,system,tissue,trifoliate,tuber,unbranched,unit,vegetative,winged,xylopodia,zygomorphy
276	wfo-0001029075	invalid_json_followup	NA	40	NA	41	132	71	4.5-6.5,anther,apex,base,berry,branch,cell,colour,corolla,cuneate,distal,filament,forked,form,fruit,fruiting,green,growth,hair,herb,inflorescence,interjected,leaf,leaflet,length,margin,mm,ovoid,pedicel,petiole,prickle,pseudostipule,rounded,shape,stem,surface,terminal,texture,type,white,yellow	.3,.5,0-8,0.8-1.2,0.8-1.5,1-2,1-2.5,10-20,2-5,2.5-3,2.7-4.2,30-60,4-10,4-14,4-7,5-8,5-8.5,6-12,7-17,7-9,8-9,\u201chair-like\u201,abaxially,abruptly,acumen,adaxially,arrangement,articulated,attenuate-acuminate,atypically,axillary,bark,broadly,brown,brownish,bud,canescent,cayx,characteristic,claviform,cm,condition,connivent,corrugation,covering,dark,densely,diameter,dot,drying,exertion,flecked,flower,fresh,generally,glabrescent,glabrous,glabrousnes,glandular-pilose,glandular-puberulent,gray-green,green-white,greenish,half,height,history,lanceolate,lateral,life,light,like,lobe,lobing,long,long-spatulate,make,middle,midpoint,mucilaginous,na,narrowed,new,number,odd-pinnate,orbicular,ovary,ovate,peduncle,per,petal,petiolulate,plant,pointed,poricidal,primary,pubescent,purple,ray,seed,sessile,short,size,slightly,small,sometimes,stigma,style,subobtuse,subquadrate,subtending,testal,thick,thicknes,throughout,tip,tube,unwinged,upper,usually,value,variation,vein,wall,wet,whitish,whitish-gray,wide,width,woody,x,yellow-green,yellowish-white							1.0-2.0,1/2,absent,acute,appressed,articulation,bract,branching,breeding,broad-based,calyx,compound-entire,connective,distinct,elliptic-oblong,elongating,enlarged,flat,fleshy,fork,fully,glandular,hermaphroditic,heteromorphism,inflated,insertion,interpetalar,leathery,lower,marking,mature,membranous,modification,monochasial,multicellular,needle-like,none,odour,orientation,paired,pattern,placement,plurifoliate,pore,position,present,present-pair,radially,rhizome,rotate,scale,simple,smell,spot,staman,stellate,stone,structure,swollen,symmetric,symmetry,sympodial,system,tissue,trichome,trifoliate,tuber,unit,vegetative,xylopodia,zygomorphy	41.0	132.0	71.0	4.5-6.5,anther,apex,base,berry,branch,cell,colour,corolla,cuneate,distal,filament,forked,form,fruit,fruiting,green,growth,hair,herb,inflorescence,interjected,leaf,leaflet,length,margin,mm,ovoid,pedicel,petiole,prickle,pseudostipule,rounded,shape,stem,surface,terminal,texture,type,white,yellow	.3,.5,0-8,0.8-1.2,0.8-1.5,1-2,1-2.5,10-20,2-5,2.5-3,2.7-4.2,30-60,4-10,4-14,4-7,5-8,5-8.5,6-12,7-17,7-9,8-9,\u201chair-like\u201,abaxially,abruptly,acumen,adaxially,arrangement,articulated,attenuate-acuminate,atypically,axillary,bark,broadly,brown,brownish,bud,canescent,cayx,characteristic,claviform,cm,condition,connivent,corrugation,covering,dark,densely,diameter,dot,drying,exertion,flecked,flower,fresh,generally,glabrescent,glabrous,glabrousnes,glandular-pilose,glandular-puberulent,gray-green,green-white,greenish,half,height,history,lanceolate,lateral,life,light,like,lobe,lobing,long,long-spatulate,make,middle,midpoint,mucilaginous,na,narrowed,new,number,odd-pinnate,orbicular,ovary,ovate,peduncle,per,petal,petiolulate,plant,pointed,poricidal,primary,pubescent,purple,ray,seed,sessile,short,size,slightly,small,sometimes,stigma,style,subobtuse,subquadrate,subtending,testal,thick,thicknes,throughout,tip,tube,unwinged,upper,usually,value,variation,vein,wall,wet,whitish,whitish-gray,wide,width,woody,x,yellow-green,yellowish-white	1.0-2.0,1/2,absent,acute,appressed,articulation,bract,branching,breeding,broad-based,calyx,compound-entire,connective,distinct,elliptic-oblong,elongating,enlarged,flat,fleshy,fork,fully,glandular,hermaphroditic,heteromorphism,inflated,insertion,interpetalar,leathery,lower,marking,mature,membranous,modification,monochasial,multicellular,needle-like,none,odour,orientation,paired,pattern,placement,plurifoliate,pore,position,present,present-pair,radially,rhizome,rotate,scale,simple,smell,spot,staman,stellate,stone,structure,swollen,symmetric,symmetry,sympodial,system,tissue,trichome,trifoliate,tuber,unit,vegetative,xylopodia,zygomorphy
277	wfo-0001029084	invalid_json_followup	NA	40	NA	40	108	72	absent,anther,apex,base,berry,branch,calyx,cell,colour,corolla,distal,filament,forked,form,fruit,fruiting,green,growth,herb,inflorescence,interjected,leaf,leaflet,length,lilac,margin,mm,ovoid,pedicel,petiole,prickle,pseudostipule,purple,rotate,shape,stem,surface,terminal,texture,type	.5,0.8-2,0.8-2.1,1-2,1.1-2.2,1.5-2.5,10-50,2-3.5,2-5,3-6,3.5-7.5,3.5-8,4-17,4-7,4.5-10,5,6-13,7-9,8-23,\u201chair-like\u201d,acuminate,apparently,arrangement,articulated,axe,axillary,bark,brownish,bud,capitate,characteristic,chartaceous,cm,condition,conical,connivent,corrugation,covering,diameter,drying,exertion,flower,fresh,generally,glabrous,glabrousnes,green-white,greenish,half,height,history,lanceolate,lateral,life,light,lobe,lobing,long,make,middle,midpoint,minute,mottled,mucilaginous,na,narrow,new,number,odd-pinnate,ovary,ovate-lanceolate,peduncle,per,perfect,petiolule,pilose,plant,primary,proximal,pubescent,ray,ripe,seed,size,sparsely,stigma,style,subglabrous,subsessile,subtending,testal,thick,thicknes,third,throughout,tube,unwinged,usually,value,variation,vein,wall,wet,whitish,wide,width,wing,x							1.0-2.0,1/2,4.0-7.0,appressed,articulation,blue,bract,branching,breeding,broad-based,compound-entire,connective,cuneate,distinct,eglandular,elliptic-oblong,elongating,enlarged,flat,fleshy,fork,fully,hair,hermaphroditic,heteromorphism,inflated,insertion,interpetalar,leathery,lower,marking,mature,membranous,modification,monochasial,multicellular,needle-like,none,odour,orientation,paired,pattern,pink,placement,plurifoliate,pore,position,present,present-pair,radially,rhizome,scale,simple,smell,spot,staman,stellate,stone,structure,swollen,symmetric,symmetry,sympodial,system,tissue,trichome,trifoliate,tuber,unit,vegetative,xylopodia,zygomorphy	40.0	108.0	72.0	absent,anther,apex,base,berry,branch,calyx,cell,colour,corolla,distal,filament,forked,form,fruit,fruiting,green,growth,herb,inflorescence,interjected,leaf,leaflet,length,lilac,margin,mm,ovoid,pedicel,petiole,prickle,pseudostipule,purple,rotate,shape,stem,surface,terminal,texture,type	.5,0.8-2,0.8-2.1,1-2,1.1-2.2,1.5-2.5,10-50,2-3.5,2-5,3-6,3.5-7.5,3.5-8,4-17,4-7,4.5-10,5,6-13,7-9,8-23,\u201chair-like\u201d,acuminate,apparently,arrangement,articulated,axe,axillary,bark,brownish,bud,capitate,characteristic,chartaceous,cm,condition,conical,connivent,corrugation,covering,diameter,drying,exertion,flower,fresh,generally,glabrous,glabrousnes,green-white,greenish,half,height,history,lanceolate,lateral,life,light,lobe,lobing,long,make,middle,midpoint,minute,mottled,mucilaginous,na,narrow,new,number,odd-pinnate,ovary,ovate-lanceolate,peduncle,per,perfect,petiolule,pilose,plant,primary,proximal,pubescent,ray,ripe,seed,size,sparsely,stigma,style,subglabrous,subsessile,subtending,testal,thick,thicknes,third,throughout,tube,unwinged,usually,value,variation,vein,wall,wet,whitish,wide,width,wing,x	1.0-2.0,1/2,4.0-7.0,appressed,articulation,blue,bract,branching,breeding,broad-based,compound-entire,connective,cuneate,distinct,eglandular,elliptic-oblong,elongating,enlarged,flat,fleshy,fork,fully,hair,hermaphroditic,heteromorphism,inflated,insertion,interpetalar,leathery,lower,marking,mature,membranous,modification,monochasial,multicellular,needle-like,none,odour,orientation,paired,pattern,pink,placement,plurifoliate,pore,position,present,present-pair,radially,rhizome,scale,simple,smell,spot,staman,stellate,stone,structure,swollen,symmetric,symmetry,sympodial,system,tissue,trichome,trifoliate,tuber,unit,vegetative,xylopodia,zygomorphy
278	wfo-0001029088	invalid_json_followup	NA	39	NA	37	97	65	anther,apex,base,berry,calyx,colour,corolla,filament,fleshy,form,fruit,fruiting,growth,herbaceous,inflorescence,interjected,leaf,leaflet,length,lower,margin,mature,mm,pedicel,petiole,plurifoliate,prickle,pseudostipule,rounded,shape,stem,surface,texture,type,unbranched,vine,white	.3,0.6–3.2,1.3–4.5,1.5–2,1.5–3,15–25,1–1.2,1–1.6,1–3,2-lobed,25–30,2–2.5,2–3,3.5–7,3.5–8,3–16,4–8,5,6-10,acuminate,arrangement,bark,branch,bronze-brown,bud,capitate,characteristic,cm,cordate,corrugation,cylindrical,diameter,distal,drying,entire,exertion,extra-axillary,flattened,flower,glabrous,glabrousnes,greenish-brown,half,height,history,immature,lateral,lenticular,life,light,lobe,lobing,long,midpoint,minutely,moderately,na,near,new,number,obtuse,ovary,ovoid-rhomboid,palmate,papillose,peduncle,per,plant,primary,purplish,ray,reddish-brown,revolute,rugose,sand-punctate,seed,shortly,simple,size,slender,slightly,somewhat,sparsely,stigma,stout,straight,style,terminal,thicknes,tip,tube,value,variation,vein,width,x,–7							1.0,2.0-2.5,absent,appressed,articulation,asymmetric,basal,bract,branching,breeding,broad-based,brown,cell,connective,distinct,elliptic-oblong,elongating,enlarged,flat,fully,hair,herb,hermaphroditic,heteromorphism,inflated,insertion,internodal,interpetalar,leathery,marking,modification,monochasial,needle-like,none,odour,orientation,paired,pattern,placement,pointed,pore,position,radially,rhizome,scale,simple-entire,smell,spot,staman,stellate,stone,structure,swollen,symmetric,symmetry,sympodial,system,tissue,trichome,truncate,tuber,unit,vegetative,xylopodia,zygomorphy	37.0	97.0	65.0	anther,apex,base,berry,calyx,colour,corolla,filament,fleshy,form,fruit,fruiting,growth,herbaceous,inflorescence,interjected,leaf,leaflet,length,lower,margin,mature,mm,pedicel,petiole,plurifoliate,prickle,pseudostipule,rounded,shape,stem,surface,texture,type,unbranched,vine,white	.3,0.6–3.2,1.3–4.5,1.5–2,1.5–3,15–25,1–1.2,1–1.6,1–3,2-lobed,25–30,2–2.5,2–3,3.5–7,3.5–8,3–16,4–8,5,6-10,acuminate,arrangement,bark,branch,bronze-brown,bud,capitate,characteristic,cm,cordate,corrugation,cylindrical,diameter,distal,drying,entire,exertion,extra-axillary,flattened,flower,glabrous,glabrousnes,greenish-brown,half,height,history,immature,lateral,lenticular,life,light,lobe,lobing,long,midpoint,minutely,moderately,na,near,new,number,obtuse,ovary,ovoid-rhomboid,palmate,papillose,peduncle,per,plant,primary,purplish,ray,reddish-brown,revolute,rugose,sand-punctate,seed,shortly,simple,size,slender,slightly,somewhat,sparsely,stigma,stout,straight,style,terminal,thicknes,tip,tube,value,variation,vein,width,x,–7	1.0,2.0-2.5,absent,appressed,articulation,asymmetric,basal,bract,branching,breeding,broad-based,brown,cell,connective,distinct,elliptic-oblong,elongating,enlarged,flat,fully,hair,herb,hermaphroditic,heteromorphism,inflated,insertion,internodal,interpetalar,leathery,marking,modification,monochasial,needle-like,none,odour,orientation,paired,pattern,placement,pointed,pore,position,radially,rhizome,scale,simple-entire,smell,spot,staman,stellate,stone,structure,swollen,symmetric,symmetry,sympodial,system,tissue,trichome,truncate,tuber,unit,vegetative,xylopodia,zygomorphy
279	wfo-0001029089	success	45	38	8	35	95	74	0.1-0.25,acute,anther,apex,base,berry,calyx,colour,corolla,filament,form,fruit,fruiting,green,growth,inflorescence,interjected,leaf,leaflet,length,margin,mm,pedicel,petiole,prickle,pseudostipule,shape,shrub,simple,stem,surface,texture,tree,type,white	/4,0.5-0.6,0.5-1,0.8-1,1,1-1.5,1.5-2,10-25,4.5-5,5-10,5-9,6-7,abaxially,adaxially,alternate,appearance,arrangement,bark,bilobed,border,branch,bud,campanulate,caniculate,characteristic,cm,completely,corrugation,dark,decurrent,dia,diameter,distal,drying,elliptic,enclosed,exertion,exserted,flattened-reniform,furcate,giving,glabrous,glabrousnes,globose,golden,greyish,height,history,impressed,lateral,life,lobe,lobing,midpoint,minutely,na,new,number,occasionally,opposite,ovary,peduncle,per,pinkish,pitted,plant,primary,prominent,purplish,ray,reddish-grey,resinous,rounded,secretion,seed,shaped,shiny,size,slightly,small,somewhat,stigma,style,tan,tapering,tear-drop,terminal,thicknes,tube,variation,vein,way,width,x,young							4.5-5.0,absent,appressed,articulation,basal,blue,bract,branching,breeding,broad-based,cell,connective,difoliate,discrete,distinct,eglandular,elliptic-oblong,enlarged,flat,fleshy,forked,geminate,hair,heteromorphism,inflated,insertion,interpetalar,leaf-opposed,leathery,lilac,lower,marking,mature,membranous,modification,monochasial,multicellular,needle-like,none,odour,orientation,paired,pattern,pink,placement,pore,position,present,purple,radially,rhizome,round,scale,simple-entire,smell,spot,staman,stellate,stone,structure,swollen,symmetric,symmetry,sympodial,system,tissue,trichome,tuber,unbranched,unit,vegetative,winged,xylopodia,zygomorphy	12.0	56.0	97.0	0.1-0.25,acute,base,berry,calyx,green,leaf,mm,shrub,simple,tree,white	/4,0.5-0.6,0.5-1,0.8-1,1,1-1.5,1.5-2,10-25,4.5-5,5-10,5-9,6-7,abaxially,adaxially,alternate,bilobed,campanulate,caniculate,cm,completely,dark,decurrent,dia,elliptic,enclosed,exserted,flattened-reniform,furcate,glabrous,globose,golden,greyish,impressed,minutely,na,occasionally,opposite,pinkish,pitted,prominent,purplish,reddish-grey,resinous,rounded,secretion,shaped,shiny,slightly,small,somewhat,tan,tapering,tear-drop,way,x,young	4.5-5.0,absent,anther,apex,appressed,articulation,basal,blue,bract,branching,breeding,broad-based,cell,colour,connective,corolla,difoliate,discrete,distinct,eglandular,elliptic-oblong,enlarged,filament,flat,fleshy,forked,form,fruit,fruiting,geminate,growth,hair,heteromorphism,inflated,inflorescence,insertion,interjected,interpetalar,leaf-opposed,leaflet,leathery,length,lilac,lower,margin,marking,mature,membranous,modification,monochasial,multicellular,needle-like,none,odour,orientation,paired,pattern,pedicel,petiole,pink,placement,pore,position,present,prickle,pseudostipule,purple,radially,rhizome,round,scale,shape,simple-entire,smell,spot,staman,stellate,stem,stone,structure,surface,swollen,symmetric,symmetry,sympodial,system,texture,tissue,trichome,tuber,type,unbranched,unit,vegetative,winged,xylopodia,zygomorphy
280	wfo-0001029091	success	39	39	7	30	98	81	anther,apex,base,berry,calyx,colour,corolla,filament,form,fruit,fruiting,glandular,growth,inflorescence,leaf,length,margin,mm,ovoid,pattern,pedicel,petiole,plurifoliate,shape,shrub,stem,surface,texture,type,winged	-4,-4.5,1-2,1.5-2,1.5-2-3,10,10-20,10-toothed,15-40,170-210,2-2.5,2-3,2.5-4,3,3-4,7-8,acuminate,acute,arrangement,bark,branch,broadly,bud,buff,campanulate,capitate,characteristic,cm,corrugation,cuneate,cyme,dia,diameter,discoidal,drying,ellipsoid,elliptic,exerted,exertion,flattened,flower,flushed,glabrousnes,globose,globular,green,grey,height,history,intense,irregular,irregularly,larger,life,light,lobing,long,minutely,na,narrowly,new,number,oblong,obovate,ochre-yellow,ovary,ovate,overlain,pale,peduncle,per,perennial,petiolate,plant,primary,pubescent,reddish-purple,relatively,reticulate-concentric,ridge,ridged,scarcely,seed,separate,shortly,size,slender,slightly,soft-wooded,soon,speckled,stigma,style,transverse,tube,vein,violet-purple,x							2.0-3.0,3.0,absent,appressed,articulation,attenuate,axillary,basal,blue,bract,branching,breeding,broad-based,cell,connective,distinct,elliptic-oblong,elongating,enlarged,flat,fleshy,forked,fully,hair,hermaphroditic,heteromorphism,inflated,insertion,interjected,interpetalar,leaflet,leathery,lilac,lower,marking,mature,membranous,modification,monochasial,multicellular,needle-like,none,odour,orientation,paired,pink,placement,pore,position,present,prickle,pseudostipule,purple,radially,rhizome,rotate,round,scale,simple,simple-entire,simple-lobed,smell,spot,staman,stellate,stone,structure,swollen,symmetric,symmetry,sympodial,system,tissue,trichome,tuber,unbranched,unit,vegetative,xylopodia,yellow,zygomorphy	10.0	72.0	101.0	berry,calyx,glandular,mm,ovoid,pattern,petiole,plurifoliate,shrub,winged	-4,-4.5,1-2,1.5-2,1.5-2-3,10,10-20,10-toothed,15-40,170-210,2-2.5,2-3,2.5-4,3,3-4,7-8,acuminate,acute,broadly,buff,campanulate,capitate,cm,cuneate,cyme,dia,discoidal,ellipsoid,elliptic,exerted,flattened,flower,flushed,globose,globular,green,grey,intense,irregular,irregularly,larger,light,long,minutely,na,narrowly,oblong,obovate,ochre-yellow,ovate,overlain,pale,perennial,petiolate,pubescent,reddish-purple,relatively,reticulate-concentric,ridge,ridged,scarcely,separate,shortly,slender,slightly,soft-wooded,soon,speckled,transverse,tube,violet-purple,x	2.0-3.0,3.0,absent,anther,apex,appressed,articulation,attenuate,axillary,basal,base,blue,bract,branching,breeding,broad-based,cell,colour,connective,corolla,distinct,elliptic-oblong,elongating,enlarged,filament,flat,fleshy,forked,form,fruit,fruiting,fully,growth,hair,hermaphroditic,heteromorphism,inflated,inflorescence,insertion,interjected,interpetalar,leaf,leaflet,leathery,length,lilac,lower,margin,marking,mature,membranous,modification,monochasial,multicellular,needle-like,none,odour,orientation,paired,pedicel,pink,placement,pore,position,present,prickle,pseudostipule,purple,radially,rhizome,rotate,round,scale,shape,simple,simple-entire,simple-lobed,smell,spot,staman,stellate,stem,stone,structure,surface,swollen,symmetric,symmetry,sympodial,system,texture,tissue,trichome,tuber,type,unbranched,unit,vegetative,xylopodia,yellow,zygomorphy
281	wfo-0001029101	success	47	44	7	29	99	83	anther,apex,base,berry,calyx,cell,colour,corolla,cuneate,filament,form,fruit,fruiting,growth,inflorescence,leaf,length,margin,marking,mm,pedicel,petiole,shape,shrub,stem,surface,texture,type,yellow	.5,/3,0-2,0.4-1.5,0.5-1,00-200,1-1.5,1-3,1.3-2,1.3-2.6,1.4-2.2,1.5-2.5,1.8-3,2.5-3.5,2.5-6,2.8-3.3,3-4,3-5-9,5-7-13,apparently,arrangement,articulated,bark,branch,brown-green,bud,characteristic,chartaceous,cm,concolorous,connivent,corrugation,cream,dark,darker,diameter,discolorous,drying,dull,elliptic,erect,exertion,flattened-reniform,glabrous,glabrousnes,green,green-brown,height,history,lateral,life,lobed,lobing,long,long-styled,maturity,mauve,moderately,na,new,number,obovate,obtuse,orange-brown,outline,ovary,ovate,pair,pale,peduncle,per,perennial,pit,plant,poricidal,prickly,primary,raised,rounded,seed,short-styled,simple,size,small,smooth,sometimes,sparsely,spherical,stellate-pubescent,stigma,style,tapering,tip,tube,vein,way,wide,yellow-green,young							1.0-1.5,5.0-7.0,absent,andromonoecious,appressed,articulation,basal,blue,bract,branching,breeding,broad-based,connective,dichasial,discrete,distinct,eglandular,enlarged,flat,fleshy,forked,hair,heteromorphism,inflated,insertion,interjected,internodal,interpetalar,leaflet,leathery,lilac,lower,mature,membranous,modification,needle-like,none,odour,orientation,paired,pattern,pink,placement,plurifoliate,pore,position,present,present-inflorescence,present-leaf,present-stem,prickle,pseudostipule,purple,radially,random,rhizome,round,scale,simple-lobed,smell,spot,spreading,staman,stellate,stone,straight,stripe,structure,swollen,symmetric,symmetry,sympodial,system,tapered-lanceolate,tissue,triangular,trichome,tuber,unbranched,unit,vegetative,xylopodia,zygomorphy	10.0	74.0	102.0	apex,base,berry,cell,cuneate,length,marking,mm,shrub,yellow	.5,/3,0-2,0.4-1.5,0.5-1,00-200,1-1.5,1-3,1.3-2,1.3-2.6,1.4-2.2,1.5-2.5,1.8-3,2.5-3.5,2.5-6,2.8-3.3,3-4,3-5-9,5-7-13,apparently,articulated,brown-green,chartaceous,cm,concolorous,connivent,cream,dark,darker,diameter,discolorous,drying,dull,elliptic,erect,flattened-reniform,glabrous,green,green-brown,lateral,lobed,long,long-styled,maturity,mauve,moderately,na,obovate,obtuse,orange-brown,outline,ovate,pair,pale,perennial,pit,poricidal,prickly,raised,rounded,short-styled,simple,small,smooth,sometimes,sparsely,spherical,stellate-pubescent,tapering,tip,way,wide,yellow-green,young	1.0-1.5,5.0-7.0,absent,andromonoecious,anther,appressed,articulation,basal,blue,bract,branching,breeding,broad-based,calyx,colour,connective,corolla,dichasial,discrete,distinct,eglandular,enlarged,filament,flat,fleshy,forked,form,fruit,fruiting,growth,hair,heteromorphism,inflated,inflorescence,insertion,interjected,internodal,interpetalar,leaf,leaflet,leathery,lilac,lower,margin,mature,membranous,modification,needle-like,none,odour,orientation,paired,pattern,pedicel,petiole,pink,placement,plurifoliate,pore,position,present,present-inflorescence,present-leaf,present-stem,prickle,pseudostipule,purple,radially,random,rhizome,round,scale,shape,simple-lobed,smell,spot,spreading,staman,stellate,stem,stone,straight,stripe,structure,surface,swollen,symmetric,symmetry,sympodial,system,tapered-lanceolate,texture,tissue,triangular,trichome,tuber,type,unbranched,unit,vegetative,xylopodia,zygomorphy
282	wfo-0001029106	success	53	44	7	36	98	83	anther,apex,base,berry,calyx,cell,colour,corolla,cuneate,filament,form,fruit,fruiting,growth,inflorescence,leaf,length,lower,margin,mature,membranous,mm,orange,pedicel,petiole,prickle,red,shape,shrub,spreading,stem,straight,surface,texture,type,white	.5,/3,0.2-1,0.25-0.7,0.5-0.8,0.5-0.9,0.5-1,0.9-1.2,1-1.6,1-5,1.5-3.5,10-20,2-4,2-5.5,2-8,2.2-3,2/3,3-25,3-3.5,3-4,4-6,apart,apparently,arrangement,articulated,bark,branch,characteristic,cm,concolorous,curved,densely,diameter,discolorous,drying,elliptic,elongating,erect,exertion,flattened,flattened-reniform,gently,glabrous,glabrousnes,height,history,lateral,life,light,lobe,lobed,lobing,long,maturity,mauve,na,new,number,obtuse,orange-brown,outline,ovary,ovate,pair,pale,peduncle,per,perennial,pit,plant,poricidal,prickly,primary,raised,reflexed,rounded,seed,shiny,simple,size,small,smooth,spaced,sparsely,spherical,stellate-pubescent,style,subentire,tapering,tip,tube,vein,way,weakly,wide,width,yellow-orange,yellowish-green							0.5-1.0,3.0-4.0,absent,absent-leaf,acicular,appressed,articulation,basal,blue,bract,branching,breeding,broad-based,connective,dichasial,discrete,distinct,eglandular,enlarged,flat,fleshy,forked,fully,hair,hermaphroditic,heteromorphism,inflated,insertion,interjected,internodal,interpetalar,leaflet,leathery,lilac,marking,modification,needle-like,none,odour,orientation,paired,pattern,pink,placement,plurifoliate,pore,position,present,present-inflorescence,present-leaf,present-stem,pseudostipule,purple,radially,random,recurved,rhizome,round,scale,simple-entire,smell,spot,staman,stellate,stone,structure,swollen,symmetric,symmetry,sympodial,system,tapered-lanceolate,tissue,triangular,trichome,tuber,unbranched,unit,vegetative,vine,woody,xylopodia,zygomorphy	16.0	74.0	103.0	base,berry,cell,cuneate,fruit,length,lower,mature,membranous,mm,orange,red,shrub,spreading,straight,white	.5,/3,0.2-1,0.25-0.7,0.5-0.8,0.5-0.9,0.5-1,0.9-1.2,1-1.6,1-5,1.5-3.5,10-20,2-4,2-5.5,2-8,2.2-3,2/3,3-25,3-3.5,3-4,4-6,apart,apparently,articulated,cm,concolorous,curved,densely,diameter,discolorous,drying,elliptic,elongating,erect,flattened,flattened-reniform,gently,glabrous,lateral,light,lobed,long,maturity,mauve,na,obtuse,orange-brown,outline,ovate,pair,pale,perennial,pit,poricidal,prickly,raised,reflexed,rounded,shiny,simple,small,smooth,spaced,sparsely,spherical,stellate-pubescent,subentire,tapering,tip,way,weakly,wide,yellow-orange,yellowish-green	0.5-1.0,3.0-4.0,absent,absent-leaf,acicular,anther,apex,appressed,articulation,basal,blue,bract,branching,breeding,broad-based,calyx,colour,connective,corolla,dichasial,discrete,distinct,eglandular,enlarged,filament,flat,fleshy,forked,form,fruiting,fully,growth,hair,hermaphroditic,heteromorphism,inflated,inflorescence,insertion,interjected,internodal,interpetalar,leaf,leaflet,leathery,lilac,margin,marking,modification,needle-like,none,odour,orientation,paired,pattern,pedicel,petiole,pink,placement,plurifoliate,pore,position,present,present-inflorescence,present-leaf,present-stem,prickle,pseudostipule,purple,radially,random,recurved,rhizome,round,scale,shape,simple-entire,smell,spot,staman,stellate,stem,stone,structure,surface,swollen,symmetric,symmetry,sympodial,system,tapered-lanceolate,texture,tissue,triangular,trichome,tuber,type,unbranched,unit,vegetative,vine,woody,xylopodia,zygomorphy
283	wfo-0001029112	invalid_json_followup	NA	40	NA	38	108	74	3.5-4.5,anther,apex,base,berry,branch,calyx,cell,colour,corolla,distal,filament,forked,form,fruit,fruiting,green,growth,herb,inflorescence,interjected,leaf,leaflet,length,margin,mm,ovoid,pedicel,petiole,prickle,pseudostipule,purple,shape,stem,surface,terminal,texture,type	0.5,0.9-1.7,1-2,1.4-2.5,1.5-1.8,1.5-2,10-17,10-21,2-3.5,2.6-3,2.7-3.5,2.7-4.2,2.7-5.7,20,3-6,3-7,3.5-7,5,5-8,6.5-5.5,9.5-13,\u201chair-like\u201d,acuminate,apparently,arrangement,articulated,axe,axillary,bark,brownish,bud,capitate,characteristic,chartaceous,cm,condition,conical,corrugation,covering,densely,diameter,drying,elliptic-lanceolate,exertion,flower,fresh,generally,glabrous,glabrousnes,green-white,greenish,half,height,history,lanceolate,lateral,life,light,lobe,lobing,long,make,middle,midpoint,minute,mottled,mucilaginous,na,narrow,new,number,obtuse,odd-pinnate,ovary,ovate,pale,peduncle,per,perfect,plant,primary,pubescent,ray,ripe,seed,size,slightly,stigma,style,subtending,testal,thick,thicknes,third,throughout,tube,usually,value,variation,vein,violet,wall,wet,whitish,wide,width,wing,x							1.0-2.0,1/2,absent,appressed,articulation,blue,bract,branching,breeding,broad-based,compound-entire,connective,cuneate,distinct,eglandular,elliptic-oblong,elongating,enlarged,flat,fleshy,fork,fully,hair,hermaphroditic,heteromorphism,inflated,insertion,interpetalar,leathery,lilac,lower,marking,mature,membranous,modification,monochasial,multicellular,needle-like,none,odour,orientation,paired,pattern,pink,placement,plurifoliate,pore,position,present,present-pair,radially,rhizome,rotate,scale,simple,smell,spot,staman,stellate,stone,structure,swollen,symmetric,symmetry,sympodial,system,tissue,trichome,trifoliate,tuber,unit,vegetative,xylopodia,zygomorphy	38.0	108.0	74.0	3.5-4.5,anther,apex,base,berry,branch,calyx,cell,colour,corolla,distal,filament,forked,form,fruit,fruiting,green,growth,herb,inflorescence,interjected,leaf,leaflet,length,margin,mm,ovoid,pedicel,petiole,prickle,pseudostipule,purple,shape,stem,surface,terminal,texture,type	0.5,0.9-1.7,1-2,1.4-2.5,1.5-1.8,1.5-2,10-17,10-21,2-3.5,2.6-3,2.7-3.5,2.7-4.2,2.7-5.7,20,3-6,3-7,3.5-7,5,5-8,6.5-5.5,9.5-13,\u201chair-like\u201d,acuminate,apparently,arrangement,articulated,axe,axillary,bark,brownish,bud,capitate,characteristic,chartaceous,cm,condition,conical,corrugation,covering,densely,diameter,drying,elliptic-lanceolate,exertion,flower,fresh,generally,glabrous,glabrousnes,green-white,greenish,half,height,history,lanceolate,lateral,life,light,lobe,lobing,long,make,middle,midpoint,minute,mottled,mucilaginous,na,narrow,new,number,obtuse,odd-pinnate,ovary,ovate,pale,peduncle,per,perfect,plant,primary,pubescent,ray,ripe,seed,size,slightly,stigma,style,subtending,testal,thick,thicknes,third,throughout,tube,usually,value,variation,vein,violet,wall,wet,whitish,wide,width,wing,x	1.0-2.0,1/2,absent,appressed,articulation,blue,bract,branching,breeding,broad-based,compound-entire,connective,cuneate,distinct,eglandular,elliptic-oblong,elongating,enlarged,flat,fleshy,fork,fully,hair,hermaphroditic,heteromorphism,inflated,insertion,interpetalar,leathery,lilac,lower,marking,mature,membranous,modification,monochasial,multicellular,needle-like,none,odour,orientation,paired,pattern,pink,placement,plurifoliate,pore,position,present,present-pair,radially,rhizome,rotate,scale,simple,smell,spot,staman,stellate,stone,structure,swollen,symmetric,symmetry,sympodial,system,tissue,trichome,trifoliate,tuber,unit,vegetative,xylopodia,zygomorphy
284	wfo-0001029120	success	34	38	5	29	73	79	0.1-0.5,acute,anther,apex,basal,base,calyx,colour,corolla,filament,form,fruit,growth,inflorescence,leaf,length,margin,mm,pedicel,petiole,shape,shrub,simple,stem,surface,texture,trichome,type,white	.5,0.5-1.5,0.7-1,1-1.5,1.1-1.5,1.1-2,2.6-7,3-3.5,5-10-flowered,6-8,6.5-16.5,abrupt,acuminate,bark,beneath,black,bud,characteristic,cm,dark,decument,decurrent,deflexed,densely,dia,diameter,drying,erose,especially,f,glabrous,globose,golden,greenish-brown,height,hirsute,history,larger,life,lobing,long,minutely,na,narrowly,nearly,occasionally,ovary,ovate,pale,papillose,perennial,plant,pubescent,seed,shaped,size,slightly,sparsely,stigma,style,tapering,tear-drop,tip,tube,uniseriate,variation,vein,white-papillose,widening,width,x,yellow-green,young							3.0-3.5,absent,appressed,articulation,berry,blue,bract,branching,breeding,broad-based,cell,connective,discrete,distinct,eglandular,elliptic-oblong,enlarged,flat,fleshy,fruiting,green,hair,heteromorphism,inflated,insertion,interjected,internodal,interpetalar,leaf-opposed,leaflet,leathery,lilac,lower,marking,mature,membranous,modification,monochasial,multicellular,needle-like,none,odour,orange,orientation,paired,pattern,pink,placement,pore,position,prickle,pseudostipule,purple,radially,red,rhizome,round,scale,simple-entire,smell,spot,staman,stellate,stone,structure,swollen,symmetric,symmetry,sympodial,system,tissue,tuber,unbranched,unifoliate,unit,vegetative,winged,xylopodia,zygomorphy	14.0	57.0	94.0	0.1-0.5,acute,basal,base,calyx,leaf,margin,mm,petiole,shrub,simple,stem,trichome,white	.5,0.5-1.5,0.7-1,1-1.5,1.1-1.5,1.1-2,2.6-7,3-3.5,5-10-flowered,6-8,6.5-16.5,abrupt,acuminate,beneath,black,cm,dark,decument,decurrent,deflexed,densely,dia,erose,especially,f,glabrous,globose,golden,greenish-brown,hirsute,larger,long,minutely,na,narrowly,nearly,occasionally,ovate,pale,papillose,perennial,pubescent,shaped,slightly,sparsely,style,tapering,tear-drop,tip,tube,uniseriate,vein,white-papillose,widening,x,yellow-green,young	3.0-3.5,absent,anther,apex,appressed,articulation,berry,blue,bract,branching,breeding,broad-based,cell,colour,connective,corolla,discrete,distinct,eglandular,elliptic-oblong,enlarged,filament,flat,fleshy,form,fruit,fruiting,green,growth,hair,heteromorphism,inflated,inflorescence,insertion,interjected,internodal,interpetalar,leaf-opposed,leaflet,leathery,length,lilac,lower,marking,mature,membranous,modification,monochasial,multicellular,needle-like,none,odour,orange,orientation,paired,pattern,pedicel,pink,placement,pore,position,prickle,pseudostipule,purple,radially,red,rhizome,round,scale,shape,simple-entire,smell,spot,staman,stellate,stone,structure,surface,swollen,symmetric,symmetry,sympodial,system,texture,tissue,tuber,type,unbranched,unifoliate,unit,vegetative,winged,xylopodia,zygomorphy
285	wfo-0001029121	success	40	40	8	40	84	79	acute,anther,apex,base,blue,branch,calyx,colour,corolla,cuneate,distal,filament,form,fruit,fruiting,green,growth,hair,inflorescence,interjected,leaf,leaflet,length,margin,mm,monochasial,ovoid,pedicel,petiole,prickle,pseudostipule,purple,rotate,rounded,shape,stem,surface,terminal,texture,type	0,0.2-2,1-4,1-5,1.1-3.9,1.2-2.5,1.2-3.3,15-30,2-10,2-13,2-3,2-3-celled,3.6-9,3.8-11,4-5.5,4.5-10.0,5-20,5-8,6,9-33,acuminate,appearance,arrangement,articulate,bark,border,branched,bud,characteristic,cm,conical,corrugation,cyme,deep,diameter,dichasial,dichasially,drying,ebracteate,elliptical,exertion,giving,glabrous,glabrousnes,globose,green-white,height,herbaceous,history,lateral,life,lobe,lobing,long,medium,midpoint,mucilaginous,na,new,number,oblique,odd-pinnate,ovary,ovate,peduncle,per,perennial,plant,primary,rarely,ray,scattered,seed,short,short-attenuate,size,stigma,style,thicknes,tube,variation,vein,wide,width							1.0-4.0,1/2,1/4-1/2,4.0-5.5,absent,appressed,articulation,asymmetric,basal,berry,bract,branching,breeding,broad-based,cell,compound-entire,connective,distinct,eglandular,elliptic-oblong,elongating,enlarged,flat,fleshy,fork,forked,fully,herb,hermaphroditic,heteromorphism,inflated,insertion,interpetalar,leathery,lilac,lower,marking,mature,membranous,modification,multi-branched,multicellular,needle-like,none,odour,orientation,paired,pattern,pink,placement,plurifoliate,pore,position,present,present-pair,radially,rhizome,scale,simple,smell,spot,staman,stellate,stone,structure,swollen,symmetric,symmetry,sympodial,system,tissue,trichome,trifoliate,tuber,unit,vegetative,white,xylopodia,zygomorphy	11.0	49.0	108.0	acute,blue,cuneate,green,hair,mm,monochasial,ovoid,purple,rotate,rounded	0,0.2-2,1-4,1-5,1.1-3.9,1.2-2.5,1.2-3.3,15-30,2-10,2-13,2-3,2-3-celled,3.6-9,3.8-11,4-5.5,4.5-10.0,5-20,5-8,6,9-33,acuminate,articulate,branched,cm,conical,cyme,deep,dichasial,dichasially,ebracteate,elliptical,glabrous,globose,green-white,herbaceous,lobe,long,medium,mucilaginous,na,oblique,odd-pinnate,ovate,perennial,rarely,scattered,short,short-attenuate,wide	1.0-4.0,1/2,1/4-1/2,4.0-5.5,absent,anther,apex,appressed,articulation,asymmetric,basal,base,berry,bract,branch,branching,breeding,broad-based,calyx,cell,colour,compound-entire,connective,corolla,distal,distinct,eglandular,elliptic-oblong,elongating,enlarged,filament,flat,fleshy,fork,forked,form,fruit,fruiting,fully,growth,herb,hermaphroditic,heteromorphism,inflated,inflorescence,insertion,interjected,interpetalar,leaf,leaflet,leathery,length,lilac,lower,margin,marking,mature,membranous,modification,multi-branched,multicellular,needle-like,none,odour,orientation,paired,pattern,pedicel,petiole,pink,placement,plurifoliate,pore,position,present,present-pair,prickle,pseudostipule,radially,rhizome,scale,shape,simple,smell,spot,staman,stellate,stem,stone,structure,surface,swollen,symmetric,symmetry,sympodial,system,terminal,texture,tissue,trichome,trifoliate,tuber,type,unit,vegetative,white,xylopodia,zygomorphy
286	wfo-0001029125	success	43	39	7	35	111	74	1.1-1.4,anther,apex,appressed,base,berry,black,calyx,colour,corolla,filament,form,fruit,fruiting,growth,herb,inflorescence,internodal,leaf,leaflet,length,margin,mm,pedicel,petiole,prickle,purple,shape,simple,stem,surface,texture,trichome,type,white	0.4,0.5,0.5-0.6,0.5-1.0,1-2-celled,1.0-1.2,1.0-1.5,1.0-4.0,1.1,1.2,1.5-3.0,1.8-3.5,2-4,2.5-12.0,2/3,20-100,3.5-4,35-45,4-8,5-6,6-7,abaxial,acuminate,adaxial,anthesi,appearance,arrangement,attenuate,bark,border,branch,brownish,bud,central,characteristic,cm,concave-reniform,conical,corrugation,cuneate,diameter,distal,drying,ellipsoid,end,entire,exerted,exertion,giving,glabrous,glabrousnes,globose,green,height,history,lateral,life,lobe,lobing,long,maturity,midpoint,minutely,na,narrower,nearly,new,number,oblique,often,one,orange,ovary,ovate-lanceolate,pair,pale,papillate,peduncle,per,perennial,plant,primary,pubescent,purple-tinged,purplish,ray,ridged,ripe,seed,size,slightly,small,sparsely,spreading,star,stigma,strongly,style,subshrub,terete,terminal,thicknes,tube,turning,unequal,uniseriate,variation,vein,wide,width,yellow							1.7-3.4,absent,acute,articulation,asymmetric,basal,bract,branching,breeding,broad-based,cell,connective,difoliate,distinct,eglandular,elliptic-oblong,elongating,enlarged,flat,fleshy,fully,hair,hermaphroditic,heteromorphism,inflated,insertion,interjected,interpetalar,leathery,lower,marking,mature,membranous,modification,monochasial,multicellular,needle-like,non-geminate,none,odour,orientation,paired,pattern,placement,pore,position,present,pseudostipule,radially,rhizome,round,rounded,scale,shrub,simple-entire,smell,spot,staman,stellate,stone,structure,swollen,symmetric,symmetry,sympodial,system,tissue,tuber,unbranched,unit,vegetative,winged,xylopodia,zygomorphy	14.0	74.0	95.0	1.1-1.4,apex,appressed,base,berry,black,calyx,herb,internodal,mm,purple,simple,trichome,white	0.4,0.5,0.5-0.6,0.5-1.0,1-2-celled,1.0-1.2,1.0-1.5,1.0-4.0,1.1,1.2,1.5-3.0,1.8-3.5,2-4,2.5-12.0,2/3,20-100,3.5-4,35-45,4-8,5-6,6-7,acuminate,anthesi,attenuate,brownish,central,cm,concave-reniform,conical,cuneate,diameter,ellipsoid,end,entire,exerted,glabrous,globose,green,lateral,long,maturity,minutely,na,narrower,nearly,oblique,often,one,orange,ovate-lanceolate,pair,pale,papillate,per,perennial,pubescent,purple-tinged,purplish,ridged,ripe,slightly,small,sparsely,spreading,star,strongly,subshrub,terete,tube,turning,unequal,uniseriate,wide,yellow	1.7-3.4,absent,acute,anther,articulation,asymmetric,basal,bract,branching,breeding,broad-based,cell,colour,connective,corolla,difoliate,distinct,eglandular,elliptic-oblong,elongating,enlarged,filament,flat,fleshy,form,fruit,fruiting,fully,growth,hair,hermaphroditic,heteromorphism,inflated,inflorescence,insertion,interjected,interpetalar,leaf,leaflet,leathery,length,lower,margin,marking,mature,membranous,modification,monochasial,multicellular,needle-like,non-geminate,none,odour,orientation,paired,pattern,pedicel,petiole,placement,pore,position,present,prickle,pseudostipule,radially,rhizome,round,rounded,scale,shape,shrub,simple-entire,smell,spot,staman,stellate,stem,stone,structure,surface,swollen,symmetric,symmetry,sympodial,system,texture,tissue,tuber,type,unbranched,unit,vegetative,winged,xylopodia,zygomorphy
287	wfo-0001029150	invalid_json_followup	NA	39	NA	36	99	75	anther,apex,base,berry,calyx,colour,corolla,enlarged,filament,form,fruit,fruiting,growth,inflorescence,interjected,leaf,leaflet,length,margin,mm,pedicel,petiole,prickle,pseudostipule,rounded,shape,simple,stem,surface,texture,trichome,truncate,type,vine,white,woody	.5,0.3,0.3-0.5,0.3–0.5,0.5–1.1,0.8-1,0.8–1,0.8–3.5,1.2–1.5,1.5,1.5–2,15,1–1.5,1–5,1–6,2.5–3,2.5–8,2–2.5,3–10,7–8,9–12,acute,adaxially,apart,apiculate,arrangement,bark,branch,branched,bud,capitate,characteristic,cm,conical,corrugation,cylindrical,diameter,distal,drying,ellipsoidal,elliptical,entire,exertion,flower,glabrous,glabrousnes,green,height,history,lateral,life,light,lobe,lobing,long,midpoint,midvein,minutely,moderately,na,new,number,oblique,ovary,ovate,peduncle,per,pinnate,plant,primary,pubescent,rarely,ray,rounded-deltoid,rugose,sand-punctate,seed,shortly,size,slender,slightly,small,spaced,sparsely,stigma,strong,style,tan,teardrop-shaped,terminal,thicknes,tip,tube,value,variation,vein,width,wiry,x							0.8-1.0,2.5-3.0,absent,appressed,articulation,asymmetric,basal,black,bract,branching,breeding,broad-based,cell,connective,distinct,eglandular,ellipsoid,elliptic-oblong,elongating,flat,fleshy,forked,fully,hair,hermaphroditic,heteromorphism,inflated,insertion,internodal,interpetalar,leaf-opposed,leathery,lower,marking,mature,modification,monochasial,multicellular,needle-like,none,odour,orange,orientation,paired,pattern,placement,plurifoliate,pointed,pore,position,purple,radially,red,rhizome,scale,simple-entire,smell,spot,staman,stellate,stone,structure,swollen,symmetric,symmetry,sympodial,system,tissue,tuber,unbranched,unit,vegetative,xylopodia,yellow,zygomorphy	36.0	99.0	75.0	anther,apex,base,berry,calyx,colour,corolla,enlarged,filament,form,fruit,fruiting,growth,inflorescence,interjected,leaf,leaflet,length,margin,mm,pedicel,petiole,prickle,pseudostipule,rounded,shape,simple,stem,surface,texture,trichome,truncate,type,vine,white,woody	.5,0.3,0.3-0.5,0.3–0.5,0.5–1.1,0.8-1,0.8–1,0.8–3.5,1.2–1.5,1.5,1.5–2,15,1–1.5,1–5,1–6,2.5–3,2.5–8,2–2.5,3–10,7–8,9–12,acute,adaxially,apart,apiculate,arrangement,bark,branch,branched,bud,capitate,characteristic,cm,conical,corrugation,cylindrical,diameter,distal,drying,ellipsoidal,elliptical,entire,exertion,flower,glabrous,glabrousnes,green,height,history,lateral,life,light,lobe,lobing,long,midpoint,midvein,minutely,moderately,na,new,number,oblique,ovary,ovate,peduncle,per,pinnate,plant,primary,pubescent,rarely,ray,rounded-deltoid,rugose,sand-punctate,seed,shortly,size,slender,slightly,small,spaced,sparsely,stigma,strong,style,tan,teardrop-shaped,terminal,thicknes,tip,tube,value,variation,vein,width,wiry,x	0.8-1.0,2.5-3.0,absent,appressed,articulation,asymmetric,basal,black,bract,branching,breeding,broad-based,cell,connective,distinct,eglandular,ellipsoid,elliptic-oblong,elongating,flat,fleshy,forked,fully,hair,hermaphroditic,heteromorphism,inflated,insertion,internodal,interpetalar,leaf-opposed,leathery,lower,marking,mature,modification,monochasial,multicellular,needle-like,none,odour,orange,orientation,paired,pattern,placement,plurifoliate,pointed,pore,position,purple,radially,red,rhizome,scale,simple-entire,smell,spot,staman,stellate,stone,structure,swollen,symmetric,symmetry,sympodial,system,tissue,tuber,unbranched,unit,vegetative,xylopodia,yellow,zygomorphy
288	wfo-0001029152	success	49	38	8	36	100	69	acute,anther,apex,base,berry,calyx,colour,corolla,cuneate,filament,form,fruit,fruiting,green,growth,inflorescence,interjected,leaf,leaflet,length,margin,mm,pedicel,petiole,prickle,pseudostipule,shape,shrub,simple,stem,surface,texture,tree,type,white,winged	0.5-1,0.75-1,0.8-1,0.9-1.3,1,1-3,1-4,1.1-1.3,1.5-1.7,1.5-2,1.5-6,2-2.5,2-5,2.5-3,3-5,3-8-flowered,6-8,8.5-16,acuminate,appearance,area,arrangement,attenuate,bark,border,branch,broadly,brown,bud,characteristic,cm,conical,corrugation,dark,decurrent,deep,densely,dia,diameter,distal,drying,elliptic,exertion,floccose,giving,glabrous,glabrousnes,globose,greyish-red,height,history,late,lateral,life,lightly,lobe,lobing,long,main,midpoint,minutely,na,nearly,new,number,obovate,ovary,ovoid-reniform,pair,pale,papillose,peduncle,per,pitted,plane,plant,primary,quite,ray,red,red-floccose,reddish-floccose,seed,shaped,shiny,single,size,slender,small,stigma,style,tapering,tear-drop,terminal,thicknes,tube,variation,vein,width,x							0.5-1.0,2.5-3.0,absent,appressed,articulation,basal,bract,branching,breeding,broad-based,cell,connective,difoliate,discrete,distinct,eglandular,elliptic-oblong,enlarged,flat,fleshy,geminate,hair,heteromorphism,inflated,insertion,interpetalar,leaf-opposed,leathery,lower,marking,mature,membranous,modification,monochasial,multicellular,needle-like,none,odour,orientation,paired,pattern,placement,pore,position,present,radially,rhizome,round,scale,simple-entire,smell,spot,staman,stellate,stone,structure,swollen,symmetric,symmetry,sympodial,system,tissue,trichome,tuber,unbranched,unit,vegetative,xylopodia,zygomorphy	13.0	64.0	92.0	acute,base,berry,calyx,cuneate,green,leaf,mm,shrub,simple,tree,white,winged	0.5-1,0.75-1,0.8-1,0.9-1.3,1,1-3,1-4,1.1-1.3,1.5-1.7,1.5-2,1.5-6,2-2.5,2-5,2.5-3,3-5,3-8-flowered,6-8,8.5-16,acuminate,area,attenuate,broadly,brown,cm,conical,dark,decurrent,deep,densely,dia,elliptic,floccose,glabrous,globose,greyish-red,late,lateral,lightly,long,main,minutely,na,nearly,obovate,ovoid-reniform,pair,pale,papillose,pitted,plane,quite,red,red-floccose,reddish-floccose,shaped,shiny,single,slender,small,tapering,tear-drop,tube,vein,x	0.5-1.0,2.5-3.0,absent,anther,apex,appressed,articulation,basal,bract,branching,breeding,broad-based,cell,colour,connective,corolla,difoliate,discrete,distinct,eglandular,elliptic-oblong,enlarged,filament,flat,fleshy,form,fruit,fruiting,geminate,growth,hair,heteromorphism,inflated,inflorescence,insertion,interjected,interpetalar,leaf-opposed,leaflet,leathery,length,lower,margin,marking,mature,membranous,modification,monochasial,multicellular,needle-like,none,odour,orientation,paired,pattern,pedicel,petiole,placement,pore,position,present,prickle,pseudostipule,radially,rhizome,round,scale,shape,simple-entire,smell,spot,staman,stellate,stem,stone,structure,surface,swollen,symmetric,symmetry,sympodial,system,texture,tissue,trichome,tuber,type,unbranched,unit,vegetative,xylopodia,zygomorphy
289	wfo-0001029156	success	20	39	4	27	48	85	anther,apex,base,berry,branch,calyx,colour,corolla,filament,form,fruit,fruiting,growth,inflorescence,leaf,length,margin,mm,pedicel,petiole,shape,stem,surface,texture,type,vine,woody	1.5-2,10-12,2-3,4-6,6,6-8,almost,arrangement,bark,bud,characteristic,cm,completely,corrugation,diameter,drying,exertion,flattened,glabrous,glabrousnes,height,history,liana,life,lobing,long,minutely,na,new,nodding,number,ovary,pale,peduncle,per,pitted,plant,primary,reniform,seed,shiny,size,stigma,style,tan,tube,vein,wide							1.0,4.0-5.0,absent,appressed,articulation,blue,bract,branching,breeding,broad-based,cell,connective,coriaceous,cup-shaped,dioecious,distinct,eglandular,elliptic-oblong,elongating,enlarged,epiphyte,fleshy,fork,forked,green,hair,hemiepiphyte,heteromorphism,inflated,insertion,interjected,interpetalar,leaflet,leathery,lilac,lower,marking,mature,modification,monochasial,multi-branched,multicellular,near-basal,needle-like,none,odour,orientation,paired,pattern,pink,placement,plurifoliate,pore,position,present,prickle,pseudostipule,purple,radially,rhizome,round,rounded,scale,simple,simple-entire,smell,spot,staman,stellate,stone,structure,swollen,symmetric,symmetry,sympodial,system,terminal,tissue,trichome,tuber,unit,vegetative,white,xylopodia,zygomorphy	4.0	22.0	108.0	berry,mm,vine,woody	1.5-2,10-12,2-3,4-6,6,6-8,almost,cm,completely,flattened,glabrous,liana,long,minutely,na,nodding,pale,pitted,reniform,shiny,tan,wide	1.0,4.0-5.0,absent,anther,apex,appressed,articulation,base,blue,bract,branch,branching,breeding,broad-based,calyx,cell,colour,connective,coriaceous,corolla,cup-shaped,dioecious,distinct,eglandular,elliptic-oblong,elongating,enlarged,epiphyte,filament,fleshy,fork,forked,form,fruit,fruiting,green,growth,hair,hemiepiphyte,heteromorphism,inflated,inflorescence,insertion,interjected,interpetalar,leaf,leaflet,leathery,length,lilac,lower,margin,marking,mature,modification,monochasial,multi-branched,multicellular,near-basal,needle-like,none,odour,orientation,paired,pattern,pedicel,petiole,pink,placement,plurifoliate,pore,position,present,prickle,pseudostipule,purple,radially,rhizome,round,rounded,scale,shape,simple,simple-entire,smell,spot,staman,stellate,stem,stone,structure,surface,swollen,symmetric,symmetry,sympodial,system,terminal,texture,tissue,trichome,tuber,type,unit,vegetative,white,xylopodia,zygomorphy
290	wfo-0001029156	success	19	39	4	27	47	85	anther,apex,base,berry,branch,calyx,colour,corolla,filament,form,fruit,fruiting,growth,inflorescence,leaf,length,margin,mm,pedicel,petiole,shape,stem,surface,texture,type,vine,woody	1.5-2,10-12,2-3,4-6,6,6-8,almost,arrangement,bark,bud,characteristic,cm,completely,corrugation,diameter,drying,exertion,flattened,glabrous,glabrousnes,height,history,liana,life,lobing,minutely,na,new,nodding,number,ovary,pale,peduncle,per,pitted,plant,primary,reniform,seed,shiny,size,stigma,style,tan,tube,vein,x							1.0,4.0-5.0,absent,appressed,articulation,blue,bract,branching,breeding,broad-based,cell,connective,coriaceous,cup-shaped,dioecious,distinct,eglandular,elliptic-oblong,elongating,enlarged,epiphyte,fleshy,fork,forked,green,hair,hemiepiphyte,heteromorphism,inflated,insertion,interjected,interpetalar,leaflet,leathery,lilac,lower,marking,mature,modification,monochasial,multi-branched,multicellular,near-basal,needle-like,none,odour,orientation,paired,pattern,pink,placement,plurifoliate,pore,position,present,prickle,pseudostipule,purple,radially,rhizome,round,rounded,scale,simple,simple-entire,smell,spot,staman,stellate,stone,structure,swollen,symmetric,symmetry,sympodial,system,terminal,tissue,trichome,tuber,unit,vegetative,white,xylopodia,zygomorphy	4.0	21.0	108.0	berry,mm,vine,woody	1.5-2,10-12,2-3,4-6,6,6-8,almost,cm,completely,flattened,glabrous,liana,minutely,na,nodding,pale,pitted,reniform,shiny,tan,x	1.0,4.0-5.0,absent,anther,apex,appressed,articulation,base,blue,bract,branch,branching,breeding,broad-based,calyx,cell,colour,connective,coriaceous,corolla,cup-shaped,dioecious,distinct,eglandular,elliptic-oblong,elongating,enlarged,epiphyte,filament,fleshy,fork,forked,form,fruit,fruiting,green,growth,hair,hemiepiphyte,heteromorphism,inflated,inflorescence,insertion,interjected,interpetalar,leaf,leaflet,leathery,length,lilac,lower,margin,marking,mature,modification,monochasial,multi-branched,multicellular,near-basal,needle-like,none,odour,orientation,paired,pattern,pedicel,petiole,pink,placement,plurifoliate,pore,position,present,prickle,pseudostipule,purple,radially,rhizome,round,rounded,scale,shape,simple,simple-entire,smell,spot,staman,stellate,stem,stone,structure,surface,swollen,symmetric,symmetry,sympodial,system,terminal,texture,tissue,trichome,tuber,type,unit,vegetative,white,xylopodia,zygomorphy
291	wfo-0001029163	success	38	36	7	36	79	75	anther,apex,base,branch,calyx,colour,corolla,cuneate,filament,form,fruit,fruiting,growth,herb,inflorescence,interjected,leaf,leaflet,length,margin,mm,pedicel,petiole,prickle,pseudostipule,purple,shape,shrub,simple,stem,surface,terminal,texture,type,unbranched,white	-9,0.3-2.5,0.5-1,1-2,10-20-30,2,2-3,2-6,2-7,2.5-3,3-4,3-5,4.5-23,5-8,7-9,9-15,acuminate,acute,appearance,arrangement,bark,border,bud,characteristic,chartaceous,cm,corrugation,decurrent,deltate,densely,diameter,distal,drying,elliptic,elliptic-ovate,entire,exertion,giving,glabrous,glabrousnes,globose,height,history,lanceolate,lateral,lenticular,life,lobe,lobing,midpoint,na,nearly,new,number,obtuse,ovary,peduncle,per,perennial,plant,primary,pseudohair,puberulent,puberulent-pubescent,ray,seed,size,sparsely,stigma,style,thicknes,truncate,tube,unknown,variation,vein,whitish,width,x							7.0-9.0,absent,appressed,articulation,basal,berry,blue,bract,branching,breeding,broad-based,cell,connective,discrete,distinct,eglandular,enlarged,flat,fleshy,fork,fully,glandular,green,hair,hermaphroditic,heteromorphism,inflated,insertion,internodal,interpetalar,leathery,lilac,lower,marking,mature,membranous,modification,multicellular,near-basal,needle-like,none,odour,orientation,paired,pattern,pink,placement,plurifoliate,pore,position,radially,rhizome,round,scale,simple-entire,smell,spot,staman,stellate,stone,structure,swollen,symmetric,symmetry,sympodial,system,tapered-lanceolate,tissue,trichome,tuber,unit,vegetative,winged,xylopodia,zygomorphy	10.0	43.0	101.0	apex,base,cuneate,herb,mm,purple,shrub,simple,unbranched,white	-9,0.3-2.5,0.5-1,1-2,10-20-30,2,2-3,2-6,2-7,2.5-3,3-4,3-5,4.5-23,5-8,7-9,9-15,acuminate,acute,chartaceous,cm,decurrent,deltate,densely,diameter,elliptic,elliptic-ovate,entire,glabrous,globose,lanceolate,lenticular,na,nearly,obtuse,perennial,pseudohair,puberulent,puberulent-pubescent,sparsely,truncate,unknown,whitish,x	7.0-9.0,absent,anther,appressed,articulation,basal,berry,blue,bract,branch,branching,breeding,broad-based,calyx,cell,colour,connective,corolla,discrete,distinct,eglandular,enlarged,filament,flat,fleshy,fork,form,fruit,fruiting,fully,glandular,green,growth,hair,hermaphroditic,heteromorphism,inflated,inflorescence,insertion,interjected,internodal,interpetalar,leaf,leaflet,leathery,length,lilac,lower,margin,marking,mature,membranous,modification,multicellular,near-basal,needle-like,none,odour,orientation,paired,pattern,pedicel,petiole,pink,placement,plurifoliate,pore,position,prickle,pseudostipule,radially,rhizome,round,scale,shape,simple-entire,smell,spot,staman,stellate,stem,stone,structure,surface,swollen,symmetric,symmetry,sympodial,system,tapered-lanceolate,terminal,texture,tissue,trichome,tuber,type,unit,vegetative,winged,xylopodia,zygomorphy
292	wfo-0001029171	invalid_json_followup	NA	36	NA	42	96	70	anther,apex,base,branch,branched,calyx,colour,corolla,cuneate,eglandular,filament,form,fruit,fruiting,glandular,growth,hair,inflorescence,interjected,leaf,leaflet,length,margin,mm,orange,pedicel,petiole,prickle,pseudostipule,purple,red,shape,shrub,simple,stellate,stem,surface,terminal,texture,type,unbranched,white	-,0.5,1-3,1-4.5,1.5-2,1.5-7.5,10-25,10-35,2-3,3.5-18,3.5-6.5,4-10-15,4-5,5-6,5-8,7-9,abaxially,abruptly,acuminate,acute,adaxially,also,angled,appearance,arrangement,bark,bud,characteristic,chartaceous,cm,connivent,corrugation,decurrent,deltate,dendritically,densely,diameter,distal,drying,elliptic,entire,exertion,flower,forked,giving,glabrous,glabrousnes,gland,globose,height,history,lanceolate,lateral,life,like,lobe,lobing,midpoint,moderately,na,narrowed,new,number,obtuse,often,ovary,ovate-elliptic,peduncle,per,perfect,plant,primary,pubescent,rarely,ray,ripe,rugose,seed,shoot,short-stalked,size,slightly,smooth,sometimes,stigma,style,thicknes,tip,truncate,tube,usually,value,variation,vein,width,x							1.5-2.0,absent,appressed,articulation,basal,berry,blue,bract,branching,breeding,broad-based,cell,connective,dendritic,discrete,distinct,enlarged,flat,fleshy,fork,fully,hermaphroditic,heteromorphism,inflated,insertion,internodal,interpetalar,leathery,lilac,lower,marking,mature,membranous,modification,multicellular,needle-like,none,odour,orientation,paired,pattern,pink,placement,plurifoliate,pore,position,radially,rhizome,round,scale,simple-entire,smell,spot,staman,stone,structure,swollen,symmetric,symmetry,sympodial,system,tapered-lanceolate,tissue,trichome,tuber,unit,vegetative,winged,xylopodia,zygomorphy	42.0	96.0	70.0	anther,apex,base,branch,branched,calyx,colour,corolla,cuneate,eglandular,filament,form,fruit,fruiting,glandular,growth,hair,inflorescence,interjected,leaf,leaflet,length,margin,mm,orange,pedicel,petiole,prickle,pseudostipule,purple,red,shape,shrub,simple,stellate,stem,surface,terminal,texture,type,unbranched,white	-,0.5,1-3,1-4.5,1.5-2,1.5-7.5,10-25,10-35,2-3,3.5-18,3.5-6.5,4-10-15,4-5,5-6,5-8,7-9,abaxially,abruptly,acuminate,acute,adaxially,also,angled,appearance,arrangement,bark,bud,characteristic,chartaceous,cm,connivent,corrugation,decurrent,deltate,dendritically,densely,diameter,distal,drying,elliptic,entire,exertion,flower,forked,giving,glabrous,glabrousnes,gland,globose,height,history,lanceolate,lateral,life,like,lobe,lobing,midpoint,moderately,na,narrowed,new,number,obtuse,often,ovary,ovate-elliptic,peduncle,per,perfect,plant,primary,pubescent,rarely,ray,ripe,rugose,seed,shoot,short-stalked,size,slightly,smooth,sometimes,stigma,style,thicknes,tip,truncate,tube,usually,value,variation,vein,width,x	1.5-2.0,absent,appressed,articulation,basal,berry,blue,bract,branching,breeding,broad-based,cell,connective,dendritic,discrete,distinct,enlarged,flat,fleshy,fork,fully,hermaphroditic,heteromorphism,inflated,insertion,internodal,interpetalar,leathery,lilac,lower,marking,mature,membranous,modification,multicellular,needle-like,none,odour,orientation,paired,pattern,pink,placement,plurifoliate,pore,position,radially,rhizome,round,scale,simple-entire,smell,spot,staman,stone,structure,swollen,symmetric,symmetry,sympodial,system,tapered-lanceolate,tissue,trichome,tuber,unit,vegetative,winged,xylopodia,zygomorphy
293	wfo-0001029215	success	18	40	2	32	61	84	anther,apex,base,branch,calyx,colour,corolla,distal,elongating,filament,form,fruit,fruiting,growth,herb,inflorescence,interjected,leaf,leaflet,length,margin,mm,pedicel,petiole,prickle,pseudostipule,shape,stem,surface,terminal,texture,type	-1.8-2.3,.2,0.2,0.3-0.5,0.5-0.7,0.5-2.5,1,2.3-2.9,appearance,arrangement,bark,border,brown,bud,characteristic,cm,coarse,corrugation,diameter,drying,exertion,giving,glabrousnes,hair-like,height,history,lateral,life,lobe,lobing,long,markedly,midpoint,na,narrowly,new,number,obovate,outgrowth,ovary,peduncle,per,plant,primary,pubescent,ray,seed,shrub,silky,size,smelling,stigma,strong,style,thicknes,tube,variation,vein,wide,width,winged							1.0-2.0,1/2,3.5-5.0,absent,appressed,articulation,berry,black,bract,branching,breeding,broad-based,cell,compound-lobed,compound-toothed,connective,cuneate,distinct,eglandular,elliptic-oblong,enlarged,flat,fleshy,fork,forked,fully,glandular,green,hair,herbaceous,hermaphroditic,heteromorphism,inflated,insertion,interpetalar,leathery,lower,marking,mature,membranous,modification,monochasial,multi-branched,multicellular,needle-like,none,odour,orientation,paired,pattern,pinnatifid,placement,plurifoliate,pore,position,present,present-pair,purple,radially,rhizome,rotate,round,scale,simple,smell,spot,staman,stellate,stone,structure,swollen,symmetric,symmetry,sympodial,system,tissue,trichome,tuber,unit,vegetative,vine,xylopodia,yellow,zygomorphy	6.0	26.0	110.0	calyx,elongating,fruit,herb,mm,shape	-1.8-2.3,.2,0.2,0.3-0.5,0.5-0.7,0.5-2.5,1,2.3-2.9,brown,cm,coarse,hair-like,lobe,long,markedly,na,narrowly,obovate,outgrowth,pubescent,shrub,silky,smelling,strong,wide,winged	1.0-2.0,1/2,3.5-5.0,absent,anther,apex,appressed,articulation,base,berry,black,bract,branch,branching,breeding,broad-based,cell,colour,compound-lobed,compound-toothed,connective,corolla,cuneate,distal,distinct,eglandular,elliptic-oblong,enlarged,filament,flat,fleshy,fork,forked,form,fruiting,fully,glandular,green,growth,hair,herbaceous,hermaphroditic,heteromorphism,inflated,inflorescence,insertion,interjected,interpetalar,leaf,leaflet,leathery,length,lower,margin,marking,mature,membranous,modification,monochasial,multi-branched,multicellular,needle-like,none,odour,orientation,paired,pattern,pedicel,petiole,pinnatifid,placement,plurifoliate,pore,position,present,present-pair,prickle,pseudostipule,purple,radially,rhizome,rotate,round,scale,simple,smell,spot,staman,stellate,stem,stone,structure,surface,swollen,symmetric,symmetry,sympodial,system,terminal,texture,tissue,trichome,tuber,type,unit,vegetative,vine,xylopodia,yellow,zygomorphy
294	wfo-0001029216	invalid_json_followup	NA	40	NA	38	117	78	0.5,acute,anther,apex,base,berry,calyx,cell,colour,corolla,distal,filament,form,fruit,fruiting,growth,herb,inflorescence,interjected,leaf,leaflet,length,margin,mm,orange,pedicel,petiole,present,prickle,pseudostipule,red,shape,simple,stem,surface,texture,type,yellow	+,0.1-0.6,0.1-0.8,0.4-0.5,0.5-0.8,0.6-1,0.8-2.5,1-1.2,1-2,1-3,1.2-6,1.5-2.3,1.5-2.5-10,1.5-3,1/3,10,10-20-35,2,2-4.5,2.5-3.3,3,3-5,3-7-10,4,5,6-10,annual,arrangement,articulated,attenuate,bark,basiscopically,biennial,branch,bright,brown,bud,capitate,characteristic,cm,conical,corrugation,crenate,cultivar,decurrent,deep,dentate,diameter,drying,elliptic,exertion,exserted,fasciated,fruited,glabrousnes,globose,green,hair-like,halfway,height,history,imparipinnate,interrupted,large,lateral,less,life,linear,lobe,lobing,long,mainly,midpoint,minute,na,near,new,number,oblique,obovate,often,outgrowth,ovary,ovate,pale,peduncle,per,perennial,plant,primary,procumbent,pubescent,rarely,ray,seed,size,sometimes,sparsely,stigma,straight,style,terminal,testa,thick,thickening,thicknes,tube,usually,value,variation,variety,vein,villous,viny,wall,wide,width							1/2,4.0-5.0,absent,appressed,articulation,asymmetric,bract,branching,breeding,broad-based,compound-toothed,connective,cuneate,depressed,distinct,eglandular,ellipsoid,elongated,elongating,enlarged,flat,fleshy,forked,fully,glandular,hair,hermaphroditic,heteromorphism,inflated,insertion,internodal,interpetalar,leathery,lower,marking,mature,membranous,modification,monochasial,multicellular,needle-like,none,odour,orientation,ovoid,paired,pattern,placement,pore,position,radially,rhizome,rotate,round,rounded,scale,smell,spot,staman,stellate,stone,structure,swollen,symmetric,symmetry,sympodial,system,tapered-lanceolate,tissue,trichome,trifoliate,truncate,tuber,unbranched,unit,vegetative,xylopodia,zygomorphy	38.0	117.0	78.0	0.5,acute,anther,apex,base,berry,calyx,cell,colour,corolla,distal,filament,form,fruit,fruiting,growth,herb,inflorescence,interjected,leaf,leaflet,length,margin,mm,orange,pedicel,petiole,present,prickle,pseudostipule,red,shape,simple,stem,surface,texture,type,yellow	+,0.1-0.6,0.1-0.8,0.4-0.5,0.5-0.8,0.6-1,0.8-2.5,1-1.2,1-2,1-3,1.2-6,1.5-2.3,1.5-2.5-10,1.5-3,1/3,10,10-20-35,2,2-4.5,2.5-3.3,3,3-5,3-7-10,4,5,6-10,annual,arrangement,articulated,attenuate,bark,basiscopically,biennial,branch,bright,brown,bud,capitate,characteristic,cm,conical,corrugation,crenate,cultivar,decurrent,deep,dentate,diameter,drying,elliptic,exertion,exserted,fasciated,fruited,glabrousnes,globose,green,hair-like,halfway,height,history,imparipinnate,interrupted,large,lateral,less,life,linear,lobe,lobing,long,mainly,midpoint,minute,na,near,new,number,oblique,obovate,often,outgrowth,ovary,ovate,pale,peduncle,per,perennial,plant,primary,procumbent,pubescent,rarely,ray,seed,size,sometimes,sparsely,stigma,straight,style,terminal,testa,thick,thickening,thicknes,tube,usually,value,variation,variety,vein,villous,viny,wall,wide,width	1/2,4.0-5.0,absent,appressed,articulation,asymmetric,bract,branching,breeding,broad-based,compound-toothed,connective,cuneate,depressed,distinct,eglandular,ellipsoid,elongated,elongating,enlarged,flat,fleshy,forked,fully,glandular,hair,hermaphroditic,heteromorphism,inflated,insertion,internodal,interpetalar,leathery,lower,marking,mature,membranous,modification,monochasial,multicellular,needle-like,none,odour,orientation,ovoid,paired,pattern,placement,pore,position,radially,rhizome,rotate,round,rounded,scale,smell,spot,staman,stellate,stone,structure,swollen,symmetric,symmetry,sympodial,system,tapered-lanceolate,tissue,trichome,trifoliate,truncate,tuber,unbranched,unit,vegetative,xylopodia,zygomorphy
295	wfo-0001029226	success	47	39	7	34	96	83	anther,apex,base,berry,branch,calyx,colour,cordate,corolla,filament,form,fruit,fruiting,glandular,growth,herbaceous,inflorescence,leaf,length,margin,mm,pedicel,petiole,red,shape,shrub,simple,stem,surface,terminal,texture,trichome,type,vine	-7,-9,.5,0.5-5,1-1.5,1-3,2-6,2.5-10,30,4,5-7,7-11,8-13,>,acuminate,acute,anthesi,arrangement,bark,branched,bright,bud,capitate,characteristic,cm,conical,corrugation,densely,diameter,dry,drying,ellipsoid,entire,exertion,exserted,flattened,flexuous,glabrous,glabrousnes,globose,height,history,lateral,lavender,life,like,lobed,lobing,long,lyrate,many,material,minute,minutely,na,new,number,occasionally,open,ovary,pair,pale,peduncle,per,pinnatifid,pitted,plant,primary,pubescent,reniform,seed,short-glandular,size,slender,sparsely,spreading,stigma,strongly,style,tan,time,translucent,truncate,tube,uniformly,uniseriate,usually,vein,way,weak,white,wide,winged,woody,yellowish,¾							1.0-1.5,2,3.0-3.5,absent,appressed,articulation,basal,blue,bract,branching,breeding,broad-based,cell,connective,cup-shaped,distinct,elliptic-oblong,elongating,enlarged,fleshy,fork,forked,fully,hair,hermaphroditic,heteromorphism,inflated,insertion,interjected,internodal,interpetalar,leaflet,leathery,lilac,lobe,lower,marking,mature,membranous,modification,monochasial,multi-branched,multicellular,nectar,needle-like,none,odour,orange,orientation,paired,pattern,pink,placement,plurifoliate,pore,position,prickle,pseudostipule,purple,radially,rhizome,round,scale,simple-entire,simple-lobed,simple-pinnatifid,smell,spot,staman,stellate,stone,structure,swollen,symmetric,symmetry,sympodial,system,tissue,tuber,unit,vegetative,xylopodia,zygomorphy	14.0	72.0	103.0	base,berry,calyx,cordate,glandular,herbaceous,mm,red,shrub,simple,stem,terminal,trichome,vine	-7,-9,.5,0.5-5,1-1.5,1-3,2-6,2.5-10,30,4,5-7,7-11,8-13,>,acuminate,acute,anthesi,branched,bright,capitate,cm,conical,densely,diameter,dry,ellipsoid,entire,exserted,flattened,flexuous,glabrous,globose,lateral,lavender,like,lobed,long,lyrate,many,material,minute,minutely,na,occasionally,open,pair,pale,pinnatifid,pitted,pubescent,reniform,short-glandular,slender,sparsely,spreading,strongly,tan,time,translucent,truncate,tube,uniformly,uniseriate,usually,way,weak,white,wide,winged,woody,yellowish,¾	1.0-1.5,2,3.0-3.5,absent,anther,apex,appressed,articulation,basal,blue,bract,branch,branching,breeding,broad-based,cell,colour,connective,corolla,cup-shaped,distinct,elliptic-oblong,elongating,enlarged,filament,fleshy,fork,forked,form,fruit,fruiting,fully,growth,hair,hermaphroditic,heteromorphism,inflated,inflorescence,insertion,interjected,internodal,interpetalar,leaf,leaflet,leathery,length,lilac,lobe,lower,margin,marking,mature,membranous,modification,monochasial,multi-branched,multicellular,nectar,needle-like,none,odour,orange,orientation,paired,pattern,pedicel,petiole,pink,placement,plurifoliate,pore,position,prickle,pseudostipule,purple,radially,rhizome,round,scale,shape,simple-entire,simple-lobed,simple-pinnatifid,smell,spot,staman,stellate,stone,structure,surface,swollen,symmetric,symmetry,sympodial,system,texture,tissue,tuber,type,unit,vegetative,xylopodia,zygomorphy
296	wfo-0001029236	success	48	39	7	33	100	78	absent,anther,apex,basal,base,berry,branch,calyx,colour,coriaceous,corolla,dendritic,filament,fleshy,form,fruit,fruiting,growth,inflorescence,leaf,length,margin,mm,pedicel,petiole,shape,shrub,stem,surface,terminal,texture,trichome,type	.5,0.2-0.7,0.2-1,0.45-0.5,0.5,0.5-1.5,0.9-2.3,1-1.5,1-2,1.4-1.7,1/2,3,6-9,adaxial,anthesi,apical,apically,appearing,arrangement,bark,bi-lobed,bud,characteristic,cm,conical,corrugation,decurren,deflexed,densely,diameter,drying,elliptic,erect,except,exertion,exserted,flattened,glabrous,glabrousnes,globose,grey-brown,height,history,later,lateral,lenticular,less,life,lobed,lobing,long,middle,midvein,minutely,na,narrowly,near,new,nodding,number,obscure,obscurely,occasionally,ovary,overtopping,packed,pale,peduncle,per,perennial,persistent,pitted,plant,pointed,poricidal,primary,pubescent,purplish,purplish-black,reddish-brown,revolute,scattered,seed,shiny,shoot,short,size,slightly,stigma,strongly,style,tapering,tip,tube,usually,vein,violet,way,wide,x							1.0,2.0,appressed,articulation,attenuate,black,blue,bract,branched,branching,breeding,broad-based,campanulate,cell,connective,cup-shaped,dichasial,distinct,elliptic-oblong,elongating,enlarged,fork,forked,fully,hair,hermaphroditic,heteromorphism,inflated,insertion,interjected,internodal,interpetalar,leaflet,leathery,lilac,lower,marking,mature,modification,multi-branched,needle-like,none,odour,orientation,paired,pattern,pink,placement,plurifoliate,pore,position,present,prickle,pseudostipule,purple,radially,rhizome,rotate,round,scale,simple-entire,smell,spot,staman,stellate,stone,structure,swollen,symmetric,symmetry,sympodial,system,tissue,tuber,unit,vegetative,xylopodia,zygomorphy	18.0	77.0	93.0	absent,apex,basal,base,berry,calyx,coriaceous,dendritic,fleshy,fruit,growth,leaf,margin,mm,shrub,surface,terminal,trichome	.5,0.2-0.7,0.2-1,0.45-0.5,0.5,0.5-1.5,0.9-2.3,1-1.5,1-2,1.4-1.7,1/2,3,6-9,adaxial,anthesi,apical,apically,appearing,bi-lobed,cm,conical,decurren,deflexed,densely,diameter,elliptic,erect,except,exserted,flattened,glabrous,globose,grey-brown,later,lateral,lenticular,less,lobed,long,middle,midvein,minutely,na,narrowly,near,nodding,obscure,obscurely,occasionally,overtopping,packed,pale,per,perennial,persistent,pitted,pointed,poricidal,pubescent,purplish,purplish-black,reddish-brown,revolute,scattered,shiny,shoot,short,slightly,strongly,tapering,tip,tube,usually,violet,way,wide,x	1.0,2.0,anther,appressed,articulation,attenuate,black,blue,bract,branch,branched,branching,breeding,broad-based,campanulate,cell,colour,connective,corolla,cup-shaped,dichasial,distinct,elliptic-oblong,elongating,enlarged,filament,fork,forked,form,fruiting,fully,hair,hermaphroditic,heteromorphism,inflated,inflorescence,insertion,interjected,internodal,interpetalar,leaflet,leathery,length,lilac,lower,marking,mature,modification,multi-branched,needle-like,none,odour,orientation,paired,pattern,pedicel,petiole,pink,placement,plurifoliate,pore,position,present,prickle,pseudostipule,purple,radially,rhizome,rotate,round,scale,shape,simple-entire,smell,spot,staman,stellate,stem,stone,structure,swollen,symmetric,symmetry,sympodial,system,texture,tissue,tuber,type,unit,vegetative,xylopodia,zygomorphy
297	wfo-0001029246	success	45	43	7	33	100	81	0.3-0.8,anther,apex,base,berry,calyx,colour,corolla,cuneate,filament,form,fruit,fruiting,growth,inflorescence,leaf,length,lower,margin,mm,pedicel,petiole,prickle,purple,shape,shrub,stellate,stem,surface,texture,type,unbranched,white	-4,/5,0-1,0-15,0-5,0.1-0.4-1.5,0.7-1.3,0.7-2,0.8-1.1,0.8-3,0.9-1.3,1-1.5,1-1.8,1.2-2,1.5-2.3,1.5-2.5,1.7-6,1/3,2,2-3,2.5-3.2,2.8-4,2/3-3/4,3-5,3.5-5,5-20,7-12,acuminate,acute,apparently,arrangement,articulated,bark,branch,bud,characteristic,chartaceous,cm,concolorous,connivent,densely,diameter,discolorous,drying,dull,elliptic,entire,erect,exertion,flattened-reniform,flower,glabrous,glabrousnes,height,history,lateral,less,life,lobed,lobing,long,maturity,mauve,midvein,moderately,na,new,number,obtuse,orange-brown,orange-red,ovary,pair,pale,peduncle,per,plant,poricidal,prickly,primary,procumbent,recurved,seed,simple,size,sometimes,sparsely,spherical,stellate-pubescent,stigma,style,tapering,terete,tip,tube,upper,vein,way,wide,yellow							3.5-5.0,absent,absent-leaf,appressed,articulation,asymmetric,basal,blue,bract,branching,breeding,broad-based,cell,connective,dichasial,discrete,distinct,eglandular,enlarged,flat,fleshy,fully,hair,hermaphroditic,heteromorphism,inflated,insertion,interjected,internodal,interpetalar,leaflet,leathery,lilac,marking,mature,membranous,modification,needle-like,none,odour,orange,orientation,paired,pattern,pink,placement,plurifoliate,pore,position,present,present-inflorescence,present-leaf,present-stem,pseudostipule,radially,red,rhizome,round,scale,simple-entire,simple-lobed,smell,spot,staman,stone,straight,structure,swollen,symmetric,symmetry,sympodial,system,tapered-lanceolate,tissue,triangular,trichome,tuber,unit,vegetative,xylopodia,zygomorphy	12.0	77.0	102.0	0.3-0.8,base,berry,cuneate,lower,mm,prickle,purple,shrub,stellate,unbranched,white	-4,/5,0-1,0-15,0-5,0.1-0.4-1.5,0.7-1.3,0.7-2,0.8-1.1,0.8-3,0.9-1.3,1-1.5,1-1.8,1.2-2,1.5-2.3,1.5-2.5,1.7-6,1/3,2,2-3,2.5-3.2,2.8-4,2/3-3/4,3-5,3.5-5,5-20,7-12,acuminate,acute,apparently,articulated,chartaceous,cm,concolorous,connivent,densely,diameter,discolorous,drying,dull,elliptic,entire,erect,flattened-reniform,flower,glabrous,lateral,less,lobed,long,maturity,mauve,midvein,moderately,na,obtuse,orange-brown,orange-red,pair,pale,per,poricidal,prickly,procumbent,recurved,simple,sometimes,sparsely,spherical,stellate-pubescent,tapering,terete,tip,upper,way,wide,yellow	3.5-5.0,absent,absent-leaf,anther,apex,appressed,articulation,asymmetric,basal,blue,bract,branching,breeding,broad-based,calyx,cell,colour,connective,corolla,dichasial,discrete,distinct,eglandular,enlarged,filament,flat,fleshy,form,fruit,fruiting,fully,growth,hair,hermaphroditic,heteromorphism,inflated,inflorescence,insertion,interjected,internodal,interpetalar,leaf,leaflet,leathery,length,lilac,margin,marking,mature,membranous,modification,needle-like,none,odour,orange,orientation,paired,pattern,pedicel,petiole,pink,placement,plurifoliate,pore,position,present,present-inflorescence,present-leaf,present-stem,pseudostipule,radially,red,rhizome,round,scale,shape,simple-entire,simple-lobed,smell,spot,staman,stem,stone,straight,structure,surface,swollen,symmetric,symmetry,sympodial,system,tapered-lanceolate,texture,tissue,triangular,trichome,tuber,type,unit,vegetative,xylopodia,zygomorphy
298	wfo-0001029286	success	38	39	4	34	95	84	acute,anther,apex,base,branch,branching,calyx,colour,corolla,filament,form,fruit,fruiting,green,growth,inflorescence,interjected,leaf,leaflet,length,lilac,margin,membranous,mm,pedicel,petiole,prickle,pseudostipule,shape,stem,surface,terminal,texture,type	1-2,1.5-2,1.5-4,1/8,15-50,2-3,2.5-3,3-4,4-5,4-6,4.5,4.5-7,5,5-6,6-8,6-9,7-10,almost,anthesi,apically,apiculate,appearance,arrangement,attenuate,bark,border,broadly,brown,bud,canaliculate,capitate,characteristic,chartaceous,clustered,cm,concolorous,conical,corrugation,diameter,dilated,distal,drying,entire,exertion,flexuous,flower,giving,glabrous,glabrousnes,globose,grey,height,history,lateral,less,liana,life,light,lobe,lobing,long,mauve,midpoint,minutely,na,new,number,obconical,oblong,obovate,ovary,pair,papillose,peduncle,per,plant,primary,prominent,ray,seed,size,stigma,style,terete,thicknes,time,tip,tube,unarmed,variation,vein,widely,width,x,yellowish							1.0-1.5,2.5-3.0,absent,appressed,articulation,basal,berry,black,blue,bract,branched,breeding,broad-based,cell,connective,dendritic,discrete,distinct,eglandular,ellipsoid,elliptic-oblong,enlarged,flat,fleshy,fork,forked,fully,hair,hermaphroditic,heteromorphism,inflated,insertion,interpetalar,leathery,lower,marking,mature,modification,monochasial,multi-branched,multicellular,near-basal,needle-like,none,odour,orange,orientation,ovoid,paired,pattern,pink,placement,plurifoliate,pore,position,purple,radially,red,rhizome,round,scale,simple,simple-entire,smell,spot,staman,stellate,stone,structure,swollen,symmetric,symmetry,sympodial,system,tissue,trichome,tuber,unit,vegetative,vine,white,woody,xylopodia,zygomorphy	11.0	60.0	107.0	acute,base,branch,branching,corolla,green,length,lilac,membranous,mm,terminal	1-2,1.5-2,1.5-4,1/8,15-50,2-3,2.5-3,3-4,4-5,4-6,4.5,4.5-7,5,5-6,6-8,6-9,7-10,almost,anthesi,apically,apiculate,attenuate,broadly,brown,canaliculate,capitate,chartaceous,clustered,cm,concolorous,conical,diameter,dilated,drying,entire,flexuous,flower,glabrous,globose,grey,less,liana,light,long,mauve,minutely,na,obconical,oblong,obovate,pair,papillose,prominent,terete,time,tip,unarmed,widely,x,yellowish	1.0-1.5,2.5-3.0,absent,anther,apex,appressed,articulation,basal,berry,black,blue,bract,branched,breeding,broad-based,calyx,cell,colour,connective,dendritic,discrete,distinct,eglandular,ellipsoid,elliptic-oblong,enlarged,filament,flat,fleshy,fork,forked,form,fruit,fruiting,fully,growth,hair,hermaphroditic,heteromorphism,inflated,inflorescence,insertion,interjected,interpetalar,leaf,leaflet,leathery,lower,margin,marking,mature,modification,monochasial,multi-branched,multicellular,near-basal,needle-like,none,odour,orange,orientation,ovoid,paired,pattern,pedicel,petiole,pink,placement,plurifoliate,pore,position,prickle,pseudostipule,purple,radially,red,rhizome,round,scale,shape,simple,simple-entire,smell,spot,staman,stellate,stem,stone,structure,surface,swollen,symmetric,symmetry,sympodial,system,texture,tissue,trichome,tuber,type,unit,vegetative,vine,white,woody,xylopodia,zygomorphy
299	wfo-0001029310	success	45	43	7	35	133	79	anther,apex,base,berry,calyx,colour,cordate,corolla,filament,form,fruit,fruiting,growth,hair,herb,inflorescence,leaf,length,lower,margin,membranous,mm,pedicel,petiole,prickle,retrorse,shape,shrub,stem,surface,texture,trichome,truncate,type,yellow	.5,/4,0-20,0-5,0.1-0.2,0.2-0.8,0.5,0.5-3,0.6-1.1,00,1-1.5,1-2,1.2-1.5,1.8-3,1/3,10-13-16,10-15,15-20-25,2-3.5,2-4,2.5-6,2/3-3/4,20-40,3-4,3-5,3.5,4-10,5-10,5-12,5-20,5-30,5-7,6-8,abaxially,acute,apart,apically,apparently,arrangement,articulated,bark,branch,branched,brown,bud,characteristic,cm,concolorous,conical,connivent,corrugation,dark,diameter,distance,drying,dull,elliptic,erect,exertion,extending,filiform,flattened-reniform,flower,glabrescent,glabrous,glabrousnes,gray,height,history,lateral,life,lobe,lobed,lobing,long,long-styled,maturity,mauve,midpoint,midvein,moderately,na,narrow-deltate,new,number,one,open,orange-green,ornately,ovary,pair,peduncle,pendent,per,perennial,perpendicular,pinnatifid,plant,poricidal,porrect,prickly,primary,ray,red-brown,secondary,seed,sessile,short-styled,shorter,side,simple,size,sometimes,spaced,sparsely,spherical,stalk,stalked,stellate-pubescent,stigma,straight,style,tapering,terete,tertiary,time,tip,toward,tube,variously,vein,way,wide							0.6,5.0-6.0,absent,acicular,andromonoecious,appressed,articulation,backward,basal,blue,bract,branching,breeding,broad-based,cell,connective,dichasial,difoliate,discrete,distinct,eglandular,enlarged,flat,fleshy,heteromorphism,inflated,insertion,interjected,internodal,interpetalar,leaflet,leathery,lilac,marking,mature,modification,needle-like,non-geminate,none,odour,orientation,paired,pattern,pink,placement,pointing,pore,position,present,present-inflorescence,present-leaf,present-stem,pseudostipule,purple,radially,random,rhizome,round,scale,simple-lobed,smell,spot,spreading,staman,stellate,stone,structure,symmetric,symmetry,sympodial,system,tapered-lanceolate,tissue,tuber,unbranched,unit,vegetative,xylopodia,zygomorphy	17.0	109.0	97.0	apex,base,berry,cordate,hair,herb,lower,membranous,mm,prickle,retrorse,shrub,stem,surface,trichome,truncate,yellow	.5,/4,0-20,0-5,0.1-0.2,0.2-0.8,0.5,0.5-3,0.6-1.1,00,1-1.5,1-2,1.2-1.5,1.8-3,1/3,10-13-16,10-15,15-20-25,2-3.5,2-4,2.5-6,2/3-3/4,20-40,3-4,3-5,3.5,4-10,5-10,5-12,5-20,5-30,5-7,6-8,abaxially,acute,apart,apically,apparently,articulated,branched,brown,cm,concolorous,conical,connivent,dark,diameter,distance,drying,dull,elliptic,erect,extending,filiform,flattened-reniform,flower,glabrescent,glabrous,gray,lateral,lobe,lobed,lobing,long,long-styled,maturity,mauve,midpoint,midvein,moderately,na,narrow-deltate,one,open,orange-green,ornately,pair,pendent,perennial,perpendicular,pinnatifid,poricidal,porrect,prickly,ray,red-brown,secondary,sessile,short-styled,shorter,side,simple,sometimes,spaced,sparsely,spherical,stalk,stalked,stellate-pubescent,straight,tapering,terete,tertiary,time,tip,toward,variously,way,wide	0.6,5.0-6.0,absent,acicular,andromonoecious,anther,appressed,articulation,backward,basal,blue,bract,branching,breeding,broad-based,calyx,cell,colour,connective,corolla,dichasial,difoliate,discrete,distinct,eglandular,enlarged,filament,flat,fleshy,form,fruit,fruiting,growth,heteromorphism,inflated,inflorescence,insertion,interjected,internodal,interpetalar,leaf,leaflet,leathery,length,lilac,margin,marking,mature,modification,needle-like,non-geminate,none,odour,orientation,paired,pattern,pedicel,petiole,pink,placement,pointing,pore,position,present,present-inflorescence,present-leaf,present-stem,pseudostipule,purple,radially,random,rhizome,round,scale,shape,simple-lobed,smell,spot,spreading,staman,stellate,stone,structure,symmetric,symmetry,sympodial,system,tapered-lanceolate,texture,tissue,tuber,type,unbranched,unit,vegetative,xylopodia,zygomorphy
300	wfo-0001029317	success	36	36	4	33	92	69	0.5,anther,apex,attenuate,base,calyx,colour,corolla,filament,form,fruit,fruiting,growth,inflorescence,interjected,leaf,leaflet,length,margin,mm,pedicel,petiole,prickle,pseudostipule,shape,shrub,simple,stem,surface,texture,trichome,type,white	.25,.5,0.8-1,1-1.5,10-16,10-30-flowered,11-14,2-3,2.5-5,7-8,8-9,acuminate,alternate,appearance,area,arrangement,barely,bark,border,broadly,brown,bud,ca,channeled,characteristic,cm,corrugation,cup-like,diameter,distal,dry,drying,erect,exertion,exserted,giving,glabrate,glabrous,glabrousnes,globose,grayish,height,history,immature,lateral,life,lobe,lobed,lobing,long,main,mentioned,midpoint,minutely,na,narrowly,nearly,new,number,ovary,ovate,pair,papillose,peduncle,per,perennial,plant,poricidal,primary,probably,pubescent,ray,seed,size,slender,soon,specimen,stigma,straight,style,tapering,terminal,thicknes,tip,tube,uniseriate,variation,vein,visible,width,x,yellowish							2-locular,2.0,absent,appressed,articulation,basal,berry,bract,branching,breeding,broad-based,cell,connective,difoliate,discrete,distinct,eglandular,elliptic-oblong,enlarged,flat,fleshy,geminate,hair,heteromorphism,inflated,insertion,interpetalar,leaf-opposed,leathery,lower,marking,mature,membranous,modification,monochasial,multicellular,needle-like,none,odour,orientation,paired,pattern,placement,pore,position,present,radially,rhizome,round,scale,simple-entire,smell,spot,staman,stellate,stone,structure,swollen,symmetric,symmetry,sympodial,system,tissue,tuber,unbranched,unit,vegetative,xylopodia,zygomorphy	10.0	58.0	92.0	0.5,attenuate,base,calyx,fruit,mm,shrub,simple,trichome,white	.25,.5,0.8-1,1-1.5,10-16,10-30-flowered,11-14,2-3,2.5-5,7-8,8-9,acuminate,alternate,area,barely,broadly,brown,ca,channeled,cm,cup-like,dry,erect,exserted,glabrate,glabrous,globose,grayish,immature,lateral,lobed,long,main,mentioned,minutely,na,narrowly,nearly,ovate,pair,papillose,perennial,poricidal,probably,pubescent,slender,soon,specimen,straight,style,tapering,tip,tube,uniseriate,vein,visible,x,yellowish	2-locular,2.0,absent,anther,apex,appressed,articulation,basal,berry,bract,branching,breeding,broad-based,cell,colour,connective,corolla,difoliate,discrete,distinct,eglandular,elliptic-oblong,enlarged,filament,flat,fleshy,form,fruiting,geminate,growth,hair,heteromorphism,inflated,inflorescence,insertion,interjected,interpetalar,leaf,leaf-opposed,leaflet,leathery,length,lower,margin,marking,mature,membranous,modification,monochasial,multicellular,needle-like,none,odour,orientation,paired,pattern,pedicel,petiole,placement,pore,position,present,prickle,pseudostipule,radially,rhizome,round,scale,shape,simple-entire,smell,spot,staman,stellate,stem,stone,structure,surface,swollen,symmetric,symmetry,sympodial,system,texture,tissue,tuber,type,unbranched,unit,vegetative,xylopodia,zygomorphy
301	wfo-0001029332	success	53	43	7	36	102	79	1.5,anther,apex,base,berry,branch,calyx,colour,cordate,corolla,filament,form,fruit,fruiting,growth,inflorescence,interjected,leaf,leaflet,length,lower,margin,mm,pedicel,petiole,prickle,pseudostipule,shape,shrub,stellate,stem,surface,terminal,texture,type,yellow	0-2,0-20,0-4,0.5-1,0.8-1,1-2,1-3,1-4,1.3-1.5,1.5-2,1/2,1/3,2,2-2.5,2.5-3.5,2.8-3.7,2/3,2/3-3/4,3-6,4-15,5-6,5-8,50-100,6-8,abaxially,apart,apparently,appearance,arrangement,articulated,bark,border,bud,characteristic,chartaceous,cm,concolorous,conical,connivent,corrugation,curved,densely,diameter,distal,drying,erect,exertion,flattened,flattened-reniform,giving,glabrous,glabrousnes,grayish,height,history,lateral,life,lobe,lobed,lobing,long,maturity,mauve,moderately,na,new,number,orange-brown,ovary,ovate,pair,pale,peduncle,per,perennial,plant,poricidal,prickly,primary,pubescent,rounded,seed,simple,size,spaced,spherical,spreading,stellate-pubescent,stigma,style,tapering,tip,tube,upper,variation,vein,way,weakly,wide,width,yellow-green,yellow-orange							8.5-9.5,absent,andromonoecious,appressed,articulation,basal,blue,bract,branching,breeding,broad-based,cell,connective,dichasial,difoliate,discrete,distinct,eglandular,enlarged,flat,fleshy,fork,glandular,hair,heteromorphism,inflated,insertion,internodal,interpetalar,leathery,lilac,marking,mature,membranous,modification,needle-like,non-geminate,none,odour,orientation,paired,pattern,pink,placement,pore,position,present,present-inflorescence,present-leaf,present-stem,purple,radially,recurved,rhizome,round,scale,simple-lobed,smell,spot,staman,stone,structure,swollen,symmetric,symmetry,sympodial,system,tapered-lanceolate,tissue,triangular,trichome,tuber,unbranched,unit,vegetative,vine,woody,xylopodia,zygomorphy	11.0	71.0	104.0	1.5,base,berry,cordate,lower,mm,prickle,shrub,stellate,terminal,yellow	0-2,0-20,0-4,0.5-1,0.8-1,1-2,1-3,1-4,1.3-1.5,1.5-2,1/2,1/3,2,2-2.5,2.5-3.5,2.8-3.7,2/3,2/3-3/4,3-6,4-15,5-6,5-8,50-100,6-8,abaxially,apart,apparently,articulated,chartaceous,cm,concolorous,conical,connivent,curved,densely,diameter,erect,flattened,flattened-reniform,glabrous,grayish,lateral,lobed,long,maturity,mauve,moderately,na,orange-brown,ovate,pair,pale,per,perennial,poricidal,prickly,pubescent,rounded,simple,spaced,spherical,spreading,stellate-pubescent,tapering,tip,upper,way,weakly,wide,yellow-green,yellow-orange	8.5-9.5,absent,andromonoecious,anther,apex,appressed,articulation,basal,blue,bract,branch,branching,breeding,broad-based,calyx,cell,colour,connective,corolla,dichasial,difoliate,discrete,distinct,eglandular,enlarged,filament,flat,fleshy,fork,form,fruit,fruiting,glandular,growth,hair,heteromorphism,inflated,inflorescence,insertion,interjected,internodal,interpetalar,leaf,leaflet,leathery,length,lilac,margin,marking,mature,membranous,modification,needle-like,non-geminate,none,odour,orientation,paired,pattern,pedicel,petiole,pink,placement,pore,position,present,present-inflorescence,present-leaf,present-stem,pseudostipule,purple,radially,recurved,rhizome,round,scale,shape,simple-lobed,smell,spot,staman,stem,stone,structure,surface,swollen,symmetric,symmetry,sympodial,system,tapered-lanceolate,texture,tissue,triangular,trichome,tuber,type,unbranched,unit,vegetative,vine,woody,xylopodia,zygomorphy
302	wfo-0001029333	success	40	38	7	30	84	73	acute,anther,apex,base,berry,calyx,colour,corolla,dendritic,filament,form,fruit,fruiting,green,growth,inflorescence,leaf,length,margin,mm,pedicel,petiole,shape,shrub,stem,surface,texture,trichome,truncate,type	.25,.5,/4,0.7-1,1-1.2,1-1.5,1-15,1-3,1-7,1.5-2.5,10-15-flowered,17-26,5-6,8-15,9-13,abaxially,acuminate,adaxially,alternate,arrangement,auriculate,bark,branch,broadly,bud,characteristic,clavate,cm,conical,corrugation,densely,dia,diameter,drying,elliptic-obovate,exertion,exserted,flattened-reniform,glabrous,glabrousnes,globose,height,history,incrassate,lateral,life,lobed,lobing,long,long-styled,main,minutely,na,new,obovate,occasionally,ovary,pair,pale,paler,peduncle,perennial,pitted,plant,primary,pubescent,reddish-brown,seed,sessile,shaped,shining,short-styled,simple,size,somewhat,stigma,strongly,style,tear-drop,time,tube,vein,way,wide							0.25,2.0-2.5,absent,appressed,articulation,basal,bract,branched,branching,breeding,broad-based,cell,connective,difoliate,discrete,distinct,elliptic-oblong,enlarged,flat,fleshy,geminate,hair,heteromorphism,inflated,insertion,interjected,interpetalar,leaf-opposed,leaflet,leathery,lower,marking,mature,membranous,modification,monochasial,needle-like,none,odour,orientation,paired,pattern,placement,pore,position,present,prickle,pseudostipule,radially,rhizome,round,rounded,scale,simple-entire,smell,spot,staman,stellate,stone,structure,swollen,symmetric,symmetry,sympodial,system,tissue,tree,tuber,unbranched,unit,vegetative,xylopodia,zygomorphy	11.0	61.0	92.0	acute,base,berry,calyx,dendritic,green,margin,mm,shrub,trichome,truncate	.25,.5,/4,0.7-1,1-1.2,1-1.5,1-15,1-3,1-7,1.5-2.5,10-15-flowered,17-26,5-6,8-15,9-13,abaxially,acuminate,adaxially,alternate,auriculate,broadly,clavate,cm,conical,densely,dia,elliptic-obovate,exserted,flattened-reniform,glabrous,globose,incrassate,lateral,lobed,long,long-styled,main,minutely,na,obovate,occasionally,pair,pale,paler,perennial,pitted,pubescent,reddish-brown,sessile,shaped,shining,short-styled,simple,somewhat,strongly,tear-drop,time,tube,vein,way,wide	0.25,2.0-2.5,absent,anther,apex,appressed,articulation,basal,bract,branched,branching,breeding,broad-based,cell,colour,connective,corolla,difoliate,discrete,distinct,elliptic-oblong,enlarged,filament,flat,fleshy,form,fruit,fruiting,geminate,growth,hair,heteromorphism,inflated,inflorescence,insertion,interjected,interpetalar,leaf,leaf-opposed,leaflet,leathery,length,lower,marking,mature,membranous,modification,monochasial,needle-like,none,odour,orientation,paired,pattern,pedicel,petiole,placement,pore,position,present,prickle,pseudostipule,radially,rhizome,round,rounded,scale,shape,simple-entire,smell,spot,staman,stellate,stem,stone,structure,surface,swollen,symmetric,symmetry,sympodial,system,texture,tissue,tree,tuber,type,unbranched,unit,vegetative,xylopodia,zygomorphy
303	wfo-0001029334	invalid_json_followup	NA	40	NA	41	103	76	absent,acute,anther,apex,base,berry,branch,calyx,cell,colour,corolla,distal,filament,forked,form,fruit,green,growth,hair,herb,inflorescence,interjected,leaf,leaflet,length,margin,membranous,mm,ovoid,pedicel,petiole,prickle,pseudostipule,rounded,shape,stem,surface,terminal,texture,type,white	0-4,0.15-0.3,1,1-2,1-3,1.3-4.5,1.5-3.9,1.5-6,1.8-2.9,2-2.5,2-4,2.5-3,3.2-5.8,3.3-6.5,4-5.5,4-8.5,7.5-15.5,8-30,9-12,\u201chair-like\u201d,almost,appearance,arrangement,articulated,attenuate,axillary,bark,brownish,bud,capitate,characteristic,chartaceous,clavate,cm,condition,connivent,cordate,corrugation,covering,densely,diameter,drying,exertion,fresh,generally,giving,glabrous,glabrousnes,globose,green-white,greenish,half,height,history,lanceolate,lateral,life,like,lobe,lobing,long,make,middle,midpoint,mucilaginous,na,new,number,oblique,odd-pinnate,ovary,ovate,peduncle,per,plant,primary,puberulent,pubescent,pure,ray,ripe,seed,size,stigma,style,subtending,testal,thick,thicknes,throughout,tinged,tube,usually,value,variation,vein,violet,wall,wet,whitish,wide,width,x							1.0-2.0,1/2,4.0-5.5,appressed,articulation,asymmetric,blue,bract,branching,breeding,broad-based,compound-entire,connective,cuneate,distinct,eglandular,elliptic-oblong,elongating,enlarged,flat,fleshy,fork,fruiting,fully,hermaphroditic,heteromorphism,inflated,insertion,interpetalar,leathery,lilac,lower,marking,mature,modification,monochasial,multicellular,needle-like,none,odour,orientation,paired,pattern,pink,placement,plurifoliate,pore,position,present,present-pair,purple,radially,rhizome,round,scale,simple,smell,spot,staman,stellate,stone,structure,swollen,symmetric,symmetry,sympodial,system,tissue,trichome,trifoliate,truncate,tuber,unit,vegetative,xylopodia,zygomorphy	41.0	103.0	76.0	absent,acute,anther,apex,base,berry,branch,calyx,cell,colour,corolla,distal,filament,forked,form,fruit,green,growth,hair,herb,inflorescence,interjected,leaf,leaflet,length,margin,membranous,mm,ovoid,pedicel,petiole,prickle,pseudostipule,rounded,shape,stem,surface,terminal,texture,type,white	0-4,0.15-0.3,1,1-2,1-3,1.3-4.5,1.5-3.9,1.5-6,1.8-2.9,2-2.5,2-4,2.5-3,3.2-5.8,3.3-6.5,4-5.5,4-8.5,7.5-15.5,8-30,9-12,\u201chair-like\u201d,almost,appearance,arrangement,articulated,attenuate,axillary,bark,brownish,bud,capitate,characteristic,chartaceous,clavate,cm,condition,connivent,cordate,corrugation,covering,densely,diameter,drying,exertion,fresh,generally,giving,glabrous,glabrousnes,globose,green-white,greenish,half,height,history,lanceolate,lateral,life,like,lobe,lobing,long,make,middle,midpoint,mucilaginous,na,new,number,oblique,odd-pinnate,ovary,ovate,peduncle,per,plant,primary,puberulent,pubescent,pure,ray,ripe,seed,size,stigma,style,subtending,testal,thick,thicknes,throughout,tinged,tube,usually,value,variation,vein,violet,wall,wet,whitish,wide,width,x	1.0-2.0,1/2,4.0-5.5,appressed,articulation,asymmetric,blue,bract,branching,breeding,broad-based,compound-entire,connective,cuneate,distinct,eglandular,elliptic-oblong,elongating,enlarged,flat,fleshy,fork,fruiting,fully,hermaphroditic,heteromorphism,inflated,insertion,interpetalar,leathery,lilac,lower,marking,mature,modification,monochasial,multicellular,needle-like,none,odour,orientation,paired,pattern,pink,placement,plurifoliate,pore,position,present,present-pair,purple,radially,rhizome,round,scale,simple,smell,spot,staman,stellate,stone,structure,swollen,symmetric,symmetry,sympodial,system,tissue,trichome,trifoliate,truncate,tuber,unit,vegetative,xylopodia,zygomorphy
304	wfo-0001029344	success	34	39	7	30	77	78	absent,anther,apex,base,berry,calyx,colour,corolla,filament,form,fruit,geminate,growth,herb,inflorescence,leaf,length,margin,mm,pedicel,petiole,rotate,rounded,shape,stem,surface,texture,type,white,yellow	.5,0.4-1,0.5-1,0.5-3,1,1-5,1-6,1.5,1.5-4,10-20,10-35,4-6,5-12,5-15,acute,arrangement,brown,bud,center,characteristic,chartaceous,ciliate,cm,corrugation,densely,diameter,dm,drying,edge,elliptic,elliptic-ovoid,entire,exertion,fine,flower,glabrous,glabrousnes,globose,height,history,immature,life,linear-lanceolate,lobing,maturing,membranaceous,moderately,na,nearly,new,number,oblong,obtuse,ovary,parallel,peduncle,per,plant,primary,pubescent,radiating,raised,rhizomatous,ridge,running,seed,semitransparent,shallow,short,size,sparsely,stigma,style,tube,vein,wide,x							1.0-1.5,1.5-3.0,appressed,articulation,basal,bract,branching,breeding,broad-based,cell,connective,cuneate,difoliate,discrete,distinct,eglandular,elliptic-oblong,enlarged,flat,fleshy,fruiting,fully,green,hair,hermaphroditic,heteromorphism,inflated,insertion,interjected,internodal,interpetalar,leaf-opposed,leaflet,leathery,lower,marking,mature,membranous,modification,monochasial,needle-like,none,odour,orientation,paired,pattern,placement,pore,position,present,prickle,pseudostipule,radially,rhizome,round,scale,shrub,simple-entire,smell,spot,staman,stellate,stone,structure,swollen,symmetric,symmetry,sympodial,system,tissue,trichome,tuber,unbranched,unit,vegetative,winged,xylopodia,zygomorphy	11.0	55.0	97.0	absent,berry,fruit,geminate,herb,margin,mm,rotate,rounded,white,yellow	.5,0.4-1,0.5-1,0.5-3,1,1-5,1-6,1.5,1.5-4,10-20,10-35,4-6,5-12,5-15,acute,brown,center,chartaceous,ciliate,cm,densely,diameter,dm,drying,edge,elliptic,elliptic-ovoid,entire,fine,flower,glabrous,globose,immature,linear-lanceolate,maturing,membranaceous,moderately,na,nearly,oblong,obtuse,parallel,per,pubescent,radiating,raised,rhizomatous,ridge,running,semitransparent,shallow,short,sparsely,wide,x	1.0-1.5,1.5-3.0,anther,apex,appressed,articulation,basal,base,bract,branching,breeding,broad-based,calyx,cell,colour,connective,corolla,cuneate,difoliate,discrete,distinct,eglandular,elliptic-oblong,enlarged,filament,flat,fleshy,form,fruiting,fully,green,growth,hair,hermaphroditic,heteromorphism,inflated,inflorescence,insertion,interjected,internodal,interpetalar,leaf,leaf-opposed,leaflet,leathery,length,lower,marking,mature,membranous,modification,monochasial,needle-like,none,odour,orientation,paired,pattern,pedicel,petiole,placement,pore,position,present,prickle,pseudostipule,radially,rhizome,round,scale,shape,shrub,simple-entire,smell,spot,staman,stellate,stem,stone,structure,surface,swollen,symmetric,symmetry,sympodial,system,texture,tissue,trichome,tuber,type,unbranched,unit,vegetative,winged,xylopodia,zygomorphy
305	wfo-0001029363	success	39	38	7	31	82	73	acute,anther,apex,base,berry,calyx,colour,corolla,filament,form,fruit,fruiting,green,growth,inflorescence,leaf,length,margin,mm,pedicel,petiole,shape,shrub,simple,stem,surface,texture,tree,type,unifoliate,white	.75,/4,0-0.1,0.2-1.1,0.5-1,1-1.2,1.5-1.7,1.5-3.5,2-6,3-7,4-11,5-7-flowered,6-7,6-8,7-10,acuminate,anthesi,arrangement,bark,becoming,beneath,bi-lobed,branch,bud,capitate,characteristic,cm,corrugation,cup-shaped,deep,deflexed,densely,dia,diameter,drying,elliptic,exertion,exsertion,glabrous,glabrousnes,globose,greyish,height,history,immature,lateral,life,lobed,lobing,long,main,maroon,minutely,na,narrowly,new,number,obtuse,ovary,pair,pale,peduncle,per,plant,poricidal,primary,pubescent,seed,shiny,size,small,sparsely,stigma,style,tapering,tip,tube,vein,way,white-papillose,wide,yellowish							0.0-0.1,3.0,absent,appressed,articulation,basal,bract,branching,breeding,broad-based,cell,connective,cuneate,discrete,distinct,eglandular,elliptic-oblong,enlarged,flat,fleshy,hair,heteromorphism,inflated,insertion,interjected,internodal,interpetalar,leaf-opposed,leaflet,leathery,lower,marking,mature,membranous,modification,monochasial,multicellular,needle-like,none,odour,orientation,paired,pattern,placement,pore,position,present,prickle,pseudostipule,radially,rhizome,round,scale,simple-entire,smell,spot,staman,stellate,stone,structure,swollen,symmetric,symmetry,sympodial,system,tissue,trichome,tuber,unbranched,unit,vegetative,xylopodia,zygomorphy	11.0	56.0	93.0	acute,base,berry,corolla,green,mm,shrub,simple,tree,unifoliate,white	.75,/4,0-0.1,0.2-1.1,0.5-1,1-1.2,1.5-1.7,1.5-3.5,2-6,3-7,4-11,5-7-flowered,6-7,6-8,7-10,acuminate,anthesi,becoming,beneath,bi-lobed,capitate,cm,cup-shaped,deep,deflexed,densely,dia,elliptic,exsertion,glabrous,globose,greyish,immature,lateral,lobed,long,main,maroon,minutely,na,narrowly,obtuse,pair,pale,poricidal,pubescent,shiny,small,sparsely,tapering,tip,vein,way,white-papillose,wide,yellowish	0.0-0.1,3.0,absent,anther,apex,appressed,articulation,basal,bract,branching,breeding,broad-based,calyx,cell,colour,connective,cuneate,discrete,distinct,eglandular,elliptic-oblong,enlarged,filament,flat,fleshy,form,fruit,fruiting,growth,hair,heteromorphism,inflated,inflorescence,insertion,interjected,internodal,interpetalar,leaf,leaf-opposed,leaflet,leathery,length,lower,margin,marking,mature,membranous,modification,monochasial,multicellular,needle-like,none,odour,orientation,paired,pattern,pedicel,petiole,placement,pore,position,present,prickle,pseudostipule,radially,rhizome,round,scale,shape,simple-entire,smell,spot,staman,stellate,stem,stone,structure,surface,swollen,symmetric,symmetry,sympodial,system,texture,tissue,trichome,tuber,type,unbranched,unit,vegetative,xylopodia,zygomorphy
306	wfo-0001029364	success	36	39	7	35	82	71	anther,apex,base,calyx,colour,corolla,cuneate,filament,form,fruit,green,growth,hair,herb,inflorescence,interjected,leaf,leaflet,length,margin,mm,pedicel,petiole,prickle,pseudostipule,shape,shrub,simple,spot,stem,surface,texture,type,unbranched,white	-2,0.2-0.5,1-3,1-5,1.5-2,10-27,2-12,3-4,4-9,5-11,5-9,6-8,8-15,?,acuminate,appearance,arrangement,bark,border,branch,bud,characteristic,chartaceous,cm,corrugation,cream,diameter,distal,distally,drying,elliptic,entire,exertion,extra-axillary,finger,flower,giving,glabrous,glabrousnes,gland-tipped,globose,greenish,height,history,immature,lateral,life,lobe,lobing,midpoint,minutely,na,narrowly,new,number,ovary,peduncle,per,plant,primary,puberulent,pubescent,ray,sagittate,seed,side,size,sparsely,stigma,strongly,style,tapered,terminal,thicknes,triangular,truncate,tube,unknown,variation,vein,width,x							0.5-1.0,4.0-6.0,absent,appressed,articulation,basal,berry,bract,branching,breeding,broad-based,cell,connective,difoliate,discrete,distinct,eglandular,enlarged,flat,fleshy,fruiting,fully,glandular,hermaphroditic,heteromorphism,inflated,insertion,internodal,interpetalar,leathery,lower,marking,mature,membranous,modification,monochasial,multicellular,needle-like,non-geminate,none,odour,orientation,paired,pattern,placement,pore,position,present,radially,rhizome,round,scale,simple-entire,smell,staman,stellate,stone,structure,swollen,symmetric,symmetry,sympodial,system,tapered-lanceolate,tissue,trichome,tuber,unit,vegetative,xylopodia,zygomorphy	11.0	43.0	95.0	base,cuneate,green,hair,herb,mm,shrub,simple,spot,unbranched,white	-2,0.2-0.5,1-3,1-5,1.5-2,10-27,2-12,3-4,4-9,5-11,5-9,6-8,8-15,?,acuminate,chartaceous,cm,cream,distally,elliptic,entire,extra-axillary,finger,flower,glabrous,gland-tipped,globose,greenish,immature,minutely,na,narrowly,puberulent,pubescent,sagittate,side,sparsely,strongly,tapered,triangular,truncate,unknown,x	0.5-1.0,4.0-6.0,absent,anther,apex,appressed,articulation,basal,berry,bract,branching,breeding,broad-based,calyx,cell,colour,connective,corolla,difoliate,discrete,distinct,eglandular,enlarged,filament,flat,fleshy,form,fruit,fruiting,fully,glandular,growth,hermaphroditic,heteromorphism,inflated,inflorescence,insertion,interjected,internodal,interpetalar,leaf,leaflet,leathery,length,lower,margin,marking,mature,membranous,modification,monochasial,multicellular,needle-like,non-geminate,none,odour,orientation,paired,pattern,pedicel,petiole,placement,pore,position,present,prickle,pseudostipule,radially,rhizome,round,scale,shape,simple-entire,smell,staman,stellate,stem,stone,structure,surface,swollen,symmetric,symmetry,sympodial,system,tapered-lanceolate,texture,tissue,trichome,tuber,type,unit,vegetative,xylopodia,zygomorphy
307	wfo-0001029368	success	38	38	7	32	70	70	acute,anther,apex,base,berry,calyx,colour,corolla,filament,form,fruit,fruiting,green,growth,herb,inflorescence,leaf,length,margin,mm,pedicel,petiole,shape,shrub,simple,stem,surface,texture,trichome,type,unifoliate,white	.2,.5,0.5-2,1.5-3,1.5-4,11-13,16-25,2-5,2.5-4,5-6,?,acuminate,anthesi,arrangement,bark,branch,broadly,brown,bud,capitate,characteristic,closely,cm,corrugation,crumpled,deflexed,dia,diameter,drying,elliptic,erect,exertion,exserted,glabrous,glabrousnes,globose,golden,height,history,lanceolate,lateral,life,lobing,long,main,minute,minutely,na,new,number,ovary,parallel,peduncle,per,perennial,plant,primary,puberulent,seed,shaped,size,stigma,straight,strongly,style,tear-drop,tube,uniseriate,vein,x							0.5,1.5-1.6,absent,appressed,articulation,basal,bract,branching,breeding,broad-based,cell,connective,discrete,distinct,eglandular,elliptic-oblong,enlarged,flat,fleshy,hair,heteromorphism,inflated,insertion,interjected,internodal,interpetalar,leaf-opposed,leaflet,leathery,lower,marking,mature,membranous,modification,monochasial,multicellular,needle-like,none,odour,orientation,paired,pattern,placement,pore,position,prickle,pseudostipule,radially,rhizome,round,scale,simple-entire,smell,spot,staman,stellate,stone,structure,swollen,symmetric,symmetry,sympodial,system,tissue,tuber,unbranched,unit,vegetative,xylopodia,zygomorphy	12.0	45.0	90.0	acute,apex,berry,calyx,green,herb,mm,shrub,simple,trichome,unifoliate,white	.2,.5,0.5-2,1.5-3,1.5-4,11-13,16-25,2-5,2.5-4,5-6,?,acuminate,anthesi,broadly,brown,capitate,closely,cm,crumpled,deflexed,dia,elliptic,erect,exserted,glabrous,globose,golden,lanceolate,lateral,long,main,minute,minutely,na,parallel,perennial,puberulent,shaped,straight,strongly,tear-drop,tube,uniseriate,vein,x	0.5,1.5-1.6,absent,anther,appressed,articulation,basal,base,bract,branching,breeding,broad-based,cell,colour,connective,corolla,discrete,distinct,eglandular,elliptic-oblong,enlarged,filament,flat,fleshy,form,fruit,fruiting,growth,hair,heteromorphism,inflated,inflorescence,insertion,interjected,internodal,interpetalar,leaf,leaf-opposed,leaflet,leathery,length,lower,margin,marking,mature,membranous,modification,monochasial,multicellular,needle-like,none,odour,orientation,paired,pattern,pedicel,petiole,placement,pore,position,prickle,pseudostipule,radially,rhizome,round,scale,shape,simple-entire,smell,spot,staman,stellate,stem,stone,structure,surface,swollen,symmetric,symmetry,sympodial,system,texture,tissue,tuber,type,unbranched,unit,vegetative,xylopodia,zygomorphy
308	wfo-0001029370	invalid_json_followup	NA	43	NA	40	128	74	anther,apex,basal,base,berry,calyx,colour,cordate,corolla,filament,form,fruit,fruiting,growth,herb,inflorescence,interjected,leaf,leaflet,length,lower,margin,marking,mm,pattern,pedicel,petiole,prickle,pseudostipule,rotate,shape,shrub,stem,straight,surface,texture,trichome,type,white,yellow	.3,0-100,0-35,0.5-1,0.5-2.2,1-2,1.5-6,1.8-2.5,1.8-2.8,1/4-1/3,10-17-20,2-3,2.5-3.5,3-4,3.5-4,3.5-8,3/4,4-6,4-9,5-12,5.5-7,7-13,8-14,8-23,acute,almost,apically,apparently,arrangement,articulated,bark,branch,branched,broad-deltate,bud,characteristic,chartaceous,cm,conical,connivent,corrugation,cream,curved,dark,densely,diameter,discolorous,distal,drying,elongate,erect,exertion,fine,flattened,flattened-reniform,flower,fully,glabrousnes,green,greenish,height,history,lateral,life,lobe,lobed,lobing,long,long-styled,maturity,mauve,midpoint,moderately,multangulate,na,new,number,obtuse,often,opening,orange,orange-brown,ornate,ovary,ovate,overlapping,pair,pale,peduncle,per,perennial,plant,poricidal,prickly,primary,ray,red-brown,reticulate,rounded,seed,shiny,short-styled,simple,size,slightly,smooth,sometimes,spherical,spreading,stalked,stellate-pubescent,stigma,strongly,style,tapering,terminal,thicknes,tip,tube,value,variation,variously,vein,way,white-gray,wide,width,young							0.5-1.0,5.5-7.0,absent,andromonoecious,appressed,articulation,blue,bract,branching,breeding,broad-based,cell,connective,dichasial,discrete,distinct,eglandular,ellipsoid,enlarged,flat,fleshy,forked,hair,heteromorphism,inflated,insertion,internodal,interpetalar,leathery,lilac,mature,membranous,modification,needle-like,none,odour,orientation,paired,pink,placement,plurifoliate,pore,position,present,present-inflorescence,present-leaf,present-stem,purple,radially,recurved,rhizome,round,scale,simple-lobed,smell,spot,staman,stellate,stone,structure,swollen,symmetric,symmetry,sympodial,system,tapered-lanceolate,tissue,triangular,tuber,unbranched,unit,vegetative,xylopodia,zygomorphy	40.0	128.0	74.0	anther,apex,basal,base,berry,calyx,colour,cordate,corolla,filament,form,fruit,fruiting,growth,herb,inflorescence,interjected,leaf,leaflet,length,lower,margin,marking,mm,pattern,pedicel,petiole,prickle,pseudostipule,rotate,shape,shrub,stem,straight,surface,texture,trichome,type,white,yellow	.3,0-100,0-35,0.5-1,0.5-2.2,1-2,1.5-6,1.8-2.5,1.8-2.8,1/4-1/3,10-17-20,2-3,2.5-3.5,3-4,3.5-4,3.5-8,3/4,4-6,4-9,5-12,5.5-7,7-13,8-14,8-23,acute,almost,apically,apparently,arrangement,articulated,bark,branch,branched,broad-deltate,bud,characteristic,chartaceous,cm,conical,connivent,corrugation,cream,curved,dark,densely,diameter,discolorous,distal,drying,elongate,erect,exertion,fine,flattened,flattened-reniform,flower,fully,glabrousnes,green,greenish,height,history,lateral,life,lobe,lobed,lobing,long,long-styled,maturity,mauve,midpoint,moderately,multangulate,na,new,number,obtuse,often,opening,orange,orange-brown,ornate,ovary,ovate,overlapping,pair,pale,peduncle,per,perennial,plant,poricidal,prickly,primary,ray,red-brown,reticulate,rounded,seed,shiny,short-styled,simple,size,slightly,smooth,sometimes,spherical,spreading,stalked,stellate-pubescent,stigma,strongly,style,tapering,terminal,thicknes,tip,tube,value,variation,variously,vein,way,white-gray,wide,width,young	0.5-1.0,5.5-7.0,absent,andromonoecious,appressed,articulation,blue,bract,branching,breeding,broad-based,cell,connective,dichasial,discrete,distinct,eglandular,ellipsoid,enlarged,flat,fleshy,forked,hair,heteromorphism,inflated,insertion,internodal,interpetalar,leathery,lilac,mature,membranous,modification,needle-like,none,odour,orientation,paired,pink,placement,plurifoliate,pore,position,present,present-inflorescence,present-leaf,present-stem,purple,radially,recurved,rhizome,round,scale,simple-lobed,smell,spot,staman,stellate,stone,structure,swollen,symmetric,symmetry,sympodial,system,tapered-lanceolate,tissue,triangular,tuber,unbranched,unit,vegetative,xylopodia,zygomorphy
309	wfo-0001029373	success	49	40	8	34	87	75	1.0-1.2,2.7-3.0,acute,anther,apex,base,berry,calyx,colour,corolla,ellipsoid,filament,form,fruit,green,growth,herb,inflorescence,internodal,leaf,length,margin,mm,pedicel,petiole,prickle,pseudostipule,shape,simple,stem,surface,texture,type,white	0.4-1.6,0.5-1.2,0.6-0.7,1.0-1.6,1.2-1.5,1.4-3.5,1.5-2.5,20-30,30-40,4-6,5,5-6,6.8,8-9,anthesi,appearance,arrangement,articulated,bark,border,branch,broadly,bud,characteristic,clavate,cm,conical,curved,deltate,densely,diameter,entire,exertion,flattened-reniform,giving,glabrousnes,globose,grey-brown,halfway,height,history,lateral,less,life,lobe,lobing,long,midpoint,minute,minutely,moderately,na,new,node,number,obtuse,ovary,ovate-lanceolate,pair,papillate,peduncle,per,pitted,plant,primary,pubescent,ray,rooting,rounded,seed,size,slightly,smooth,stigma,straight,style,terete,thicknes,tip,trailing,tube,variation,vein,wide,width,woody,yellowish							2-cellular,absent,appressed,articulation,basal,bayonet,bract,branching,breeding,broad-based,cell,connective,cuneate,distinct,elliptic-oblong,elongating,enlarged,flat,fleshy,fruiting,fully,glandular,hair,herbaceous,hermaphroditic,heteromorphism,inflated,insertion,interjected,interpetalar,leaflet,leathery,lower,marking,mature,membranous,modification,monochasial,multicellular,needle-like,none,odour,orientation,paired,pattern,placement,plurifoliate,pore,position,present,present-pair,radially,rhizome,scale,simple-entire,smell,spot,staman,stellate,stone,structure,symmetric,symmetry,sympodial,system,tissue,trichome,tuber,unbranched,unit,vegetative,vine,winged,xylopodia,zygomorphy	12.0	53.0	97.0	1.0-1.2,2.7-3.0,acute,base,berry,ellipsoid,green,herb,internodal,mm,simple,white	0.4-1.6,0.5-1.2,0.6-0.7,1.0-1.6,1.2-1.5,1.4-3.5,1.5-2.5,20-30,30-40,4-6,5,5-6,6.8,8-9,anthesi,articulated,broadly,clavate,cm,conical,curved,deltate,densely,entire,flattened-reniform,globose,grey-brown,halfway,lateral,less,long,minute,minutely,moderately,na,node,obtuse,ovate-lanceolate,pair,papillate,pitted,pubescent,rooting,rounded,slightly,smooth,straight,terete,tip,trailing,wide,woody,yellowish	2-cellular,absent,anther,apex,appressed,articulation,basal,bayonet,bract,branching,breeding,broad-based,calyx,cell,colour,connective,corolla,cuneate,distinct,elliptic-oblong,elongating,enlarged,filament,flat,fleshy,form,fruit,fruiting,fully,glandular,growth,hair,herbaceous,hermaphroditic,heteromorphism,inflated,inflorescence,insertion,interjected,interpetalar,leaf,leaflet,leathery,length,lower,margin,marking,mature,membranous,modification,monochasial,multicellular,needle-like,none,odour,orientation,paired,pattern,pedicel,petiole,placement,plurifoliate,pore,position,present,present-pair,prickle,pseudostipule,radially,rhizome,scale,shape,simple-entire,smell,spot,staman,stellate,stem,stone,structure,surface,symmetric,symmetry,sympodial,system,texture,tissue,trichome,tuber,type,unbranched,unit,vegetative,vine,winged,xylopodia,zygomorphy
310	wfo-0001029402	success	27	36	5	30	69	73	anther,apex,base,branch,calyx,colour,corolla,filament,form,fruit,fruiting,growth,inflorescence,interjected,leaf,leaflet,length,margin,mm,pedicel,petiole,prickle,pseudostipule,shape,shrub,stem,surface,terminal,texture,type	0.5-1,0.5-2,1-2.5,15-30,2,2-3,4-6,5-25,6-16,7-8,7-9,acute,appearance,arrangement,bark,border,branched,bud,characteristic,ciliolate,cm,connivent,corrugation,diameter,distal,drying,elliptic,exertion,flower,free,giving,glabrous,glabrousnes,height,history,inrolled,lanceolate,lateral,life,lobe,lobing,midpoint,na,narrowly,new,number,often,ovary,peduncle,per,plant,primary,ray,seed,simple,size,stigma,style,tapered,thickened,thicknes,truncate,tube,unknown,variation,vein,violet,width,x							7.0-9.0,absent,appressed,articulation,attenuate,basal,berry,blue,bract,branching,breeding,broad-based,cell,connective,discrete,distinct,enlarged,flat,fleshy,fork,forked,fully,fusiform,hair,hermaphroditic,heteromorphism,inflated,insertion,internodal,interpetalar,leathery,lilac,lower,marking,mature,modification,needle-like,none,odour,orientation,paired,pattern,pink,placement,plurifoliate,pore,position,present,purple,radially,rhizome,scale,simple-entire,smell,spot,staman,stellate,stone,structure,swollen,symmetric,symmetry,sympodial,system,tapered-lanceolate,tissue,trichome,tuber,unit,vegetative,xylopodia,yellow,zygomorphy	2.0	32.0	101.0	mm,shrub	0.5-1,0.5-2,1-2.5,15-30,2,2-3,4-6,5-25,6-16,7-8,7-9,acute,branched,ciliolate,cm,connivent,elliptic,flower,free,glabrous,inrolled,lanceolate,na,narrowly,often,simple,tapered,thickened,truncate,unknown,violet,x	7.0-9.0,absent,anther,apex,appressed,articulation,attenuate,basal,base,berry,blue,bract,branch,branching,breeding,broad-based,calyx,cell,colour,connective,corolla,discrete,distinct,enlarged,filament,flat,fleshy,fork,forked,form,fruit,fruiting,fully,fusiform,growth,hair,hermaphroditic,heteromorphism,inflated,inflorescence,insertion,interjected,internodal,interpetalar,leaf,leaflet,leathery,length,lilac,lower,margin,marking,mature,modification,needle-like,none,odour,orientation,paired,pattern,pedicel,petiole,pink,placement,plurifoliate,pore,position,present,prickle,pseudostipule,purple,radially,rhizome,scale,shape,simple-entire,smell,spot,staman,stellate,stem,stone,structure,surface,swollen,symmetric,symmetry,sympodial,system,tapered-lanceolate,terminal,texture,tissue,trichome,tuber,type,unit,vegetative,xylopodia,yellow,zygomorphy
311	wfo-0001029404	invalid_json_followup	NA	35	NA	44	103	68	anther,apex,base,branch,calyx,colour,cordate,corolla,eglandular,filament,fleshy,form,fruit,fruiting,glandular,growth,hair,inflorescence,interjected,leaf,leaflet,length,margin,mm,orange,pedicel,petiole,pink,pore,prickle,pseudostipule,purple,shape,shrub,simple,stem,surface,terminal,texture,tree,type,unbranched,white,yellow	0-60-flower,0.5-1,1,1-4,2,2-3,2-5,2.5-22,2.5-3,20-35,3-4,3-8.5,5-10,5-20,5-24,6-8,6.5-34,abaxially,acuminate,acute,adaxially,apiculate,arrangement,auriculate,bark,basal,beyond,branched,bud,center,characteristic,chartaceous,cm,connivent,corrugation,cream,dark,darker,deltate,densely,diameter,directed,distal,distally,drying,ellipsoidal,entire,exertion,exserted,flattened,flower,glabrous,glabrousnes,glandular-puberulent,green,height,history,lanceolate,lateral,less,life,light,lobe,lobing,long,longitudinal,midpoint,moderately,mottling,na,new,number,obtuse,ovary,ovate,ovoid,peduncle,per,perfect,plant,primary,puberulent,pubescent,ray,ripe,seed,size,somewhat,sparsely,star,stigma,style,thicknes,tomentose,toward,triangular,truncate,tube,value,variation,vein,width,x							5.0-6.0,absent,appressed,articulation,berry,blue,bract,branching,breeding,broad-based,cell,connective,discrete,distinct,ellipsoid,enlarged,flat,fork,forked,fully,hermaphroditic,heteromorphism,inflated,insertion,internodal,interpetalar,leathery,lilac,lower,marking,mature,membranous,modification,multicellular,near-basal,needle-like,none,odour,orientation,paired,pattern,placement,plurifoliate,position,radially,red,rhizome,scale,simple-entire,smell,spot,staman,stellate,stone,structure,swollen,symmetric,symmetry,sympodial,system,tapered-lanceolate,tissue,trichome,tuber,unit,vegetative,xylopodia,zygomorphy	44.0	103.0	68.0	anther,apex,base,branch,calyx,colour,cordate,corolla,eglandular,filament,fleshy,form,fruit,fruiting,glandular,growth,hair,inflorescence,interjected,leaf,leaflet,length,margin,mm,orange,pedicel,petiole,pink,pore,prickle,pseudostipule,purple,shape,shrub,simple,stem,surface,terminal,texture,tree,type,unbranched,white,yellow	0-60-flower,0.5-1,1,1-4,2,2-3,2-5,2.5-22,2.5-3,20-35,3-4,3-8.5,5-10,5-20,5-24,6-8,6.5-34,abaxially,acuminate,acute,adaxially,apiculate,arrangement,auriculate,bark,basal,beyond,branched,bud,center,characteristic,chartaceous,cm,connivent,corrugation,cream,dark,darker,deltate,densely,diameter,directed,distal,distally,drying,ellipsoidal,entire,exertion,exserted,flattened,flower,glabrous,glabrousnes,glandular-puberulent,green,height,history,lanceolate,lateral,less,life,light,lobe,lobing,long,longitudinal,midpoint,moderately,mottling,na,new,number,obtuse,ovary,ovate,ovoid,peduncle,per,perfect,plant,primary,puberulent,pubescent,ray,ripe,seed,size,somewhat,sparsely,star,stigma,style,thicknes,tomentose,toward,triangular,truncate,tube,value,variation,vein,width,x	5.0-6.0,absent,appressed,articulation,berry,blue,bract,branching,breeding,broad-based,cell,connective,discrete,distinct,ellipsoid,enlarged,flat,fork,forked,fully,hermaphroditic,heteromorphism,inflated,insertion,internodal,interpetalar,leathery,lilac,lower,marking,mature,membranous,modification,multicellular,near-basal,needle-like,none,odour,orientation,paired,pattern,placement,plurifoliate,position,radially,red,rhizome,scale,simple-entire,smell,spot,staman,stellate,stone,structure,swollen,symmetric,symmetry,sympodial,system,tapered-lanceolate,tissue,trichome,tuber,unit,vegetative,xylopodia,zygomorphy
312	wfo-0001029406	success	42	38	8	39	99	65	acute,anther,apex,base,berry,calyx,colour,corolla,difoliate,filament,form,fruit,fruiting,geminate,green,growth,inflorescence,interjected,leaf,leaflet,length,margin,mm,ovoid,pedicel,petiole,prickle,pseudostipule,shape,shrub,stem,surface,sympodial,texture,tree,trichome,type,unit,white	0.5-1,0.6-1,0.7-1.5,1-1.5,1-10,1.5,1.5-2.2,1.5-2.5,2,2-11,2-3,2.5-3.5,28,30,4-18,4-6,7-12,abaxially,adaxially,appearance,arachnoid,arachnoid-pubescent,arrangement,bark,border,branch,broadly,brown,brownish,bud,characteristic,clavate,cm,conical,corrugation,dark,deciduous,densely,dia,diameter,distal,drying,elliptic,exertion,felt-like,giving,glabrous,glabrousnes,globose,grayish-brown,grayish-green,greenish-white,height,history,lateral,life,lilac,lobe,lobed,lobing,long,main,matted,maturity,midpoint,minutely,na,nearly,new,number,ovary,ovoid-reniform,pair,pale,peduncle,per,pitted,plant,primary,pubescent,ray,seed,shaped,shiny,size,slightly,small,soon,stigma,style,tear-drop,terminal,thicknes,tinge,tube,variation,vein,wide,width							0.5,4.0-6.0,absent,appressed,articulation,basal,bract,branched,branching,breeding,broad-based,bullate,cell,connective,dendritic,discrete,distinct,elliptic-oblong,enlarged,flat,fleshy,hair,heteromorphism,inflated,insertion,interpetalar,leaf-opposed,leathery,lower,marking,mature,membranous,modification,monochasial,needle-like,none,odour,orientation,paired,pattern,placement,pore,position,present,radially,rhizome,round,scale,simple-entire,smell,spot,staman,stellate,stone,structure,swollen,symmetric,symmetry,system,tissue,tuber,unbranched,vegetative,xylopodia,zygomorphy	14.0	62.0	90.0	acute,base,berry,difoliate,geminate,green,mm,ovoid,shrub,sympodial,tree,trichome,unit,white	0.5-1,0.6-1,0.7-1.5,1-1.5,1-10,1.5,1.5-2.2,1.5-2.5,2,2-11,2-3,2.5-3.5,28,30,4-18,4-6,7-12,abaxially,adaxially,arachnoid,arachnoid-pubescent,broadly,brown,brownish,clavate,cm,conical,dark,deciduous,densely,dia,elliptic,felt-like,glabrous,globose,grayish-brown,grayish-green,greenish-white,lateral,lilac,lobed,long,main,matted,maturity,minutely,na,nearly,ovoid-reniform,pair,pale,pitted,pubescent,shaped,shiny,slightly,small,soon,tear-drop,tinge,vein,wide	0.5,4.0-6.0,absent,anther,apex,appressed,articulation,basal,bract,branched,branching,breeding,broad-based,bullate,calyx,cell,colour,connective,corolla,dendritic,discrete,distinct,elliptic-oblong,enlarged,filament,flat,fleshy,form,fruit,fruiting,growth,hair,heteromorphism,inflated,inflorescence,insertion,interjected,interpetalar,leaf,leaf-opposed,leaflet,leathery,length,lower,margin,marking,mature,membranous,modification,monochasial,needle-like,none,odour,orientation,paired,pattern,pedicel,petiole,placement,pore,position,present,prickle,pseudostipule,radially,rhizome,round,scale,shape,simple-entire,smell,spot,staman,stellate,stem,stone,structure,surface,swollen,symmetric,symmetry,system,texture,tissue,tuber,type,unbranched,vegetative,xylopodia,zygomorphy
313	wfo-0001029407	invalid_json_followup	NA	43	NA	36	115	82	anther,apex,base,berry,calyx,colour,corolla,cuneate,filament,form,fruit,fruiting,growth,inflorescence,interjected,leaf,leaflet,length,margin,mature,mm,orange,pedicel,petiole,prickle,pseudostipule,rounded,shape,shrub,stellate,stem,surface,texture,type,unbranched,white	-6,.5,/3,0-4,0.1-0.25,0.4-0.7,0.4-1,0.5-0.7,0.5-1.5,0.5-2,0.6-0.9,0.7-1.2,1-1.4,1-4,1-4.5-7,1.8-2.5,1/5,10-15,2-4,2.5-3,3-4,3-6,4-15-25,5-7,acute,almost,apparently,arrangement,articulated,bark,branch,bright-red,brown,bud,characteristic,cm,connivent,corrugation,curved,dark,densely,diameter,discolorous,distal,drying,dull,elliptic,entire,erect,evenly,exertion,flattened,flattened-reniform,glabrous,glabrousnes,gray-greenish,green,green-brown,height,history,lateral,life,lobe,lobed,lobing,long,maturity,mauve,midpoint,moderately,na,new,number,obtuse,orange-brown,ovary,ovate,pair,pale,peduncle,per,perennial,plant,poricidal,prickly,primary,pubescent,rarely,ray,seed,simple,size,sometimes,sparsely,spherical,stellate-pubescent,stigma,straw-yellow,strongly,style,tapering,terminal,thicknes,tip,tube,upper,value,variation,vein,way,wide,width,yellow,yellow-green,young							0.5,3.5,absent,absent-inflorescence,appressed,articulation,asymmetric,basal,blue,bract,branching,breeding,broad-based,cell,connective,dichasial,difoliate,discrete,distinct,eglandular,enlarged,flat,fleshy,fully,geminate,hair,hermaphroditic,heteromorphism,inflated,insertion,internodal,interpetalar,leathery,lilac,lower,marking,membranous,modification,needle-like,non-geminate,none,odour,orientation,paired,pattern,pink,placement,pore,position,present,present-inflorescence,present-leaf,present-stem,purple,radially,recurved,red,rhizome,round,scale,simple-entire,simple-lobed,simple-toothed,smell,spot,staman,stone,structure,swollen,symmetric,symmetry,sympodial,system,tapered-lanceolate,tissue,triangular,trichome,tuber,unit,vegetative,xylopodia,zygomorphy	36.0	115.0	82.0	anther,apex,base,berry,calyx,colour,corolla,cuneate,filament,form,fruit,fruiting,growth,inflorescence,interjected,leaf,leaflet,length,margin,mature,mm,orange,pedicel,petiole,prickle,pseudostipule,rounded,shape,shrub,stellate,stem,surface,texture,type,unbranched,white	-6,.5,/3,0-4,0.1-0.25,0.4-0.7,0.4-1,0.5-0.7,0.5-1.5,0.5-2,0.6-0.9,0.7-1.2,1-1.4,1-4,1-4.5-7,1.8-2.5,1/5,10-15,2-4,2.5-3,3-4,3-6,4-15-25,5-7,acute,almost,apparently,arrangement,articulated,bark,branch,bright-red,brown,bud,characteristic,cm,connivent,corrugation,curved,dark,densely,diameter,discolorous,distal,drying,dull,elliptic,entire,erect,evenly,exertion,flattened,flattened-reniform,glabrous,glabrousnes,gray-greenish,green,green-brown,height,history,lateral,life,lobe,lobed,lobing,long,maturity,mauve,midpoint,moderately,na,new,number,obtuse,orange-brown,ovary,ovate,pair,pale,peduncle,per,perennial,plant,poricidal,prickly,primary,pubescent,rarely,ray,seed,simple,size,sometimes,sparsely,spherical,stellate-pubescent,stigma,straw-yellow,strongly,style,tapering,terminal,thicknes,tip,tube,upper,value,variation,vein,way,wide,width,yellow,yellow-green,young	0.5,3.5,absent,absent-inflorescence,appressed,articulation,asymmetric,basal,blue,bract,branching,breeding,broad-based,cell,connective,dichasial,difoliate,discrete,distinct,eglandular,enlarged,flat,fleshy,fully,geminate,hair,hermaphroditic,heteromorphism,inflated,insertion,internodal,interpetalar,leathery,lilac,lower,marking,membranous,modification,needle-like,non-geminate,none,odour,orientation,paired,pattern,pink,placement,pore,position,present,present-inflorescence,present-leaf,present-stem,purple,radially,recurved,red,rhizome,round,scale,simple-entire,simple-lobed,simple-toothed,smell,spot,staman,stone,structure,swollen,symmetric,symmetry,sympodial,system,tapered-lanceolate,tissue,triangular,trichome,tuber,unit,vegetative,xylopodia,zygomorphy
314	wfo-0001029408	invalid_json_followup	NA	39	NA	40	120	74	0.9-1.6,2.2-3.7,acute,anther,apex,base,berry,branch,calyx,colour,corolla,cuneate,filament,fleshy,form,fruit,fruiting,growth,inflorescence,interjected,leaf,leaflet,length,lilac,margin,mm,pedicel,petiole,prickle,pseudostipule,shape,shrub,stem,surface,terminal,texture,tree,type,white,yellow	0,0.2-0.3,0.7-1.2,0.9-1.3,1-8,1.1-1.5,1.4-1.9,1.5-3,1.7-2.4,1/2,11-31,2-12,2-5,2/3,3-5,4-14,4-20,5-6.5,5-merous,7-12,abaxially,adaxially,anthesi,arrangement,barely,bark,becoming,blade,blunt-tipped,branched,broadly,brown,bud,capitate,characteristic,clavate,cm,conical,continued,corrugation,dark,decurrent,deltoid,diameter,distal,drying,due,elliptic,entire,exertion,exserted,flower,glabrous,glabrousnes,globose,gray,green,height,history,honeycombed,lanate,lateral,life,lobing,long,long-attenuate,midpoint,midvein,moderately,mostly,na,new,number,oblong,orbicular,ovary,ovate,pale,peduncle,per,perennial,plant,primary,pseud-terminal,pubescent,purplish,rarely,ray,reniform,reticulate-punctate,ripe,seed,short-attenuate,side,simple,size,slightly,small,stelliform,stigma,style,subcampanulate,suborbicular,terete,thicknes,time,tomentose,top,tube,turbinate,unarmed,value,variation,vein,velutinous,way,whitish,width,x,yellowish							absent,appressed,articulation,basal,blue,bract,branching,breeding,broad-based,cell,connective,dichasial,distinct,eglandular,elliptic-oblong,elongating,enlarged,flat,fork,fully,hair,hermaphroditic,heteromorphism,inflated,insertion,internodal,interpetalar,leathery,lower,marking,mature,membranous,modification,multi-branched,needle-like,none,odour,orientation,paired,pattern,pink,placement,plurifoliate,pore,position,present,present-single,purple,radially,rhizome,rotate,round,scale,simple-entire,smell,spot,staman,stellate,stone,stripe,structure,swollen,symmetric,symmetry,sympodial,system,tissue,trichome,tuber,unit,vegetative,winged,xylopodia,zygomorphy	40.0	120.0	74.0	0.9-1.6,2.2-3.7,acute,anther,apex,base,berry,branch,calyx,colour,corolla,cuneate,filament,fleshy,form,fruit,fruiting,growth,inflorescence,interjected,leaf,leaflet,length,lilac,margin,mm,pedicel,petiole,prickle,pseudostipule,shape,shrub,stem,surface,terminal,texture,tree,type,white,yellow	0,0.2-0.3,0.7-1.2,0.9-1.3,1-8,1.1-1.5,1.4-1.9,1.5-3,1.7-2.4,1/2,11-31,2-12,2-5,2/3,3-5,4-14,4-20,5-6.5,5-merous,7-12,abaxially,adaxially,anthesi,arrangement,barely,bark,becoming,blade,blunt-tipped,branched,broadly,brown,bud,capitate,characteristic,clavate,cm,conical,continued,corrugation,dark,decurrent,deltoid,diameter,distal,drying,due,elliptic,entire,exertion,exserted,flower,glabrous,glabrousnes,globose,gray,green,height,history,honeycombed,lanate,lateral,life,lobing,long,long-attenuate,midpoint,midvein,moderately,mostly,na,new,number,oblong,orbicular,ovary,ovate,pale,peduncle,per,perennial,plant,primary,pseud-terminal,pubescent,purplish,rarely,ray,reniform,reticulate-punctate,ripe,seed,short-attenuate,side,simple,size,slightly,small,stelliform,stigma,style,subcampanulate,suborbicular,terete,thicknes,time,tomentose,top,tube,turbinate,unarmed,value,variation,vein,velutinous,way,whitish,width,x,yellowish	absent,appressed,articulation,basal,blue,bract,branching,breeding,broad-based,cell,connective,dichasial,distinct,eglandular,elliptic-oblong,elongating,enlarged,flat,fork,fully,hair,hermaphroditic,heteromorphism,inflated,insertion,internodal,interpetalar,leathery,lower,marking,mature,membranous,modification,multi-branched,needle-like,none,odour,orientation,paired,pattern,pink,placement,plurifoliate,pore,position,present,present-single,purple,radially,rhizome,rotate,round,scale,simple-entire,smell,spot,staman,stellate,stone,stripe,structure,swollen,symmetric,symmetry,sympodial,system,tissue,trichome,tuber,unit,vegetative,winged,xylopodia,zygomorphy
315	wfo-0001029417	invalid_json_followup	NA	39	NA	42	123	71	acute,anther,apex,base,berry,blue,branch,calyx,cell,colour,corolla,distal,filament,forked,form,fruit,fruiting,green,growth,hair,herb,inflorescence,interjected,leaf,leaflet,length,margin,membranous,mm,pedicel,petiole,prickle,pseudostipule,purple,shape,stem,surface,terminal,texture,trichome,type,white	.5,0-7,0.2-0.6,0.4-8,0.7-3,1-2,1-8,1.3-8,1.5-1.8,1.5-10,1.5-8,12,2.8-3.5,3-14,3-5,4-7,5-15,8-15,8-9,\u201chair-like\u201d,abaxially,acuminate,adaxially,arrangement,articulated,attenuate,axillary,bark,basiscopic,brownish,bud,capitate,central,characteristic,chartaceous,clavate,cm,coarsely,condition,connivent,corrugation,covering,dark,decurrent,deep,diameter,dot,drying,erect,exertion,fresh,generally,glabrous,glabrousnes,globose,green-white,greenish,half,height,history,lanceolate,lateral,life,like,linear,lobe,lobing,long,make,medium,midpoint,minute,moderately,mucilaginous,na,new,non-glandular,number,odd-pinnate,often,orbicular,ovary,ovate,ovoid,peduncle,per,pilose,plant,primary,pubescent,ray,ripe,scattered,seed,sessile,short,side,size,slightly,sometimes,star,stigma,style,subtending,testal,thick,thicknes,throughout,tinged,tube,typically,usually,value,variation,vein,violet,wall,wet,whitish,wide,widely,width,x							1.0-2.0,1/2,4.0-7.0,absent,appressed,articulation,asymmetric,bract,branching,breeding,broad-based,compound-entire,connective,distinct,eglandular,elliptic-oblong,elongating,enlarged,flat,fleshy,fork,fully,hermaphroditic,heteromorphism,inflated,insertion,interpetalar,leathery,lilac,lower,marking,mature,modification,monochasial,multicellular,needle-like,none,odour,orientation,paired,pattern,pink,placement,plurifoliate,pore,position,present,present-pair,radially,rhizome,rotate,scale,simple,smell,spot,staman,stellate,stone,structure,swollen,symmetric,symmetry,sympodial,system,tissue,trifoliate,tuber,unit,vegetative,xylopodia,zygomorphy	42.0	123.0	71.0	acute,anther,apex,base,berry,blue,branch,calyx,cell,colour,corolla,distal,filament,forked,form,fruit,fruiting,green,growth,hair,herb,inflorescence,interjected,leaf,leaflet,length,margin,membranous,mm,pedicel,petiole,prickle,pseudostipule,purple,shape,stem,surface,terminal,texture,trichome,type,white	.5,0-7,0.2-0.6,0.4-8,0.7-3,1-2,1-8,1.3-8,1.5-1.8,1.5-10,1.5-8,12,2.8-3.5,3-14,3-5,4-7,5-15,8-15,8-9,\u201chair-like\u201d,abaxially,acuminate,adaxially,arrangement,articulated,attenuate,axillary,bark,basiscopic,brownish,bud,capitate,central,characteristic,chartaceous,clavate,cm,coarsely,condition,connivent,corrugation,covering,dark,decurrent,deep,diameter,dot,drying,erect,exertion,fresh,generally,glabrous,glabrousnes,globose,green-white,greenish,half,height,history,lanceolate,lateral,life,like,linear,lobe,lobing,long,make,medium,midpoint,minute,moderately,mucilaginous,na,new,non-glandular,number,odd-pinnate,often,orbicular,ovary,ovate,ovoid,peduncle,per,pilose,plant,primary,pubescent,ray,ripe,scattered,seed,sessile,short,side,size,slightly,sometimes,star,stigma,style,subtending,testal,thick,thicknes,throughout,tinged,tube,typically,usually,value,variation,vein,violet,wall,wet,whitish,wide,widely,width,x	1.0-2.0,1/2,4.0-7.0,absent,appressed,articulation,asymmetric,bract,branching,breeding,broad-based,compound-entire,connective,distinct,eglandular,elliptic-oblong,elongating,enlarged,flat,fleshy,fork,fully,hermaphroditic,heteromorphism,inflated,insertion,interpetalar,leathery,lilac,lower,marking,mature,modification,monochasial,multicellular,needle-like,none,odour,orientation,paired,pattern,pink,placement,plurifoliate,pore,position,present,present-pair,radially,rhizome,rotate,scale,simple,smell,spot,staman,stellate,stone,structure,swollen,symmetric,symmetry,sympodial,system,tissue,trifoliate,tuber,unit,vegetative,xylopodia,zygomorphy
316	wfo-0001029461	invalid_json_followup	NA	43	NA	33	113	83	anther,apex,base,berry,branch,calyx,cell,colour,corolla,filament,form,fruit,fruiting,growth,inflorescence,interjected,leaf,leaflet,length,margin,mm,pedicel,petiole,prickle,pseudostipule,shape,shrub,stem,surface,terminal,texture,type,yellow	-1.5,.5,0.1-0.25,0.6-1,0.7-1,0.8-1.5,1-1.6,1-3,1-3-6,1.2-1.7,1.2-1.8,1.3-2.2-3.2,1.5-2-4-5,1/4-1/2,2-2.4,2-2.8,2.5-3,3-20,4.5-7,5-10,5-25,7-10,almost,apart,appearance,arrangement,attenuate,bark,becoming,black,broad-deltate,brown,bud,characteristic,chartaceous,cm,concolorous,corrugation,cuneate,dark,densely,diameter,discolorous,distal,drying,dull,elliptic,evenly,exertion,fine,flattened-reniform,giving,glabrous,glabrousnes,gray,green,height,history,lateral,life,lobe,lobed,lobing,long,maturity,mauve,midpoint,moderately,na,new,number,oblong,orange,outline,ovary,ovate,pair,peduncle,per,pit,plant,poricidal,prickly,primary,raised,ray,reddish,rounded,seed,shiny,simple,size,small,smooth,sometimes,spaced,sparsely,spherical,stellate-pubescent,stigma,style,subentire,thicknes,tip,tube,value,variation,vein,way,weakly,wide,width,young							0.7-7.2,4.5-7.0,absent,absent-inflorescence,absent-leaf,acute,andromonoecious,appressed,articulation,basal,bilaterally,blue,bract,branching,breeding,broad-based,connective,dichasial,discrete,distinct,eglandular,enlarged,flat,fleshy,fork,forked,hair,heteromorphism,inflated,insertion,internodal,interpetalar,leathery,lilac,lower,marking,mature,membranous,modification,needle-like,none,odour,orientation,paired,pattern,pink,placement,plurifoliate,pore,position,present,present-leaf,present-stem,purple,recurved,rhizome,round,scale,simple-entire,simple-lobed,simple-toothed,smell,spot,staman,stellate,stone,straight,structure,swollen,symmetric,symmetry,sympodial,system,tapered-lanceolate,tissue,triangular,trichome,tuber,unbranched,unit,vegetative,xylopodia,zygomorphy	33.0	113.0	83.0	anther,apex,base,berry,branch,calyx,cell,colour,corolla,filament,form,fruit,fruiting,growth,inflorescence,interjected,leaf,leaflet,length,margin,mm,pedicel,petiole,prickle,pseudostipule,shape,shrub,stem,surface,terminal,texture,type,yellow	-1.5,.5,0.1-0.25,0.6-1,0.7-1,0.8-1.5,1-1.6,1-3,1-3-6,1.2-1.7,1.2-1.8,1.3-2.2-3.2,1.5-2-4-5,1/4-1/2,2-2.4,2-2.8,2.5-3,3-20,4.5-7,5-10,5-25,7-10,almost,apart,appearance,arrangement,attenuate,bark,becoming,black,broad-deltate,brown,bud,characteristic,chartaceous,cm,concolorous,corrugation,cuneate,dark,densely,diameter,discolorous,distal,drying,dull,elliptic,evenly,exertion,fine,flattened-reniform,giving,glabrous,glabrousnes,gray,green,height,history,lateral,life,lobe,lobed,lobing,long,maturity,mauve,midpoint,moderately,na,new,number,oblong,orange,outline,ovary,ovate,pair,peduncle,per,pit,plant,poricidal,prickly,primary,raised,ray,reddish,rounded,seed,shiny,simple,size,small,smooth,sometimes,spaced,sparsely,spherical,stellate-pubescent,stigma,style,subentire,thicknes,tip,tube,value,variation,vein,way,weakly,wide,width,young	0.7-7.2,4.5-7.0,absent,absent-inflorescence,absent-leaf,acute,andromonoecious,appressed,articulation,basal,bilaterally,blue,bract,branching,breeding,broad-based,connective,dichasial,discrete,distinct,eglandular,enlarged,flat,fleshy,fork,forked,hair,heteromorphism,inflated,insertion,internodal,interpetalar,leathery,lilac,lower,marking,mature,membranous,modification,needle-like,none,odour,orientation,paired,pattern,pink,placement,plurifoliate,pore,position,present,present-leaf,present-stem,purple,recurved,rhizome,round,scale,simple-entire,simple-lobed,simple-toothed,smell,spot,staman,stellate,stone,straight,structure,swollen,symmetric,symmetry,sympodial,system,tapered-lanceolate,tissue,triangular,trichome,tuber,unbranched,unit,vegetative,xylopodia,zygomorphy
317	wfo-0001029462	success	34	37	6	33	75	75	anther,apex,base,calyx,colour,corolla,cuneate,eglandular,filament,form,fruit,fruiting,green,growth,hair,inflorescence,leaf,length,margin,mm,pedicel,petiole,rounded,shape,simple,stem,surface,texture,tree,truncate,type,unbranched,white	-4,0.5-1,0.5-2,1-3,1-6,1.5-7,10-15-25,2-6.5,2.5-3.5,2.5-5.5,3-18,4-20-30,6-9,acuminate,acute,arrangement,bark,branch,bud,characteristic,chartaceous,cm,connivent,corrugation,curled,dark,densely,diameter,drying,ellipsoidal,elliptic,entire,exertion,flattened,flower,glabrous,glabrousnes,height,history,lanceolate,laterally,life,light,lobing,longitudinal,membranaceous,na,narrowly,new,number,obtuse,ovary,ovate,ovoid,peduncle,per,perennial,plant,primary,pubescent-pilose,purplish,reticulate,seed,size,smooth,somewhat,stellate-campanulate,stigma,stripe,style,tip,triangular,tube,vein,x							7.0-8.0,absent,appressed,articulation,axillary,berry,blue,bract,branching,breeding,broad-based,campanulate,cell,connective,discrete,distinct,ellipsoid,enlarged,flat,fleshy,fully,hermaphroditic,heteromorphism,inflated,insertion,interjected,interpetalar,leaflet,leathery,lilac,lower,marking,mature,membranous,modification,multicellular,near-basal,needle-like,none,odour,orientation,paired,pattern,pink,placement,plurifoliate,pore,position,present,prickle,pseudostipule,purple,radially,rhizome,scale,simple-entire,smell,spot,staman,stellate,stone,structure,swollen,symmetric,symmetry,sympodial,system,tapered-lanceolate,tissue,trichome,tuber,unit,vegetative,xylopodia,zygomorphy	12.0	48.0	96.0	apex,cuneate,eglandular,green,hair,mm,rounded,simple,tree,truncate,unbranched,white	-4,0.5-1,0.5-2,1-3,1-6,1.5-7,10-15-25,2-6.5,2.5-3.5,2.5-5.5,3-18,4-20-30,6-9,acuminate,acute,chartaceous,cm,connivent,curled,dark,densely,ellipsoidal,elliptic,entire,flattened,flower,glabrous,lanceolate,laterally,light,longitudinal,membranaceous,na,narrowly,obtuse,ovate,ovoid,perennial,pubescent-pilose,purplish,reticulate,smooth,somewhat,stellate-campanulate,stripe,tip,triangular,x	7.0-8.0,absent,anther,appressed,articulation,axillary,base,berry,blue,bract,branching,breeding,broad-based,calyx,campanulate,cell,colour,connective,corolla,discrete,distinct,ellipsoid,enlarged,filament,flat,fleshy,form,fruit,fruiting,fully,growth,hermaphroditic,heteromorphism,inflated,inflorescence,insertion,interjected,interpetalar,leaf,leaflet,leathery,length,lilac,lower,margin,marking,mature,membranous,modification,multicellular,near-basal,needle-like,none,odour,orientation,paired,pattern,pedicel,petiole,pink,placement,plurifoliate,pore,position,present,prickle,pseudostipule,purple,radially,rhizome,scale,shape,simple-entire,smell,spot,staman,stellate,stem,stone,structure,surface,swollen,symmetric,symmetry,sympodial,system,tapered-lanceolate,texture,tissue,trichome,tuber,type,unit,vegetative,xylopodia,zygomorphy
318	wfo-0001029464	invalid_json_followup	NA	45	NA	43	114	82	5.5-7.5,acicular,anther,apex,base,berry,black,branch,calyx,colour,cordate,corolla,ellipsoid,filament,form,fruit,fruiting,growth,herb,inflorescence,interjected,leaf,leaflet,length,lower,margin,mm,ovoid,pedicel,petiole,pink,prickle,pseudostipule,purple,shape,simple,stem,straight,surface,terminal,texture,type,white	.9,0-80,0.2-0.5,0.2-0.7,0.8-2,00-200,1-10,1-3,1.2-3,1/2,1/4-1/2,10-23,10-40,2-3,2-3.5,2-4,2.2-2.5,2.4-4,2.5-5,2.5-8,2.9-3.2,3-20,3-7,4-7,5.5-6,6-15,7-10,9-15,abaxially,acute,annual,apparently,arrangement,bark,branched,brown,bud,characteristic,chartaceous,cm,connivent,corrugation,curved,dark,diameter,discolorous,distal,drying,erect,exertion,flattened-reniform,flower,glabrescent,glabrousnes,globular,green,green-brown,height,history,lateral,life,lobed,lobing,long,long-styled,maroon,maturity,mauve,midpoint,moderately,mottled,na,new,number,oblong,obtuse,occasionally,orange-brown,ovary,ovate,pair,peduncle,pendent,per,plant,poricidal,prickly,primary,ray,red-brown,seed,short-styled,size,sometimes,stellate-pubescent,stigma,striped,style,tapering,terete,thicknes,tip,tube,unarmed,usually,value,variation,variously,vein,way,wide,width,yellow-green,young							1.2-3.0,absent,absent-inflorescence,absent-leaf,absent-stem,andromonoecious,appressed,articulation,asymmetric,basal,blue,bract,branching,breeding,broad-based,cell,connective,cuneate,dichasial,difoliate,discrete,distinct,eglandular,enlarged,flat,fleshy,fork,hair,heteromorphism,inflated,insertion,internodal,interpetalar,leathery,lilac,marking,mature,membranous,modification,multicellular,needle-like,non-geminate,none,obovoid,odour,orientation,paired,pattern,placement,pore,position,present,present-inflorescence,present-leaf,present-stem,radially,random,rhizome,round,scale,simple-lobed,smell,spot,spreading,staman,stellate,stone,structure,symmetric,symmetry,sympodial,system,tapered-lanceolate,tissue,trichome,tuber,unbranched,unit,vegetative,xylopodia,yellow,zygomorphy	43.0	114.0	82.0	5.5-7.5,acicular,anther,apex,base,berry,black,branch,calyx,colour,cordate,corolla,ellipsoid,filament,form,fruit,fruiting,growth,herb,inflorescence,interjected,leaf,leaflet,length,lower,margin,mm,ovoid,pedicel,petiole,pink,prickle,pseudostipule,purple,shape,simple,stem,straight,surface,terminal,texture,type,white	.9,0-80,0.2-0.5,0.2-0.7,0.8-2,00-200,1-10,1-3,1.2-3,1/2,1/4-1/2,10-23,10-40,2-3,2-3.5,2-4,2.2-2.5,2.4-4,2.5-5,2.5-8,2.9-3.2,3-20,3-7,4-7,5.5-6,6-15,7-10,9-15,abaxially,acute,annual,apparently,arrangement,bark,branched,brown,bud,characteristic,chartaceous,cm,connivent,corrugation,curved,dark,diameter,discolorous,distal,drying,erect,exertion,flattened-reniform,flower,glabrescent,glabrousnes,globular,green,green-brown,height,history,lateral,life,lobed,lobing,long,long-styled,maroon,maturity,mauve,midpoint,moderately,mottled,na,new,number,oblong,obtuse,occasionally,orange-brown,ovary,ovate,pair,peduncle,pendent,per,plant,poricidal,prickly,primary,ray,red-brown,seed,short-styled,size,sometimes,stellate-pubescent,stigma,striped,style,tapering,terete,thicknes,tip,tube,unarmed,usually,value,variation,variously,vein,way,wide,width,yellow-green,young	1.2-3.0,absent,absent-inflorescence,absent-leaf,absent-stem,andromonoecious,appressed,articulation,asymmetric,basal,blue,bract,branching,breeding,broad-based,cell,connective,cuneate,dichasial,difoliate,discrete,distinct,eglandular,enlarged,flat,fleshy,fork,hair,heteromorphism,inflated,insertion,internodal,interpetalar,leathery,lilac,marking,mature,membranous,modification,multicellular,needle-like,non-geminate,none,obovoid,odour,orientation,paired,pattern,placement,pore,position,present,present-inflorescence,present-leaf,present-stem,radially,random,rhizome,round,scale,simple-lobed,smell,spot,spreading,staman,stellate,stone,structure,symmetric,symmetry,sympodial,system,tapered-lanceolate,tissue,trichome,tuber,unbranched,unit,vegetative,xylopodia,yellow,zygomorphy
319	wfo-0001029546	invalid_json_followup	NA	40	NA	43	138	71	absent,anther,apex,base,berry,branch,calyx,cell,colour,cordate,corolla,distal,filament,forked,form,fruit,fruiting,green,growth,hair,herb,inflorescence,interjected,leaf,leaflet,length,margin,membranous,mm,ovoid,pedicel,petiole,pore,pseudostipule,shape,simple,stem,surface,terminal,texture,trichome,type,white	0.3-1,1-2,1-3.2,1-4.5,1-5,1.5-2,1.5-6.2,1.6-6.5,2-9,2.2-2.8,3.5-5,4.5-12.5,4.5-7,5,5-10,5-18,5-8,6.3-19.5,7-10,8,8-17,8-19.5,abaxially,acumen,acuminate,acute,adaxially,age,apiculate,apparently,arrangement,attenuate,axe,axillary,bark,blue,brownish,bud,capitate,characteristic,chartaceous,clavate,cm,condition,connivent,corrugation,covered,covering,curved,decumbent,decurrent,densely,diameter,dot,drying,elliptical,erect,exertion,flower,frequently,fresh,generally,glabrous,glabrousnes,glandular,globose,green-white,greenish,hair-like,half,height,history,lanceolate,lateral,lengthening,life,like,lobe,lobing,long,longer,make,midpoint,mottled,mucilaginous,na,new,non-glandular,number,oblique,odd-pinnate,often,ovary,peduncle,per,perfect,petiolule,plant,poricidal,primary,pubescent,purple,rarely,ray,regular,ripe,seed,sessile,short,size,slightly,slit,soft,stigma,straight,style,subtending,testal,thick,thicknes,throughout,tinged,tip,tube,typically,unwinged,usually,value,variation,vein,wall,wet,whitish,wide,width,wing,x,yellow							1.0-2.0,1/2,5.0-8.0,appressed,articulation,asymmetric,bract,branching,breeding,broad-based,compound-entire,connective,distinct,eglandular,elliptic-oblong,elongating,enlarged,flat,fleshy,fork,fully,hermaphroditic,heteromorphism,inflated,insertion,interpetalar,leathery,lower,marking,mature,modification,monochasial,multicellular,needle-like,none,odour,orientation,paired,pattern,placement,plurifoliate,position,present,present-pair,prickle,radially,rhizome,rotate,round,rounded,scale,simple-entire,smell,spot,staman,stellate,stone,structure,swollen,symmetric,symmetry,sympodial,system,tissue,trifoliate,truncate,tuber,unit,vegetative,xylopodia,zygomorphy	43.0	138.0	71.0	absent,anther,apex,base,berry,branch,calyx,cell,colour,cordate,corolla,distal,filament,forked,form,fruit,fruiting,green,growth,hair,herb,inflorescence,interjected,leaf,leaflet,length,margin,membranous,mm,ovoid,pedicel,petiole,pore,pseudostipule,shape,simple,stem,surface,terminal,texture,trichome,type,white	0.3-1,1-2,1-3.2,1-4.5,1-5,1.5-2,1.5-6.2,1.6-6.5,2-9,2.2-2.8,3.5-5,4.5-12.5,4.5-7,5,5-10,5-18,5-8,6.3-19.5,7-10,8,8-17,8-19.5,abaxially,acumen,acuminate,acute,adaxially,age,apiculate,apparently,arrangement,attenuate,axe,axillary,bark,blue,brownish,bud,capitate,characteristic,chartaceous,clavate,cm,condition,connivent,corrugation,covered,covering,curved,decumbent,decurrent,densely,diameter,dot,drying,elliptical,erect,exertion,flower,frequently,fresh,generally,glabrous,glabrousnes,glandular,globose,green-white,greenish,hair-like,half,height,history,lanceolate,lateral,lengthening,life,like,lobe,lobing,long,longer,make,midpoint,mottled,mucilaginous,na,new,non-glandular,number,oblique,odd-pinnate,often,ovary,peduncle,per,perfect,petiolule,plant,poricidal,primary,pubescent,purple,rarely,ray,regular,ripe,seed,sessile,short,size,slightly,slit,soft,stigma,straight,style,subtending,testal,thick,thicknes,throughout,tinged,tip,tube,typically,unwinged,usually,value,variation,vein,wall,wet,whitish,wide,width,wing,x,yellow	1.0-2.0,1/2,5.0-8.0,appressed,articulation,asymmetric,bract,branching,breeding,broad-based,compound-entire,connective,distinct,eglandular,elliptic-oblong,elongating,enlarged,flat,fleshy,fork,fully,hermaphroditic,heteromorphism,inflated,insertion,interpetalar,leathery,lower,marking,mature,modification,monochasial,multicellular,needle-like,none,odour,orientation,paired,pattern,placement,plurifoliate,position,present,present-pair,prickle,radially,rhizome,rotate,round,rounded,scale,simple-entire,smell,spot,staman,stellate,stone,structure,swollen,symmetric,symmetry,sympodial,system,tissue,trifoliate,truncate,tuber,unit,vegetative,xylopodia,zygomorphy
320	wfo-0001029552	success	45	39	7	37	99	68	acute,anther,apex,base,berry,branched,calyx,colour,corolla,dendritic,difoliate,filament,form,fruit,fruiting,geminate,green,growth,inflorescence,leaf,length,margin,mm,pedicel,petiole,shape,shrub,simple,stem,surface,sympodial,texture,tree,trichome,type,unit,white	.25,.5,0.6-1,1-1.3,1-1.5,1-2,1-3,1-5,10-20,12,2-2.5,2.5-3,5-10-flowered,5.5-8,6-9,abaxially,abruptly,acuminate,adaxially,along,area,arrangement,bark,branch,broadened,bud,characteristic,cm,conical,contracted,corrugation,deflexed,densely,dia,diameter,drying,elliptic,erect,exertion,exserted,flattened-reniform,flower,glabrous,glabrousnes,globose,greyish-brown,height,history,incrassate,later,lateral,life,like,lobed,lobing,long,long-styled,main,minute,minutely,na,nearly,new,occasionally,older,onto,opposite,ovary,pair,pale,paler,peduncle,perennial,persistent,pitted,plant,primary,pubescent,seed,shaped,shining,short-styled,size,slender,small,sparsely,stigma,strongly,style,tan,tear-drop,tip,tree-like,tube,vein,wide,x,yellowish,young							0.5,2.5-3.0,absent,appressed,articulation,basal,bract,branching,breeding,broad-based,cell,connective,discrete,distinct,elliptic-oblong,enlarged,flat,fleshy,forked,hair,heteromorphism,inflated,insertion,interjected,interpetalar,leaf-opposed,leaflet,leathery,lower,marking,mature,membranous,modification,monochasial,needle-like,none,odour,orientation,paired,pattern,placement,pore,position,present,prickle,pseudostipule,radially,rhizome,round,scale,simple-entire,smell,spot,staman,stellate,stone,structure,swollen,symmetric,symmetry,system,tissue,tuber,unbranched,vegetative,winged,xylopodia,zygomorphy	20.0	77.0	85.0	acute,base,berry,branched,calyx,dendritic,difoliate,geminate,green,leaf,margin,mm,shrub,simple,stem,sympodial,tree,trichome,unit,white	.25,.5,0.6-1,1-1.3,1-1.5,1-2,1-3,1-5,10-20,12,2-2.5,2.5-3,5-10-flowered,5.5-8,6-9,abaxially,abruptly,acuminate,adaxially,along,area,broadened,cm,conical,contracted,deflexed,densely,dia,elliptic,erect,exserted,flattened-reniform,flower,glabrous,globose,greyish-brown,incrassate,later,lateral,like,lobed,long,long-styled,main,minute,minutely,na,nearly,occasionally,older,onto,opposite,pair,pale,paler,perennial,persistent,pitted,pubescent,shaped,shining,short-styled,slender,small,sparsely,strongly,style,tan,tear-drop,tip,tree-like,tube,vein,wide,x,yellowish,young	0.5,2.5-3.0,absent,anther,apex,appressed,articulation,basal,bract,branching,breeding,broad-based,cell,colour,connective,corolla,discrete,distinct,elliptic-oblong,enlarged,filament,flat,fleshy,forked,form,fruit,fruiting,growth,hair,heteromorphism,inflated,inflorescence,insertion,interjected,interpetalar,leaf-opposed,leaflet,leathery,length,lower,marking,mature,membranous,modification,monochasial,needle-like,none,odour,orientation,paired,pattern,pedicel,petiole,placement,pore,position,present,prickle,pseudostipule,radially,rhizome,round,scale,shape,simple-entire,smell,spot,staman,stellate,stone,structure,surface,swollen,symmetric,symmetry,system,texture,tissue,tuber,type,unbranched,vegetative,winged,xylopodia,zygomorphy
321	wfo-0001029584	invalid_json_followup	NA	40	NA	42	101	72	acute,anther,apex,asymmetric,base,berry,branch,calyx,cell,colour,coriaceous,corolla,distal,filament,forked,form,fruit,fruiting,green,growth,hair,herb,inflorescence,interjected,leaf,leaflet,length,margin,mm,pedicel,petiole,prickle,pseudostipule,purple,shape,simple,stem,surface,terminal,texture,tissue,type	0-30,1,1-2,1-6,1.5-6.5,16.2-33,2-3,2-4,2.4-6.3,3-10,3-7,4-14,5.3-13.3,6-7,6.1-9.4,8-15,9.7-23.4,9.8-17,\u201chair-like\u201d,abaxially,acuminate,adaxially,appearance,arrangement,axillary,bark,basiscopic,border,brownish,bud,capitate,characteristic,clavate,cm,condition,corrugation,covering,dark,densely,diameter,drying,elliptic,exertion,fresh,generally,giving,glabrescent,glabrous,glabrousnes,green-white,greenish,half,height,history,lateral,life,light,lobe,lobing,make,midpoint,mucilaginous,na,new,number,oblong-lanceolate,odd-pinnate,ovary,ovate,ovoid,peduncle,per,petiolulate,plant,primary,pubescent,ray,seed,semi-erect,short,side,size,stigma,style,subtending,testal,thick,thicknes,throughout,tube,unwinged,usually,value,variation,vein,wall,wet,white,whitish,width,x							1.0-2.0,1/2,6.0-7.0,absent,appressed,articulation,blue,bract,branching,breeding,broad-based,compound-entire,connective,distinct,eglandular,elliptic-oblong,elongating,enlarged,flat,fleshy,fork,fully,hermaphroditic,heteromorphism,inflated,insertion,interpetalar,leathery,lilac,lower,marking,mature,modification,monochasial,multicellular,needle-like,none,odour,orientation,paired,pattern,pink,placement,plurifoliate,pore,position,present,present-pair,radially,rhizome,rotate,round,rounded,scale,smell,spot,staman,stellate,stone,structure,swollen,symmetric,symmetry,sympodial,system,trichome,trifoliate,tuber,unit,vegetative,xylopodia,zygomorphy	42.0	101.0	72.0	acute,anther,apex,asymmetric,base,berry,branch,calyx,cell,colour,coriaceous,corolla,distal,filament,forked,form,fruit,fruiting,green,growth,hair,herb,inflorescence,interjected,leaf,leaflet,length,margin,mm,pedicel,petiole,prickle,pseudostipule,purple,shape,simple,stem,surface,terminal,texture,tissue,type	0-30,1,1-2,1-6,1.5-6.5,16.2-33,2-3,2-4,2.4-6.3,3-10,3-7,4-14,5.3-13.3,6-7,6.1-9.4,8-15,9.7-23.4,9.8-17,\u201chair-like\u201d,abaxially,acuminate,adaxially,appearance,arrangement,axillary,bark,basiscopic,border,brownish,bud,capitate,characteristic,clavate,cm,condition,corrugation,covering,dark,densely,diameter,drying,elliptic,exertion,fresh,generally,giving,glabrescent,glabrous,glabrousnes,green-white,greenish,half,height,history,lateral,life,light,lobe,lobing,make,midpoint,mucilaginous,na,new,number,oblong-lanceolate,odd-pinnate,ovary,ovate,ovoid,peduncle,per,petiolulate,plant,primary,pubescent,ray,seed,semi-erect,short,side,size,stigma,style,subtending,testal,thick,thicknes,throughout,tube,unwinged,usually,value,variation,vein,wall,wet,white,whitish,width,x	1.0-2.0,1/2,6.0-7.0,absent,appressed,articulation,blue,bract,branching,breeding,broad-based,compound-entire,connective,distinct,eglandular,elliptic-oblong,elongating,enlarged,flat,fleshy,fork,fully,hermaphroditic,heteromorphism,inflated,insertion,interpetalar,leathery,lilac,lower,marking,mature,modification,monochasial,multicellular,needle-like,none,odour,orientation,paired,pattern,pink,placement,plurifoliate,pore,position,present,present-pair,radially,rhizome,rotate,round,rounded,scale,smell,spot,staman,stellate,stone,structure,swollen,symmetric,symmetry,sympodial,system,trichome,trifoliate,tuber,unit,vegetative,xylopodia,zygomorphy
322	wfo-0001029593	invalid_json_followup	NA	40	NA	38	120	70	acute,anther,apex,axillary,base,berry,calyx,colour,corolla,enlarged,filament,form,fruit,fruiting,green,growth,inflorescence,interjected,leaf,leaflet,length,lower,margin,mm,pedicel,petiole,pointed,prickle,pseudostipule,shape,shrub,simple,stem,surface,texture,trichome,type,white	-10,0.05,0.5-1,0.5-5,0.8-1,0.8-1.2,1,1-1.2,1-1.5,1-8,1.6-2.3,10-50,100,2-14,2.3,2.3-3.0,3-4,3.5-8,35-60,4-6,5-10,5-15,7-25,7.5-15,9-15,abaxially,abruptly,acuminate,anthesi,apically,arising,arrangement,attenuate,axil,bark,basiscopically,bearing,branch,broadly,brown,bud,capitate,cateniforme,characteristic,clavate,cm,conical,corrugation,deltate,densely,diameter,distal,dry,drying,elliptic,exertion,extremely,filiform,flower,glabrous,glabrousnes,globose,half,height,history,hollow,lateral,life,lobing,long,markedly,midpoint,minutely,na,narrowing,new,nodding,number,oblique,obovate,occasionally,once-branched,ovary,ovoid-reniform,pair,papillose,peduncle,per,perennial,pinnate,plant,poricidal,primary,pubescence,pubescent,ray,rest,scar,seed,size,slightly,smooth,somewhat,sparsely,stigma,style,terminal,thicknes,tip,tube,uniseriate,usually,value,variable,variation,vein,white-lenticellate,width,woody,x							0.5-1.0,1.0-1.5,absent,andromonoecious,appressed,articulation,asymmetric,basal,bract,branching,breeding,broad-based,cell,compound-entire,connective,distinct,eglandular,elliptic-oblong,elongating,flat,fleshy,forked,hair,herb,heteromorphism,inflated,insertion,interpetalar,leathery,marking,mature,membranous,modification,monochasial,multi-branched,multicellular,needle-like,none,odour,orientation,paired,pattern,placement,pore,position,radially,rhizome,round,rounded,scale,small,smell,spot,staman,stellate,stone,structure,swollen,symmetric,symmetry,sympodial,system,tissue,tuber,unbranched,unifoliate,unit,vegetative,xylopodia,zygomorphy	38.0	120.0	70.0	acute,anther,apex,axillary,base,berry,calyx,colour,corolla,enlarged,filament,form,fruit,fruiting,green,growth,inflorescence,interjected,leaf,leaflet,length,lower,margin,mm,pedicel,petiole,pointed,prickle,pseudostipule,shape,shrub,simple,stem,surface,texture,trichome,type,white	-10,0.05,0.5-1,0.5-5,0.8-1,0.8-1.2,1,1-1.2,1-1.5,1-8,1.6-2.3,10-50,100,2-14,2.3,2.3-3.0,3-4,3.5-8,35-60,4-6,5-10,5-15,7-25,7.5-15,9-15,abaxially,abruptly,acuminate,anthesi,apically,arising,arrangement,attenuate,axil,bark,basiscopically,bearing,branch,broadly,brown,bud,capitate,cateniforme,characteristic,clavate,cm,conical,corrugation,deltate,densely,diameter,distal,dry,drying,elliptic,exertion,extremely,filiform,flower,glabrous,glabrousnes,globose,half,height,history,hollow,lateral,life,lobing,long,markedly,midpoint,minutely,na,narrowing,new,nodding,number,oblique,obovate,occasionally,once-branched,ovary,ovoid-reniform,pair,papillose,peduncle,per,perennial,pinnate,plant,poricidal,primary,pubescence,pubescent,ray,rest,scar,seed,size,slightly,smooth,somewhat,sparsely,stigma,style,terminal,thicknes,tip,tube,uniseriate,usually,value,variable,variation,vein,white-lenticellate,width,woody,x	0.5-1.0,1.0-1.5,absent,andromonoecious,appressed,articulation,asymmetric,basal,bract,branching,breeding,broad-based,cell,compound-entire,connective,distinct,eglandular,elliptic-oblong,elongating,flat,fleshy,forked,hair,herb,heteromorphism,inflated,insertion,interpetalar,leathery,marking,mature,membranous,modification,monochasial,multi-branched,multicellular,needle-like,none,odour,orientation,paired,pattern,placement,pore,position,radially,rhizome,round,rounded,scale,small,smell,spot,staman,stellate,stone,structure,swollen,symmetric,symmetry,sympodial,system,tissue,tuber,unbranched,unifoliate,unit,vegetative,xylopodia,zygomorphy
323	wfo-0001029601	invalid_json_followup	NA	40	NA	39	106	72	anther,apex,base,berry,branch,calyx,cell,colour,coriaceous,corolla,distal,filament,forked,form,fruit,fruiting,green,growth,hair,herb,inflorescence,interjected,leaf,leaflet,length,margin,mm,pedicel,petiole,prickle,pseudostipule,rounded,shape,stem,surface,terminal,texture,type,white	0-37,0.2-0.8,0.5-5.8,1-2,1-3,1.1-2.7,1.2-2.3,1.7-6.5,2,2-12,2-9,2.2-4.5,2.3-5.9,2.8-10.5,3-10,4-13.5,5-41,6-10,6.6-22,\u201chair-like\u201d,abaxially,acute,adaxially,arrangement,articulated,attenuate,axillary,bark,brownish,bud,capitate,characteristic,clavate,cm,condition,corrugation,covering,dark,diameter,dot,drying,elliptic,exertion,fresh,generally,glabrescent,glabrous,glabrousnes,globose,green-white,greenish,half,height,history,lanceolate,lateral,life,light,lobe,lobing,long,make,middle,midpoint,mucilaginous,na,narrow,new,number,odd-pinnate,ovary,ovate,ovoid,peduncle,per,petiolulate,plant,primary,puberulent,ray,ripe,seed,short,size,slightly,small,stigma,style,subtending,testal,thick,thicknes,throughout,tube,typically,unwinged,usually,value,variation,vein,wall,wet,whitish,width,wing,x							1.0-2.0,1/2,6.0-10.0,absent,appressed,articulation,asymmetric,bract,branching,breeding,broad-based,compound-entire,connective,cordate,distinct,eglandular,elliptic-oblong,elongating,enlarged,flat,fleshy,fork,fully,hermaphroditic,heteromorphism,inflated,insertion,interpetalar,leathery,lower,marking,mature,modification,monochasial,multicellular,needle-like,none,odour,orientation,paired,pattern,placement,plurifoliate,pore,position,present,present-pair,radially,rhizome,rotate,round,scale,simple,smell,spot,staman,stellate,stone,structure,swollen,symmetric,symmetry,sympodial,system,tissue,trichome,trifoliate,tuber,unit,vegetative,xylopodia,zygomorphy	39.0	106.0	72.0	anther,apex,base,berry,branch,calyx,cell,colour,coriaceous,corolla,distal,filament,forked,form,fruit,fruiting,green,growth,hair,herb,inflorescence,interjected,leaf,leaflet,length,margin,mm,pedicel,petiole,prickle,pseudostipule,rounded,shape,stem,surface,terminal,texture,type,white	0-37,0.2-0.8,0.5-5.8,1-2,1-3,1.1-2.7,1.2-2.3,1.7-6.5,2,2-12,2-9,2.2-4.5,2.3-5.9,2.8-10.5,3-10,4-13.5,5-41,6-10,6.6-22,\u201chair-like\u201d,abaxially,acute,adaxially,arrangement,articulated,attenuate,axillary,bark,brownish,bud,capitate,characteristic,clavate,cm,condition,corrugation,covering,dark,diameter,dot,drying,elliptic,exertion,fresh,generally,glabrescent,glabrous,glabrousnes,globose,green-white,greenish,half,height,history,lanceolate,lateral,life,light,lobe,lobing,long,make,middle,midpoint,mucilaginous,na,narrow,new,number,odd-pinnate,ovary,ovate,ovoid,peduncle,per,petiolulate,plant,primary,puberulent,ray,ripe,seed,short,size,slightly,small,stigma,style,subtending,testal,thick,thicknes,throughout,tube,typically,unwinged,usually,value,variation,vein,wall,wet,whitish,width,wing,x	1.0-2.0,1/2,6.0-10.0,absent,appressed,articulation,asymmetric,bract,branching,breeding,broad-based,compound-entire,connective,cordate,distinct,eglandular,elliptic-oblong,elongating,enlarged,flat,fleshy,fork,fully,hermaphroditic,heteromorphism,inflated,insertion,interpetalar,leathery,lower,marking,mature,modification,monochasial,multicellular,needle-like,none,odour,orientation,paired,pattern,placement,plurifoliate,pore,position,present,present-pair,radially,rhizome,rotate,round,scale,simple,smell,spot,staman,stellate,stone,structure,swollen,symmetric,symmetry,sympodial,system,tissue,trichome,trifoliate,tuber,unit,vegetative,xylopodia,zygomorphy
324	wfo-0001029621	success	51	38	8	37	103	72	0.5-0.75,3.5-4.5,anther,apex,attenuate,base,berry,branch,calyx,colour,corolla,filament,form,fruit,fruiting,green,growth,inflorescence,interjected,leaf,leaflet,length,margin,mm,pedicel,petiole,prickle,pseudostipule,shape,shrub,stem,surface,terminal,texture,type,white,yellow	0.5-1.2,0.7-1.1,0.8-1,0.8-4.5,1-1.5,1-2,1.5-2,1.5-5,2/3,3-3.5,6-20,6-8,7-9,accrescent,acute,appearance,area,arrangement,bark,becoming,border,branched,brown,bud,characteristic,cm,constricted,corrugation,cup-shaped,dark,decurrent,dia,diameter,distal,dry,drying,ellipsoid,erect,exertion,exsertion,giving,glabrate,glabrous,glabrousnes,globose,height,history,lanceolate,later,lateral,life,live,lobe,lobed,lobing,long,main,many,material,merely,midpoint,minutely,na,new,number,oblanceolate,often,ovary,ovoid-reniform,pair,pale,peduncle,per,perennial,pitted,plant,primary,puberulent,ray,reddish-grey,ripe,seed,sessile,shaped,size,stigma,style,tan,tear-drop,thick,thicknes,time,tip,tube,variation,vein,way,whorl-like,widened,width,woody,x,yellowish							absent,appressed,articulation,basal,bract,branching,breeding,broad-based,cell,connective,cuneate,difoliate,discrete,distinct,eglandular,elliptic-oblong,enlarged,flat,fleshy,fork,geminate,hair,heteromorphism,inflated,insertion,internodal,interpetalar,leathery,lower,marking,mature,membranous,modification,monochasial,multi-branched,multicellular,needle-like,none,odour,orientation,paired,pattern,placement,plurifoliate,pore,position,present,radially,rhizome,round,scale,simple,simple-entire,smell,spot,staman,stellate,stone,structure,swollen,symmetric,symmetry,sympodial,system,tissue,trichome,tuber,unit,vegetative,winged,xylopodia,zygomorphy	11.0	70.0	98.0	0.5-0.75,3.5-4.5,attenuate,base,berry,green,mm,shrub,terminal,white,yellow	0.5-1.2,0.7-1.1,0.8-1,0.8-4.5,1-1.5,1-2,1.5-2,1.5-5,2/3,3-3.5,6-20,6-8,7-9,accrescent,acute,area,becoming,branched,brown,cm,constricted,cup-shaped,dark,decurrent,dia,dry,ellipsoid,erect,exsertion,glabrate,glabrous,globose,lanceolate,later,lateral,live,lobed,long,main,many,material,merely,minutely,na,oblanceolate,often,ovoid-reniform,pair,pale,perennial,pitted,plant,puberulent,reddish-grey,ripe,sessile,shaped,style,tan,tear-drop,thick,time,tip,vein,way,whorl-like,widened,woody,x,yellowish	absent,anther,apex,appressed,articulation,basal,bract,branch,branching,breeding,broad-based,calyx,cell,colour,connective,corolla,cuneate,difoliate,discrete,distinct,eglandular,elliptic-oblong,enlarged,filament,flat,fleshy,fork,form,fruit,fruiting,geminate,growth,hair,heteromorphism,inflated,inflorescence,insertion,interjected,internodal,interpetalar,leaf,leaflet,leathery,length,lower,margin,marking,mature,membranous,modification,monochasial,multi-branched,multicellular,needle-like,none,odour,orientation,paired,pattern,pedicel,petiole,placement,plurifoliate,pore,position,present,prickle,pseudostipule,radially,rhizome,round,scale,shape,simple,simple-entire,smell,spot,staman,stellate,stem,stone,structure,surface,swollen,symmetric,symmetry,sympodial,system,texture,tissue,trichome,tuber,type,unit,vegetative,winged,xylopodia,zygomorphy
325	wfo-0001029622	success	41	37	6	31	89	77	acute,anther,apex,base,berry,branch,calyx,colour,corolla,filament,form,fruit,fruiting,green,growth,inflorescence,leaf,length,margin,pedicel,petiole,present,shape,shrub,simple,stellate,stem,surface,texture,type,white	.1,.5,/3,0.5-0.7,0.5-1,0.6-0.9,0.8-1,1-1.2,1-4,1.5,2-11,3-4,30-35,45-50,5-6,abaxially,adaxially,apparently,arrangement,attenuate,bark,beneath,brown,bud,capitate,characteristic,chartaceous,cm,consisting,corrugation,deflexed,diameter,drying,elliptic,elongate,entire,exertion,flower,glabrous,glabrousnes,globose,height,history,included,life,lobe,lobed,lobing,long-acuminate,major,minor,mm,na,narrowly,new,number,obconic,oblong,occasionally,older,onto,ovary,ovate,pair,peduncle,per,plant,primary,reddish,rounded,sagittate,scar,second,seed,shiny,single,size,slightly,somewhat,stigma,style,tapering,tip,tube,vein,way,within,x,young							absent,appressed,articulation,basal,bract,branching,breeding,broad-based,cell,connective,cuneate,difoliate,discrete,distinct,eglandular,elliptic-oblong,enlarged,flat,fleshy,fork,fully,geminate,hair,hermaphroditic,heteromorphism,inflated,insertion,interjected,internodal,interpetalar,leaf-opposed,leaflet,leathery,lower,marking,mature,membranous,modification,monochasial,multicellular,needle-like,none,odour,orientation,paired,pattern,placement,pore,position,prickle,pseudostipule,radially,rhizome,round,scale,simple-entire,smell,spot,staman,stone,structure,swollen,symmetric,symmetry,sympodial,system,terminal,tissue,trichome,tuber,unbranched,unifoliate,unit,vegetative,winged,xylopodia,zygomorphy	13.0	64.0	95.0	acute,base,berry,calyx,fruit,green,leaf,petiole,present,shrub,simple,stellate,white	.1,.5,/3,0.5-0.7,0.5-1,0.6-0.9,0.8-1,1-1.2,1-4,1.5,2-11,3-4,30-35,45-50,5-6,abaxially,adaxially,apparently,attenuate,beneath,brown,capitate,chartaceous,cm,consisting,deflexed,diameter,elliptic,elongate,entire,flower,glabrous,globose,included,lobe,lobed,long-acuminate,major,minor,mm,na,narrowly,obconic,oblong,occasionally,older,onto,ovate,pair,reddish,rounded,sagittate,scar,second,shiny,single,slightly,somewhat,tapering,tip,way,within,x,young	absent,anther,apex,appressed,articulation,basal,bract,branch,branching,breeding,broad-based,cell,colour,connective,corolla,cuneate,difoliate,discrete,distinct,eglandular,elliptic-oblong,enlarged,filament,flat,fleshy,fork,form,fruiting,fully,geminate,growth,hair,hermaphroditic,heteromorphism,inflated,inflorescence,insertion,interjected,internodal,interpetalar,leaf-opposed,leaflet,leathery,length,lower,margin,marking,mature,membranous,modification,monochasial,multicellular,needle-like,none,odour,orientation,paired,pattern,pedicel,placement,pore,position,prickle,pseudostipule,radially,rhizome,round,scale,shape,simple-entire,smell,spot,staman,stem,stone,structure,surface,swollen,symmetric,symmetry,sympodial,system,terminal,texture,tissue,trichome,tuber,type,unbranched,unifoliate,unit,vegetative,winged,xylopodia,zygomorphy
326	wfo-0001029625	invalid_json	NA	39	NA	31	123	84	anther,base,branch,calyx,cell,colour,corolla,filament,form,fruit,fruiting,green,growth,hair,herb,inflorescence,leaf,length,margin,mm,pedicel,plurifoliate,shape,shrub,small,stem,surface,texture,trichome,type,white	..,.1-0.2,.5,0.5-1,0.5-1.3,0.5-2,0.5-2mm,0.8-1.4,0.8-1.8,1-1.5,1-2,1-3,1.2-1.6,2,2.5-.,3,3-3,3-3.5,3-5-8,4-10,4-4,4-5-celled,4-7-celled,4-9,5,5-10-15,5-6,6-9,9-25,abaxial,adaxial,along,anthesi,arrangement,bark,beneath,branched,brown,bud,capitate,characteristic,cm,conical,cucullate,darker,deflexed,deltate,densely,denser,diameter,elliptic,erect,flattened,four,glabrescent,glabrous,gland,gland-tipped,globose,greenish,height,history,hyaline,lamina,later,life,lighter,like,lobe,lobed,long,markedly,middle,midline,mixed,narrowly,nearly,occasionally,outer,outline,ovary,ovate-reniform,pair,pale,papillate,peduncle,per,planar,plant,point,pointed,pubescent,purplish,rarely,reddish,regularly,scattered,seed,single,sinuate,size,slightly,smooth,sparsely,stigma,striate,stripe,strongly,style,tan,testa,time,tinged,tip,triangular,tube,uniseriate,value,vein,wall,weight,x,young							1.0-1.5,2.5-4.0,absent,apex,appressed,articulation,basal,berry,blue,bract,branching,breeding,broad-based,connective,cuneate,distinct,eglandular,elliptic-oblong,elongated,elongating,enlarged,flat,fleshy,fork,forked,fully,glandular,hermaphroditic,heteromorphism,inflated,insertion,interjected,interpetalar,leaflet,leathery,lilac,lower,marking,mature,membranous,modification,monochasial,multi-branched,multicellular,needle-like,none,odour,orientation,paired,pattern,petiole,pink,placement,pore,position,present,prickle,pseudostipule,purple,radially,rhizome,round,scale,simple,simple-entire,smell,spot,staman,stellate,stone,structure,swollen,symmetric,symmetry,sympodial,system,terminal,tissue,tuber,unbranched,unit,vegetative,xylopodia,zygomorphy	31.0	123.0	84.0	anther,base,branch,calyx,cell,colour,corolla,filament,form,fruit,fruiting,green,growth,hair,herb,inflorescence,leaf,length,margin,mm,pedicel,plurifoliate,shape,shrub,small,stem,surface,texture,trichome,type,white	..,.1-0.2,.5,0.5-1,0.5-1.3,0.5-2,0.5-2mm,0.8-1.4,0.8-1.8,1-1.5,1-2,1-3,1.2-1.6,2,2.5-.,3,3-3,3-3.5,3-5-8,4-10,4-4,4-5-celled,4-7-celled,4-9,5,5-10-15,5-6,6-9,9-25,abaxial,adaxial,along,anthesi,arrangement,bark,beneath,branched,brown,bud,capitate,characteristic,cm,conical,cucullate,darker,deflexed,deltate,densely,denser,diameter,elliptic,erect,flattened,four,glabrescent,glabrous,gland,gland-tipped,globose,greenish,height,history,hyaline,lamina,later,life,lighter,like,lobe,lobed,long,markedly,middle,midline,mixed,narrowly,nearly,occasionally,outer,outline,ovary,ovate-reniform,pair,pale,papillate,peduncle,per,planar,plant,point,pointed,pubescent,purplish,rarely,reddish,regularly,scattered,seed,single,sinuate,size,slightly,smooth,sparsely,stigma,striate,stripe,strongly,style,tan,testa,time,tinged,tip,triangular,tube,uniseriate,value,vein,wall,weight,x,young	1.0-1.5,2.5-4.0,absent,apex,appressed,articulation,basal,berry,blue,bract,branching,breeding,broad-based,connective,cuneate,distinct,eglandular,elliptic-oblong,elongated,elongating,enlarged,flat,fleshy,fork,forked,fully,glandular,hermaphroditic,heteromorphism,inflated,insertion,interjected,interpetalar,leaflet,leathery,lilac,lower,marking,mature,membranous,modification,monochasial,multi-branched,multicellular,needle-like,none,odour,orientation,paired,pattern,petiole,pink,placement,pore,position,present,prickle,pseudostipule,purple,radially,rhizome,round,scale,simple,simple-entire,smell,spot,staman,stellate,stone,structure,swollen,symmetric,symmetry,sympodial,system,terminal,tissue,tuber,unbranched,unit,vegetative,xylopodia,zygomorphy
327	wfo-0001029645	invalid_json_followup	NA	39	NA	36	110	78	anther,apex,base,calyx,colour,corolla,cuneate,filament,form,fruit,fruiting,green,growth,hair,herb,inflorescence,interjected,leaf,leaflet,length,margin,mm,pedicel,petiole,prickle,pseudostipule,red,shape,shrub,simple,stem,surface,texture,type,unbranched,white	.5,.5-1,0.2-0.5,0.5-1,0.5-7,1,1-1.5,1-2,1.3-7,1.5,1.5-2,2-4,2.5-17,2.5-4,3-15,3-7,3.5-4,337,4-8,5,5-8,6-12,7-12,750,?,acuminate,arrangement,bark,blue,branch,brown,bud,characteristic,chartaceous,cm,corrugation,deltate,diameter,distal,distally,drying,entire,et,except,exertion,extra-axillary,fide,finger,flattened,flower,glabrous,glabrousnes,gland-tipped,globose,greenish,height,history,immature,kayap,lateral,life,line,lobe,lobing,membranaceous,midpoint,minutely,moderately,na,nearly,new,number,obtuse,ovary,ovate,ovate-elliptic,peduncle,per,plant,primary,puberulent,purple,radiu,rarely,ray,rotate-stellate,rugose-verrucate,sagittate,seed,short,side,size,smith,sparsely,stigma,strongly,style,subcordate,tapered,terminal,thicknes,triangular,truncate,tube,value,variation,vein,width,x,±							0.5-0.9,3.5-4.0,absent,appressed,articulation,basal,berry,bract,branching,breeding,broad-based,cell,connective,cordate,difoliate,discrete,distinct,eglandular,enlarged,flat,fleshy,fully,glandular,hermaphroditic,heteromorphism,inflated,insertion,internodal,interpetalar,leathery,lower,marking,mature,membranous,modification,monochasial,multicellular,needle-like,non-geminate,none,odour,orange,orientation,ovoid,paired,pattern,placement,pore,position,present,radially,rhizome,rotate,round,rounded,scale,simple-entire,smell,spot,staman,stellate,stone,structure,swollen,symmetric,symmetry,sympodial,system,tapered-lanceolate,tissue,trichome,trifoliate,tuber,unit,vegetative,winged,xylopodia,zygomorphy	36.0	110.0	78.0	anther,apex,base,calyx,colour,corolla,cuneate,filament,form,fruit,fruiting,green,growth,hair,herb,inflorescence,interjected,leaf,leaflet,length,margin,mm,pedicel,petiole,prickle,pseudostipule,red,shape,shrub,simple,stem,surface,texture,type,unbranched,white	.5,.5-1,0.2-0.5,0.5-1,0.5-7,1,1-1.5,1-2,1.3-7,1.5,1.5-2,2-4,2.5-17,2.5-4,3-15,3-7,3.5-4,337,4-8,5,5-8,6-12,7-12,750,?,acuminate,arrangement,bark,blue,branch,brown,bud,characteristic,chartaceous,cm,corrugation,deltate,diameter,distal,distally,drying,entire,et,except,exertion,extra-axillary,fide,finger,flattened,flower,glabrous,glabrousnes,gland-tipped,globose,greenish,height,history,immature,kayap,lateral,life,line,lobe,lobing,membranaceous,midpoint,minutely,moderately,na,nearly,new,number,obtuse,ovary,ovate,ovate-elliptic,peduncle,per,plant,primary,puberulent,purple,radiu,rarely,ray,rotate-stellate,rugose-verrucate,sagittate,seed,short,side,size,smith,sparsely,stigma,strongly,style,subcordate,tapered,terminal,thicknes,triangular,truncate,tube,value,variation,vein,width,x,±	0.5-0.9,3.5-4.0,absent,appressed,articulation,basal,berry,bract,branching,breeding,broad-based,cell,connective,cordate,difoliate,discrete,distinct,eglandular,enlarged,flat,fleshy,fully,glandular,hermaphroditic,heteromorphism,inflated,insertion,internodal,interpetalar,leathery,lower,marking,mature,membranous,modification,monochasial,multicellular,needle-like,non-geminate,none,odour,orange,orientation,ovoid,paired,pattern,placement,pore,position,present,radially,rhizome,rotate,round,rounded,scale,simple-entire,smell,spot,staman,stellate,stone,structure,swollen,symmetric,symmetry,sympodial,system,tapered-lanceolate,tissue,trichome,trifoliate,tuber,unit,vegetative,winged,xylopodia,zygomorphy
328	wfo-0001029646	success	37	39	8	34	87	85	anther,apex,base,branch,calyx,colour,corolla,distal,filament,form,fruit,fruiting,green,growth,inflorescence,interjected,leaf,leaflet,length,margin,mm,monochasial,pedicel,petiole,prickle,pseudostipule,shape,simple,stem,surface,terminal,texture,type,white	0.1-0.6,0.5-0.8,0.7-2.2,1-4,1.5-2,1.5-4.9,10-15,2-3,3-14,4-5.5,5-15,6-8,acuminate,acute,apical,apically,appearance,arrangement,articulate,attenuate,bark,border,branched,bud,characteristic,cm,corrugation,cyme,dehiscent,diameter,dichasial,dichasially,drying,ebracteate,elliptic,epiphytic,exertion,finely,giving,glabrousnes,globose,green-white,height,herbaceous,history,introrse,lateral,life,lobe,lobing,long,maturing,midpoint,mucilaginous,na,narrowly,new,number,often,ovary,ovate,ovoid,peduncle,per,perennial,plant,poricidally,primary,pubescent,ray,seed,short,size,slit,stigma,style,thicknes,throughout,tone,tube,variation,vein,violet,wet,wide,width,yellow-green							1.0-4.0,1/2,1/4-1/2,4.0-5.5,absent,appressed,articulation,basal,berry,blue,bract,branching,breeding,broad-based,cell,connective,cordate,distinct,eglandular,elliptic-oblong,elongating,enlarged,epiphyte,flat,fleshy,fork,forked,fully,hair,hemiepiphyte,herb,hermaphroditic,heteromorphism,inflated,insertion,interpetalar,leathery,lilac,lower,marking,mature,membranous,modification,multi-branched,multicellular,needle-like,none,odour,orientation,paired,pattern,pink,placement,plurifoliate,pore,position,present,present-pair,purple,radially,rhizome,round,rounded,scale,simple-entire,smell,spot,staman,stellate,stone,structure,swollen,symmetric,symmetry,sympodial,system,tissue,trichome,trifoliate,tuber,unit,vegetative,xylopodia,yellow,zygomorphy	5.0	52.0	114.0	green,mm,monochasial,simple,white	0.1-0.6,0.5-0.8,0.7-2.2,1-4,1.5-2,1.5-4.9,10-15,2-3,3-14,4-5.5,5-15,6-8,acuminate,acute,apical,apically,articulate,attenuate,branched,cm,cyme,dehiscent,diameter,dichasial,dichasially,ebracteate,elliptic,epiphytic,finely,globose,green-white,herbaceous,introrse,long,maturing,mucilaginous,na,narrowly,often,ovate,ovoid,perennial,poricidally,pubescent,short,slit,throughout,tone,violet,wet,wide,yellow-green	1.0-4.0,1/2,1/4-1/2,4.0-5.5,absent,anther,apex,appressed,articulation,basal,base,berry,blue,bract,branch,branching,breeding,broad-based,calyx,cell,colour,connective,cordate,corolla,distal,distinct,eglandular,elliptic-oblong,elongating,enlarged,epiphyte,filament,flat,fleshy,fork,forked,form,fruit,fruiting,fully,growth,hair,hemiepiphyte,herb,hermaphroditic,heteromorphism,inflated,inflorescence,insertion,interjected,interpetalar,leaf,leaflet,leathery,length,lilac,lower,margin,marking,mature,membranous,modification,multi-branched,multicellular,needle-like,none,odour,orientation,paired,pattern,pedicel,petiole,pink,placement,plurifoliate,pore,position,present,present-pair,prickle,pseudostipule,purple,radially,rhizome,round,rounded,scale,shape,simple-entire,smell,spot,staman,stellate,stem,stone,structure,surface,swollen,symmetric,symmetry,sympodial,system,terminal,texture,tissue,trichome,trifoliate,tuber,type,unit,vegetative,xylopodia,yellow,zygomorphy
329	wfo-0001029652	invalid_json_followup	NA	38	NA	33	98	70	anther,apex,base,berry,calyx,colour,corolla,filament,form,fruit,fruiting,green,growth,inflorescence,interjected,leaf,leaflet,length,margin,mm,pedicel,petiole,prickle,pseudostipule,shape,shrub,simple,stem,surface,texture,trichome,type,white	.5,0.5-4,0.75-1,0.8-1,1-3,1.5-2,2-2.5,2-4,2.5-3,3.5-4,3/4,4-4.5,6-15,7-9,abaxially,adaxially,along,alternate,appearance,arrangement,attenuate,bark,branch,bud,characteristic,cm,conical,corrugation,curling,deflexed,diameter,distal,drying,elliptic-ovate,exertion,exserted,filiform,giving,glabrous,glabrousnes,globose,golden,golden-red,greenish-white,height,hispid,history,lateral,life,lobe,lobing,long,long-acuminate,long-styled,main,midpoint,minute,minutely,na,narrowly,near,new,number,occasionally,ovary,ovoid-reniform,pair,pale,papillose,peduncle,per,pitted,plant,primary,pubescent,ray,reddish-brown,seed,shaped,short-styled,size,slender,stigma,style,tan,tear-drop,terminal,thicknes,tip,tube,undulate,uniseriate,value,variation,vein,way,width,x							0.5,2.5-3.0,absent,acute,appressed,articulation,basal,bract,branching,breeding,broad-based,cell,connective,cuneate,difoliate,discrete,distinct,eglandular,elliptic-oblong,enlarged,flat,fleshy,geminate,hair,heteromorphism,inflated,insertion,interpetalar,leaf-opposed,leathery,lower,marking,mature,membranous,modification,monochasial,multicellular,needle-like,none,odour,orientation,paired,pattern,placement,pore,position,present,radially,rhizome,round,scale,simple-entire,smell,spot,staman,stellate,stone,structure,swollen,symmetric,symmetry,sympodial,system,tissue,tuber,unbranched,unit,vegetative,xylopodia,zygomorphy	33.0	98.0	70.0	anther,apex,base,berry,calyx,colour,corolla,filament,form,fruit,fruiting,green,growth,inflorescence,interjected,leaf,leaflet,length,margin,mm,pedicel,petiole,prickle,pseudostipule,shape,shrub,simple,stem,surface,texture,trichome,type,white	.5,0.5-4,0.75-1,0.8-1,1-3,1.5-2,2-2.5,2-4,2.5-3,3.5-4,3/4,4-4.5,6-15,7-9,abaxially,adaxially,along,alternate,appearance,arrangement,attenuate,bark,branch,bud,characteristic,cm,conical,corrugation,curling,deflexed,diameter,distal,drying,elliptic-ovate,exertion,exserted,filiform,giving,glabrous,glabrousnes,globose,golden,golden-red,greenish-white,height,hispid,history,lateral,life,lobe,lobing,long,long-acuminate,long-styled,main,midpoint,minute,minutely,na,narrowly,near,new,number,occasionally,ovary,ovoid-reniform,pair,pale,papillose,peduncle,per,pitted,plant,primary,pubescent,ray,reddish-brown,seed,shaped,short-styled,size,slender,stigma,style,tan,tear-drop,terminal,thicknes,tip,tube,undulate,uniseriate,value,variation,vein,way,width,x	0.5,2.5-3.0,absent,acute,appressed,articulation,basal,bract,branching,breeding,broad-based,cell,connective,cuneate,difoliate,discrete,distinct,eglandular,elliptic-oblong,enlarged,flat,fleshy,geminate,hair,heteromorphism,inflated,insertion,interpetalar,leaf-opposed,leathery,lower,marking,mature,membranous,modification,monochasial,multicellular,needle-like,none,odour,orientation,paired,pattern,placement,pore,position,present,radially,rhizome,round,scale,simple-entire,smell,spot,staman,stellate,stone,structure,swollen,symmetric,symmetry,sympodial,system,tissue,tuber,unbranched,unit,vegetative,xylopodia,zygomorphy
330	wfo-0001029673	invalid_json_followup	NA	37	NA	39	98	70	absent,acute,anther,apex,base,berry,black,branch,calyx,colour,corolla,dendritic,filament,fork,form,fruit,fruiting,growth,inflorescence,interjected,leaf,leaflet,length,margin,mm,pedicel,petiole,pore,prickle,pseudostipule,purple,shape,shrub,stem,surface,terminal,texture,trichome,type	.5,0.5-1,0.7-1.1,0.8-1,1-10,1-2,1.2-3.5,1.5-1.8,1.5-2,10-20,2-2.5,2.5,3-5,3/4,4-6,5.5-15,accrescent,acuminate,age,alternate,anthesi,appearance,appearing,arrangement,bark,becoming,bud,characteristic,clavate,cm,conical,corrugation,deep,densely,diameter,distal,drying,elliptic,exertion,exserted,giving,glabrous,glabrousnes,globose,green,greyish,greyish-yellow,height,history,later,lateral,lenticular,life,lobe,lobing,midpoint,minutely,na,narrowly,new,nodding,number,occasionally,ovary,overtopping,pair,peduncle,per,perennial,pitted,planar,plant,poricidal,primary,pubescent,ray,reddish-brown,reflexed,secondary,seed,shoot,size,slightly,slit-like,somewhat,sparsely,stigma,strongly,style,thicknes,tip,tube,value,variation,vein,violet,width,x							0.5-1.0,2.0-2.5,appressed,articulation,basal,blue,bract,branched,branching,breeding,broad-based,cell,connective,cup-shaped,dichasial,distinct,elliptic-oblong,elongating,enlarged,fleshy,forked,fully,hair,hermaphroditic,heteromorphism,inflated,insertion,interpetalar,leathery,lilac,lower,marking,mature,membranous,modification,monochasial,multi-branched,needle-like,none,odour,orientation,paired,pattern,pink,placement,plurifoliate,position,present,radially,rhizome,scale,simple-entire,smell,spot,staman,stellate,stone,structure,swollen,symmetric,symmetry,sympodial,system,tissue,tree,tuber,unit,vegetative,xylopodia,zygomorphy	39.0	98.0	70.0	absent,acute,anther,apex,base,berry,black,branch,calyx,colour,corolla,dendritic,filament,fork,form,fruit,fruiting,growth,inflorescence,interjected,leaf,leaflet,length,margin,mm,pedicel,petiole,pore,prickle,pseudostipule,purple,shape,shrub,stem,surface,terminal,texture,trichome,type	.5,0.5-1,0.7-1.1,0.8-1,1-10,1-2,1.2-3.5,1.5-1.8,1.5-2,10-20,2-2.5,2.5,3-5,3/4,4-6,5.5-15,accrescent,acuminate,age,alternate,anthesi,appearance,appearing,arrangement,bark,becoming,bud,characteristic,clavate,cm,conical,corrugation,deep,densely,diameter,distal,drying,elliptic,exertion,exserted,giving,glabrous,glabrousnes,globose,green,greyish,greyish-yellow,height,history,later,lateral,lenticular,life,lobe,lobing,midpoint,minutely,na,narrowly,new,nodding,number,occasionally,ovary,overtopping,pair,peduncle,per,perennial,pitted,planar,plant,poricidal,primary,pubescent,ray,reddish-brown,reflexed,secondary,seed,shoot,size,slightly,slit-like,somewhat,sparsely,stigma,strongly,style,thicknes,tip,tube,value,variation,vein,violet,width,x	0.5-1.0,2.0-2.5,appressed,articulation,basal,blue,bract,branched,branching,breeding,broad-based,cell,connective,cup-shaped,dichasial,distinct,elliptic-oblong,elongating,enlarged,fleshy,forked,fully,hair,hermaphroditic,heteromorphism,inflated,insertion,interpetalar,leathery,lilac,lower,marking,mature,membranous,modification,monochasial,multi-branched,needle-like,none,odour,orientation,paired,pattern,pink,placement,plurifoliate,position,present,radially,rhizome,scale,simple-entire,smell,spot,staman,stellate,stone,structure,swollen,symmetric,symmetry,sympodial,system,tissue,tree,tuber,unit,vegetative,xylopodia,zygomorphy
331	wfo-0001029680	invalid_json_followup	NA	39	NA	38	114	79	anther,apex,base,blue,calyx,colour,corolla,filament,fleshy,form,fruit,fruiting,growth,hair,herb,inflorescence,interjected,leaf,leaflet,length,margin,mm,multicellular,pedicel,petiole,prickle,pseudostipule,purple,red,shape,simple,stem,surface,terminal,texture,type,white,winged	0.1,0.5–1.5,0.6,0.6–1.2,0.6–2.0,1.0–1.1,1.0–1.5,1.1–1.2,1.4–7.5,1.7–7,1.8–3.8,11–16,11–25,12,1–2,2.2,3.0–4.2,3–6,4.0–16,4.0–6.5,4.5–20,4.5–7.0,50,5–11,8–32,acute,annual,anthesi,arrangement,axillary,becoming,bipinnate,borne,branched,brown,bud,characteristic,clavate,cm,connivent,corrugation,decurrent,diameter,distal,divided,drying,equal,exertion,flattened,flower,glabrous,glabrousnes,globose,green,height,history,indistinct,lateral,life,light,lobe,lobing,long,midpoint,moderately,na,new,number,oblong,obovate,obtuse,ovary,ovate,pair,pale,peduncle,per,pinnae,pinnate,pitted,plant,poricidal,primary,pubescent,rarely,ray,ripe,seed,shallowly,shoot,size,sometimes,sparsely,stigma,style,thicknes,time,tip,tripinnate,tube,turning,uniseriate,value,variation,vein,violet,width,woody,x,yellow,–10,–12.5,–19,–3							1.0-1.5,3.0-4.2,absent,appressed,articulation,attenuate,basal,berry,bract,branch,branching,breeding,broad-based,cell,compound-entire,compound-lobed,connective,difoliate,eglandular,elliptic-oblong,elongating,enlarged,flat,fork,forked,fully,hermaphroditic,heteromorphism,inflated,insertion,interpetalar,leathery,lilac,lower,marking,mature,modification,monochasial,multi-branched,near-basal,needle-like,non-geminate,none,odour,orange,orientation,paired,pattern,pink,pinnatifid,placement,plurifoliate,pore,position,present,radially,rhizome,rotate,round,scale,simple-pinnatifid,smell,spot,staman,stellate,stone,structure,swollen,symmetric,symmetry,sympodial,system,tissue,trichome,tuber,unit,vegetative,xylopodia,zygomorphy	38.0	114.0	79.0	anther,apex,base,blue,calyx,colour,corolla,filament,fleshy,form,fruit,fruiting,growth,hair,herb,inflorescence,interjected,leaf,leaflet,length,margin,mm,multicellular,pedicel,petiole,prickle,pseudostipule,purple,red,shape,simple,stem,surface,terminal,texture,type,white,winged	0.1,0.5–1.5,0.6,0.6–1.2,0.6–2.0,1.0–1.1,1.0–1.5,1.1–1.2,1.4–7.5,1.7–7,1.8–3.8,11–16,11–25,12,1–2,2.2,3.0–4.2,3–6,4.0–16,4.0–6.5,4.5–20,4.5–7.0,50,5–11,8–32,acute,annual,anthesi,arrangement,axillary,becoming,bipinnate,borne,branched,brown,bud,characteristic,clavate,cm,connivent,corrugation,decurrent,diameter,distal,divided,drying,equal,exertion,flattened,flower,glabrous,glabrousnes,globose,green,height,history,indistinct,lateral,life,light,lobe,lobing,long,midpoint,moderately,na,new,number,oblong,obovate,obtuse,ovary,ovate,pair,pale,peduncle,per,pinnae,pinnate,pitted,plant,poricidal,primary,pubescent,rarely,ray,ripe,seed,shallowly,shoot,size,sometimes,sparsely,stigma,style,thicknes,time,tip,tripinnate,tube,turning,uniseriate,value,variation,vein,violet,width,woody,x,yellow,–10,–12.5,–19,–3	1.0-1.5,3.0-4.2,absent,appressed,articulation,attenuate,basal,berry,bract,branch,branching,breeding,broad-based,cell,compound-entire,compound-lobed,connective,difoliate,eglandular,elliptic-oblong,elongating,enlarged,flat,fork,forked,fully,hermaphroditic,heteromorphism,inflated,insertion,interpetalar,leathery,lilac,lower,marking,mature,modification,monochasial,multi-branched,near-basal,needle-like,non-geminate,none,odour,orange,orientation,paired,pattern,pink,pinnatifid,placement,plurifoliate,pore,position,present,radially,rhizome,rotate,round,scale,simple-pinnatifid,smell,spot,staman,stellate,stone,structure,swollen,symmetric,symmetry,sympodial,system,tissue,trichome,tuber,unit,vegetative,xylopodia,zygomorphy
332	wfo-0001029704	success	40	39	7	34	85	78	anther,apex,base,berry,blue,calyx,colour,corolla,cuneate,ellipsoid,filament,form,fruit,fruiting,green,growth,inflorescence,leaf,length,margin,mm,pedicel,petiole,plurifoliate,purple,shape,shrub,simple,stem,surface,texture,trichome,type,white	0-1.5,1.5,1.5-2.5,1.5-3,1000-1200,15-25,2-2.5,2-3,2-5,3-4-celled,3-5,4,5,7-10,9-20,acuminate,acute,along,arrangement,bark,branch,broadly,brown,bud,characteristic,cm,composed,conical,corrugation,dark,deeply,dia,diameter,drying,exertion,extra-axillary,few-flowered,flower,fork,glabrous,glabrousnes,globose,halfway,height,history,less,life,lobing,minute,minutely,mottled,na,new,number,obovate,obovoid,occasionally,one,ovary,peduncle,per,perennial,pinnatisect,plant,poricidal,primary,pubescent,record,reddish,reticulate,seed,single,size,stigma,stout,striped,style,subdiscoidal,subglobose,tip,tube,variously,vein,x,ye							3.0-5.0,5.0,absent,appressed,articulation,basal,bract,branching,breeding,broad-based,cell,connective,dichasial,distinct,elliptic-oblong,elongating,enlarged,flat,fleshy,fully,glandular,hair,hermaphroditic,heteromorphism,inflated,insertion,interjected,internodal,interpetalar,leaflet,leathery,lilac,lower,marking,mature,membranous,modification,monochasial,multicellular,needle-like,none,odour,orientation,paired,pattern,pink,placement,pore,position,present,prickle,pseudostipule,radially,rhizome,round,scale,simple-entire,simple-lobed,simple-pinnatifid,smell,spot,staman,stellate,stone,structure,swollen,symmetric,symmetry,sympodial,system,tissue,tuber,unbranched,unit,vegetative,winged,xylopodia,zygomorphy	14.0	60.0	98.0	base,berry,blue,cuneate,ellipsoid,green,mm,plurifoliate,purple,shrub,simple,surface,trichome,white	0-1.5,1.5,1.5-2.5,1.5-3,1000-1200,15-25,2-2.5,2-3,2-5,3-4-celled,3-5,4,5,7-10,9-20,acuminate,acute,along,branch,broadly,brown,cm,composed,conical,dark,deeply,dia,extra-axillary,few-flowered,flower,fork,glabrous,globose,halfway,less,minute,minutely,mottled,na,obovate,obovoid,occasionally,one,perennial,pinnatisect,poricidal,pubescent,record,reddish,reticulate,single,stout,striped,subdiscoidal,subglobose,tip,variously,vein,x,ye	3.0-5.0,5.0,absent,anther,apex,appressed,articulation,basal,bract,branching,breeding,broad-based,calyx,cell,colour,connective,corolla,dichasial,distinct,elliptic-oblong,elongating,enlarged,filament,flat,fleshy,form,fruit,fruiting,fully,glandular,growth,hair,hermaphroditic,heteromorphism,inflated,inflorescence,insertion,interjected,internodal,interpetalar,leaf,leaflet,leathery,length,lilac,lower,margin,marking,mature,membranous,modification,monochasial,multicellular,needle-like,none,odour,orientation,paired,pattern,pedicel,petiole,pink,placement,pore,position,present,prickle,pseudostipule,radially,rhizome,round,scale,shape,simple-entire,simple-lobed,simple-pinnatifid,smell,spot,staman,stellate,stem,stone,structure,swollen,symmetric,symmetry,sympodial,system,texture,tissue,tuber,type,unbranched,unit,vegetative,winged,xylopodia,zygomorphy
333	wfo-0001029727	invalid_json_followup	NA	44	NA	37	104	88	0.7-0.9,anther,apex,base,berry,branch,calyx,colour,cordate,corolla,filament,form,fruit,fruiting,growth,inflorescence,interjected,leaf,leaflet,length,margin,mm,pedicel,petiole,prickle,pseudostipule,rounded,shape,shrub,stellate,stem,straight,surface,terminal,texture,trichome,type	-3,/3,0-30,0-4,0.1-5,0.15-0.2,0.15-0.3,0.4-1,1,1-1.2,1-4,1.5-5.5-10,1.6-3,1/3-1/2,2.5-3.2,2.8-4,3-11,3-6,3-7,5.5-7,acuminate,acute,anthesi,apart,apparently,appearance,arrangement,articulated,bark,brown,bud,characteristic,chartaceous,clavate,climber,cm,colourles,corrugation,cupular,curved,densely,diameter,distal,drying,erect,exertion,finely,flattened-reniform,giving,glabrous,glabrousnes,height,history,lateral,less,life,lobe,lobed,lobing,long,mauve,midpoint,na,new,number,obconical,oblong,occasional,orange-brown,ovary,ovate,pair,papillose,peduncle,per,perennial,pitted,plant,poricidal,prickly,primary,ray,red-brown,reddish,seed,shallowly,simple,size,smooth,spaced,stellate-pubescent,stigma,style,subentire,tapering,thicknes,tip,tube,value,variation,vein,wide,width,yellowish							4.5-7.0,absent,acicular,appressed,articulation,basal,blue,bract,branching,breeding,bristle,broad-based,cell,connective,dichasial,difoliate,discrete,distinct,eglandular,enlarged,flat,fleshy,fork,fully,geminate,hair,hermaphroditic,heteromorphism,inflated,insertion,internodal,interpetalar,leathery,lilac,lower,marking,mature,membranous,modification,needle-like,none,odour,orange,orientation,paired,pattern,pink,placement,plurifoliate,pore,position,present,present-inflorescence,present-leaf,present-stem,purple,radially,random,recurved,red,rhizome,round,scale,simple-entire,simple-lobed,simple-toothed,smell,spot,spreading,staman,stone,straw-like,structure,swollen,symmetric,symmetry,sympodial,system,tapered-lanceolate,thick,tissue,triangular,tuber,unbranched,unit,vegetative,xylopodia,zygomorphy	37.0	104.0	88.0	0.7-0.9,anther,apex,base,berry,branch,calyx,colour,cordate,corolla,filament,form,fruit,fruiting,growth,inflorescence,interjected,leaf,leaflet,length,margin,mm,pedicel,petiole,prickle,pseudostipule,rounded,shape,shrub,stellate,stem,straight,surface,terminal,texture,trichome,type	-3,/3,0-30,0-4,0.1-5,0.15-0.2,0.15-0.3,0.4-1,1,1-1.2,1-4,1.5-5.5-10,1.6-3,1/3-1/2,2.5-3.2,2.8-4,3-11,3-6,3-7,5.5-7,acuminate,acute,anthesi,apart,apparently,appearance,arrangement,articulated,bark,brown,bud,characteristic,chartaceous,clavate,climber,cm,colourles,corrugation,cupular,curved,densely,diameter,distal,drying,erect,exertion,finely,flattened-reniform,giving,glabrous,glabrousnes,height,history,lateral,less,life,lobe,lobed,lobing,long,mauve,midpoint,na,new,number,obconical,oblong,occasional,orange-brown,ovary,ovate,pair,papillose,peduncle,per,perennial,pitted,plant,poricidal,prickly,primary,ray,red-brown,reddish,seed,shallowly,simple,size,smooth,spaced,stellate-pubescent,stigma,style,subentire,tapering,thicknes,tip,tube,value,variation,vein,wide,width,yellowish	4.5-7.0,absent,acicular,appressed,articulation,basal,blue,bract,branching,breeding,bristle,broad-based,cell,connective,dichasial,difoliate,discrete,distinct,eglandular,enlarged,flat,fleshy,fork,fully,geminate,hair,hermaphroditic,heteromorphism,inflated,insertion,internodal,interpetalar,leathery,lilac,lower,marking,mature,membranous,modification,needle-like,none,odour,orange,orientation,paired,pattern,pink,placement,plurifoliate,pore,position,present,present-inflorescence,present-leaf,present-stem,purple,radially,random,recurved,red,rhizome,round,scale,simple-entire,simple-lobed,simple-toothed,smell,spot,spreading,staman,stone,straw-like,structure,swollen,symmetric,symmetry,sympodial,system,tapered-lanceolate,thick,tissue,triangular,tuber,unbranched,unit,vegetative,xylopodia,zygomorphy
334	wfo-0001029731	success	40	39	7	39	118	75	1.5,acute,anther,apex,base,berry,black,branch,branching,calyx,colour,coriaceous,corolla,epiphyte,filament,form,fruit,fruiting,growth,inflorescence,interjected,leaf,leaflet,length,margin,mm,pedicel,petiole,prickle,pseudostipule,rounded,shape,stem,surface,terminal,texture,type,white,winged	.5,.6,1-2,1-2.5,1.5-2.5,10-20,2-3,2.5,2.5-4.5,3-4,31,4,4-9,6,6-7,7-11,8-9,abaxially,acuminate,adaxially,almost,along,apically,appearance,arrangement,bark,basally,beak,border,branched,brown,bud,characteristic,clavate,cm,concolorous,conical,corrugation,crinkled,cuneate,diameter,dilated,distal,distributed,drying,dull,elliptic,entire,erect,evenly,exertion,exserted,flaring,giving,glabrous,glabrousnes,ground,height,history,lateral,liana,life,like,linear,lobe,lobed,lobing,long,long-ellipsoid,longitudinal,maturity,mauve,midpoint,midvein,na,new,number,obconical,oblong,obovate,orange-brown,ovary,peduncle,pendulous,per,plant,primary,pyriform,raised,ray,revolute,ribbed,ridge,ridged,seed,several,size,slender,smooth,sometimes,sparsely,stigma,stretched,style,succulent,sunk,thick,thicknes,toward,tube,variation,vein,wide,widely,width,x,yellow,yellow-green							7.0,absent,appressed,articulation,blue,bract,breeding,broad-based,cell,connective,discrete,ellipsoid,elliptic-oblong,enlarged,flat,fork,forked,fully,green,hair,hard,hemiepiphyte,hermaphroditic,heteromorphism,inflated,insertion,interpetalar,lilac,lower,marking,mature,modification,monochasial,near-basal,needle-like,none,odour,orange,orientation,ovoid,paired,pattern,pink,placement,plurifoliate,pore,position,purple,radially,red,rhizome,round,scale,simple-entire,smell,spot,staman,stellate,stone,structure,swollen,symmetric,symmetry,sympodial,system,tissue,trichome,tuber,unbranched,unit,vegetative,vine,woody,xylopodia,zygomorphy	17.0	85.0	97.0	1.5,acute,apex,base,berry,black,branch,branching,calyx,coriaceous,corolla,epiphyte,mm,rounded,terminal,white,winged	.5,.6,1-2,1-2.5,1.5-2.5,10-20,2-3,2.5,2.5-4.5,3-4,31,4,4-9,6,6-7,7-11,8-9,abaxially,acuminate,adaxially,almost,along,apically,basally,beak,branched,brown,clavate,cm,concolorous,conical,crinkled,cuneate,diameter,dilated,distributed,drying,dull,elliptic,entire,erect,evenly,exserted,flaring,glabrous,ground,lateral,liana,like,linear,lobed,long,long-ellipsoid,longitudinal,maturity,mauve,midvein,na,obconical,oblong,obovate,orange-brown,pendulous,pyriform,raised,revolute,ribbed,ridge,ridged,several,slender,smooth,sometimes,sparsely,stretched,succulent,sunk,thick,toward,tube,wide,widely,x,yellow,yellow-green	7.0,absent,anther,appressed,articulation,blue,bract,breeding,broad-based,cell,colour,connective,discrete,ellipsoid,elliptic-oblong,enlarged,filament,flat,fork,forked,form,fruit,fruiting,fully,green,growth,hair,hard,hemiepiphyte,hermaphroditic,heteromorphism,inflated,inflorescence,insertion,interjected,interpetalar,leaf,leaflet,length,lilac,lower,margin,marking,mature,modification,monochasial,near-basal,needle-like,none,odour,orange,orientation,ovoid,paired,pattern,pedicel,petiole,pink,placement,plurifoliate,pore,position,prickle,pseudostipule,purple,radially,red,rhizome,round,scale,shape,simple-entire,smell,spot,staman,stellate,stem,stone,structure,surface,swollen,symmetric,symmetry,sympodial,system,texture,tissue,trichome,tuber,type,unbranched,unit,vegetative,vine,woody,xylopodia,zygomorphy
335	wfo-0001029741	success	34	38	7	30	84	70	acute,anther,apex,base,berry,calyx,colour,corolla,filament,form,fruit,fruiting,green,growth,inflorescence,leaf,length,margin,mm,pedicel,petiole,pore,shape,shrub,stem,surface,texture,tree,type,white	.4,.5,0.9-1.2,1-3.5,1.1-1.3,1.5-4,1.5-6,10-50-flowered,2-2.5,2.5-7.8,3,9.5-22.5,?,age,arrangement,attenuate,bark,becoming,black,branch,bud,capitate,characteristic,cm,completely,corrugation,dark,dia,diameter,dry,drying,early,elliptic,exertion,exserted,furcate,glabrous,glabrousnes,globose,height,history,lateral,lenticellate,life,lighter,lobed,lobing,long,main,minutely,na,nearly,new,number,opposite,ovary,ovate,pair,papillose,peduncle,per,plant,poricidal,primary,prominent,quite,raised,reddish-brown,seed,shaped,size,slender,stigma,straight,style,tapering,tear-drop,tip,tube,usually,variable,vein,weak,x							1.0,3.5,absent,appressed,articulation,basal,bract,branching,breeding,broad-based,cell,connective,difoliate,discrete,distinct,elliptic-oblong,enlarged,flat,fleshy,forked,geminate,hair,heteromorphism,inflated,insertion,interjected,interpetalar,leaf-opposed,leaflet,leathery,lower,marking,mature,membranous,modification,monochasial,needle-like,none,odour,orientation,paired,pattern,placement,position,present,prickle,pseudostipule,radially,rhizome,round,scale,simple-entire,smell,spot,staman,stellate,stone,structure,swollen,symmetric,symmetry,sympodial,system,tissue,trichome,tuber,unit,vegetative,xylopodia,zygomorphy	11.0	60.0	89.0	acute,base,berry,calyx,green,leaf,mm,pore,shrub,tree,white	.4,.5,0.9-1.2,1-3.5,1.1-1.3,1.5-4,1.5-6,10-50-flowered,2-2.5,2.5-7.8,3,9.5-22.5,?,age,attenuate,becoming,black,capitate,cm,completely,dark,dia,dry,drying,early,elliptic,exserted,furcate,glabrous,globose,lateral,lenticellate,lighter,lobed,long,main,minutely,na,nearly,opposite,ovate,pair,papillose,poricidal,prominent,quite,raised,reddish-brown,shaped,slender,straight,tapering,tear-drop,tip,tube,usually,variable,vein,weak,x	1.0,3.5,absent,anther,apex,appressed,articulation,basal,bract,branching,breeding,broad-based,cell,colour,connective,corolla,difoliate,discrete,distinct,elliptic-oblong,enlarged,filament,flat,fleshy,forked,form,fruit,fruiting,geminate,growth,hair,heteromorphism,inflated,inflorescence,insertion,interjected,interpetalar,leaf-opposed,leaflet,leathery,length,lower,margin,marking,mature,membranous,modification,monochasial,needle-like,none,odour,orientation,paired,pattern,pedicel,petiole,placement,position,present,prickle,pseudostipule,radially,rhizome,round,scale,shape,simple-entire,smell,spot,staman,stellate,stem,stone,structure,surface,swollen,symmetric,symmetry,sympodial,system,texture,tissue,trichome,tuber,type,unit,vegetative,xylopodia,zygomorphy
336	wfo-0001029744	success	26	34	3	32	85	67	acute,anther,apex,base,calyx,colour,corolla,difoliate,filament,form,fruit,fruiting,geminate,growth,inflorescence,interjected,leaf,leaflet,length,margin,pedicel,petiole,prickle,pseudostipule,shape,shrub,stem,surface,texture,type,unifoliate,white	0.3-0.6,1.5-3.2,2,5-8,50,7-15,8-10-flowered,8-11,abaxially,adaxially,appearance,arrangement,bark,blunt,border,branch,brown,bud,characteristic,cm,corrugation,deltate,densely,diameter,distal,drying,elliptic,entire,exertion,extreme,flattened,giving,glabrescent,glabrous,glabrousnes,golden,height,history,lanceolate,lateral,life,lobe,lobing,long-acuminate,midpoint,minutely,mm,na,narrowly,new,number,oblanceolate,oblique,occasionally,older,ovary,ovoid-reniform,pair,pale,peduncle,per,pitted,plant,primary,pubescent,ray,revolute,seed,simple,size,slightly,small,sometimes,somewhat,stigma,style,terminal,thicknes,tip,tube,variation,vein,width,x,young							absent,appressed,articulation,asymmetric,basal,berry,bract,branched,branching,breeding,broad-based,cell,connective,dendritic,distinct,elliptic-oblong,enlarged,flat,fleshy,green,hair,heteromorphism,inflated,insertion,interpetalar,leaf-opposed,leathery,lower,marking,mature,membranous,modification,monochasial,needle-like,none,odour,orientation,paired,pattern,placement,pore,position,present,radially,rhizome,round,scale,simple-entire,smell,spot,staman,stellate,stone,structure,swollen,symmetric,symmetry,sympodial,system,tissue,trichome,tuber,unbranched,unit,vegetative,xylopodia,zygomorphy	8.0	46.0	91.0	acute,difoliate,geminate,leaf,shrub,stem,unifoliate,white	0.3-0.6,1.5-3.2,2,5-8,50,7-15,8-10-flowered,8-11,abaxially,adaxially,blunt,brown,cm,deltate,densely,elliptic,entire,extreme,flattened,glabrescent,glabrous,golden,lanceolate,long-acuminate,minutely,mm,na,narrowly,oblanceolate,oblique,occasionally,older,ovoid-reniform,pair,pale,pitted,pubescent,revolute,simple,slightly,small,sometimes,somewhat,tip,x,young	absent,anther,apex,appressed,articulation,asymmetric,basal,base,berry,bract,branched,branching,breeding,broad-based,calyx,cell,colour,connective,corolla,dendritic,distinct,elliptic-oblong,enlarged,filament,flat,fleshy,form,fruit,fruiting,green,growth,hair,heteromorphism,inflated,inflorescence,insertion,interjected,interpetalar,leaf-opposed,leaflet,leathery,length,lower,margin,marking,mature,membranous,modification,monochasial,needle-like,none,odour,orientation,paired,pattern,pedicel,petiole,placement,pore,position,present,prickle,pseudostipule,radially,rhizome,round,scale,shape,simple-entire,smell,spot,staman,stellate,stone,structure,surface,swollen,symmetric,symmetry,sympodial,system,texture,tissue,trichome,tuber,type,unbranched,unit,vegetative,xylopodia,zygomorphy
337	wfo-0001029746	success	49	40	8	37	98	75	anther,apex,base,berry,calyx,colour,cordate,corolla,filament,fleshy,form,fruit,fruiting,glandular,growth,herb,inflorescence,interjected,internodal,leaf,leaflet,length,margin,mm,orange,pedicel,petiole,prickle,pseudostipule,purple,red,shape,simple,stem,surface,texture,type	0.3-2,0.7-1,1,1-1.3,1-1.5,1.2-1.5,1.5,2-7,3,3-4,4-9,6,8-11,acuminate,acute,appearance,arrangement,bark,border,branch,broadly,brown,bud,capitate,centre,characteristic,cm,conical,corrugation,crenate,cup-shaped,dark,darker,densely,diameter,distal,drying,ellipsoid,elliptic,entire,erect,exerted,exertion,flattened,giving,glabrous,glabrousnes,globose,green,height,heteromorphic,history,hollow,irregularly,lateral,less,life,lobe,lobing,midpoint,minutely,na,narrowly,new,nodding,number,ovary,ovate,ovoid,pair,pale,papillose,peduncle,per,pitted,plant,primary,principal,pubescent,ray,reddish,seed,shallowly,size,slender,somewhat,stigma,strongly,style,subshrub,terminal,thicknes,tube,variation,vein,width,x,–3							1.0,3.0-11.0,absent,appressed,articulation,basal,bilaterally,blue,bract,branching,breeding,broad-based,campanulate,cell,connective,depressed,discrete,distinct,eglandular,elongated,elongating,enlarged,flat,fully,hair,hermaphroditic,heteromorphism,inflated,insertion,interpetalar,leathery,lilac,lower,marking,mature,membranous,modification,monochasial,multicellular,needle-like,none,odour,orientation,paired,pattern,pink,placement,plurifoliate,pore,position,present,rhizome,scale,shrub,simple-entire,smell,spot,staman,stellate,stone,structure,symmetric,symmetry,sympodial,system,tapered-lanceolate,tissue,trichome,trifoliate,tuber,unbranched,unit,vegetative,xylopodia,zygomorphy	14.0	61.0	98.0	berry,calyx,cordate,fleshy,glandular,herb,internodal,leaf,margin,mm,orange,purple,red,simple	0.3-2,0.7-1,1,1-1.3,1-1.5,1.2-1.5,1.5,2-7,3,3-4,4-9,6,8-11,acuminate,acute,broadly,brown,capitate,centre,cm,conical,crenate,cup-shaped,dark,darker,densely,diameter,ellipsoid,elliptic,entire,erect,exerted,flattened,glabrous,globose,green,heteromorphic,hollow,irregularly,less,minutely,na,narrowly,nodding,ovate,ovoid,pair,pale,papillose,pitted,principal,pubescent,reddish,shallowly,slender,somewhat,strongly,subshrub,vein,x,–3	1.0,3.0-11.0,absent,anther,apex,appressed,articulation,basal,base,bilaterally,blue,bract,branching,breeding,broad-based,campanulate,cell,colour,connective,corolla,depressed,discrete,distinct,eglandular,elongated,elongating,enlarged,filament,flat,form,fruit,fruiting,fully,growth,hair,hermaphroditic,heteromorphism,inflated,inflorescence,insertion,interjected,interpetalar,leaflet,leathery,length,lilac,lower,marking,mature,membranous,modification,monochasial,multicellular,needle-like,none,odour,orientation,paired,pattern,pedicel,petiole,pink,placement,plurifoliate,pore,position,present,prickle,pseudostipule,rhizome,scale,shape,shrub,simple-entire,smell,spot,staman,stellate,stem,stone,structure,surface,symmetric,symmetry,sympodial,system,tapered-lanceolate,texture,tissue,trichome,trifoliate,tuber,type,unbranched,unit,vegetative,xylopodia,zygomorphy
338	wfo-0001029769	success	44	38	7	32	100	69	acute,anther,apex,base,berry,calyx,colour,corolla,filament,form,fruit,fruiting,green,growth,inflorescence,leaf,length,margin,mm,pedicel,petiole,shape,shrub,simple,stem,surface,swollen,texture,trichome,type,unifoliate,white	.25,.5,1-1.2,1-3,1.5-2,2.5-3,2.5-8,3.5-4,30-60-flowered,4,5-8,6-17,7-8,8-9,8.5-17,abaxially,acuminate,adaxially,along,anthesi,arching,arrangement,bark,bearing,branch,brochidodromu,brown,bud,capitate,characteristic,cm,conical,corrugation,curl-tipped,cyathiform,dark,densely,dia,diameter,drying,elliptic,exertion,exserted,filiform,flower,fresh,glabrous,glabrousnes,globose,golden,height,hen,history,horizontally,lateral,less,life,lobe,lobed,lobing,long,main,midrib,minutely,na,nearly,new,onto,ovary,ovoid-reniform,pair,peduncle,perennial,pitted,plant,primary,puberulent,pubescent,reflexed,ried,scattered,seed,shaped,size,smooth,somewhat,sparsely,stigma,style,tear-drop,three,time,tip,tube,two,uniseriate,vein,wide,winged,x							0.5,1.5-2.5,absent,appressed,articulation,basal,bract,branching,breeding,broad-based,cell,connective,discrete,distinct,eglandular,elliptic-oblong,enlarged,flat,fleshy,hair,heteromorphism,inflated,insertion,interjected,internodal,interpetalar,leaf-opposed,leaflet,leathery,lower,marking,mature,membranous,modification,monochasial,multicellular,needle-like,none,odour,orientation,paired,pattern,placement,pore,position,prickle,pseudostipule,radially,rhizome,round,scale,simple-entire,smell,spot,staman,stellate,stone,structure,symmetric,symmetry,sympodial,system,tissue,tuber,unbranched,unit,vegetative,xylopodia,zygomorphy	13.0	76.0	88.0	acute,apex,base,berry,green,mm,petiole,shrub,simple,swollen,trichome,unifoliate,white	.25,.5,1-1.2,1-3,1.5-2,2.5-3,2.5-8,3.5-4,30-60-flowered,4,5-8,6-17,7-8,8-9,8.5-17,abaxially,acuminate,adaxially,along,anthesi,arching,bearing,brochidodromu,brown,capitate,cm,conical,curl-tipped,cyathiform,dark,densely,dia,elliptic,exserted,filiform,flower,fresh,glabrous,globose,golden,hen,horizontally,lateral,less,lobe,lobed,long,main,midrib,minutely,na,nearly,onto,ovoid-reniform,pair,perennial,pitted,puberulent,pubescent,reflexed,ried,scattered,shaped,smooth,somewhat,sparsely,tear-drop,three,time,tip,two,uniseriate,vein,wide,winged,x	0.5,1.5-2.5,absent,anther,appressed,articulation,basal,bract,branching,breeding,broad-based,calyx,cell,colour,connective,corolla,discrete,distinct,eglandular,elliptic-oblong,enlarged,filament,flat,fleshy,form,fruit,fruiting,growth,hair,heteromorphism,inflated,inflorescence,insertion,interjected,internodal,interpetalar,leaf,leaf-opposed,leaflet,leathery,length,lower,margin,marking,mature,membranous,modification,monochasial,multicellular,needle-like,none,odour,orientation,paired,pattern,pedicel,placement,pore,position,prickle,pseudostipule,radially,rhizome,round,scale,shape,simple-entire,smell,spot,staman,stellate,stem,stone,structure,surface,symmetric,symmetry,sympodial,system,texture,tissue,tuber,type,unbranched,unit,vegetative,xylopodia,zygomorphy
339	wfo-0001029780	invalid_json_followup	NA	40	NA	45	108	70	absent,acute,anther,apex,base,berry,branch,calyx,colour,corolla,cuneate,distal,filament,forked,form,fruit,fruiting,glandular,green,growth,hair,herb,inflorescence,interjected,leaf,leaflet,length,margin,membranous,mm,pedicel,petiole,prickle,pseudostipule,rotate,shape,stem,surface,terminal,texture,trichome,truncate,type,white,yellow	1-1.2,1-2,1.4-1.9,11-24,120-210,15-22,15-45,2-2.5,2-2.8,2-3.5,2-5.5,2.4-4.2,20-60,3,3-6,4-6,5-7,5.5-13,50-70,600-950,8-12,?,abaxially,adaxially,apparently,arrangement,attenuate,axillary,bark,brownish,bud,capitate,characteristic,chartaceous,cm,condition,cordate,corrugation,dark,densely,diameter,drying,exertion,flower,fresh,generally,glabrous,glabrousnes,gland,globose,green-white,greenish,half,head,height,history,invested,lanceolate,lateral,life,like,lobe,lobing,longer,midpoint,minute,mucilaginous,na,new,non-glandular,number,obtuse,odd-pinnate,ovary,ovate,ovoid,peduncle,per,perfect,plant,primary,pubescent,rarely,ray,ripe,seed,short,size,stigma,streak,stripe,style,subtending,tetralobulate,thicknes,throughout,tip,tube,typically,unwinged,usually,value,variation,vein,wet,whitish,width,x							1.0-2.0,1/2,4.0-6.0,appressed,articulation,asymmetric,bract,branching,breeding,broad-based,cell,compound-entire,connective,distinct,eglandular,elliptic-oblong,elongating,enlarged,flat,fleshy,fork,fully,hermaphroditic,heteromorphism,inflated,insertion,interpetalar,leathery,lower,marking,mature,modification,monochasial,multicellular,needle-like,none,odour,orientation,paired,pattern,placement,plurifoliate,pore,position,present,present-pair,radially,rhizome,round,rounded,scale,simple,smell,spot,staman,stellate,stone,structure,swollen,symmetric,symmetry,sympodial,system,tissue,trifoliate,tuber,unit,vegetative,xylopodia,zygomorphy	45.0	108.0	70.0	absent,acute,anther,apex,base,berry,branch,calyx,colour,corolla,cuneate,distal,filament,forked,form,fruit,fruiting,glandular,green,growth,hair,herb,inflorescence,interjected,leaf,leaflet,length,margin,membranous,mm,pedicel,petiole,prickle,pseudostipule,rotate,shape,stem,surface,terminal,texture,trichome,truncate,type,white,yellow	1-1.2,1-2,1.4-1.9,11-24,120-210,15-22,15-45,2-2.5,2-2.8,2-3.5,2-5.5,2.4-4.2,20-60,3,3-6,4-6,5-7,5.5-13,50-70,600-950,8-12,?,abaxially,adaxially,apparently,arrangement,attenuate,axillary,bark,brownish,bud,capitate,characteristic,chartaceous,cm,condition,cordate,corrugation,dark,densely,diameter,drying,exertion,flower,fresh,generally,glabrous,glabrousnes,gland,globose,green-white,greenish,half,head,height,history,invested,lanceolate,lateral,life,like,lobe,lobing,longer,midpoint,minute,mucilaginous,na,new,non-glandular,number,obtuse,odd-pinnate,ovary,ovate,ovoid,peduncle,per,perfect,plant,primary,pubescent,rarely,ray,ripe,seed,short,size,stigma,streak,stripe,style,subtending,tetralobulate,thicknes,throughout,tip,tube,typically,unwinged,usually,value,variation,vein,wet,whitish,width,x	1.0-2.0,1/2,4.0-6.0,appressed,articulation,asymmetric,bract,branching,breeding,broad-based,cell,compound-entire,connective,distinct,eglandular,elliptic-oblong,elongating,enlarged,flat,fleshy,fork,fully,hermaphroditic,heteromorphism,inflated,insertion,interpetalar,leathery,lower,marking,mature,modification,monochasial,multicellular,needle-like,none,odour,orientation,paired,pattern,placement,plurifoliate,pore,position,present,present-pair,radially,rhizome,round,rounded,scale,simple,smell,spot,staman,stellate,stone,structure,swollen,symmetric,symmetry,sympodial,system,tissue,trifoliate,tuber,unit,vegetative,xylopodia,zygomorphy
340	wfo-0001029784	invalid_json_followup	NA	40	NA	37	95	77	acute,anther,apex,base,berry,calyx,colour,corolla,distal,eglandular,filament,form,fruit,fruiting,green,growth,herb,inflorescence,interjected,leaf,leaflet,length,margin,mm,pedicel,petiole,prickle,pseudostipule,shape,simple,stem,surface,texture,trichome,truncate,type,yellow	.5,0-4,0.2-0.3,0.2-0.7-1.2,0.25-0.3,0.3-0.5,0.3-1,0.4-0.45,0.4-0.6,0.4-1-2,0.5-1.5,0.6-1,0.9-1.2,1-1.1,1-1.2,1-1.5,1-4,1.0-1.3,1.5-3-5,1.7-2.6,2,2-2.5-5,3-5-8,5-10-12,acuminate,arrangement,articulated,bark,branch,broadly,brown,bud,capitate,characteristic,cm,conical,corrugation,crenate-serrate,dark,densely,diameter,drying,elliptic,exertion,exserted,flower,glabrousnes,globose,golden,hair-like,half,halfway,height,history,imparipinnate,interrupted,lateral,life,lobe,lobing,long,midpoint,mostly,na,narrowly,new,number,obovate,outgrowth,ovary,pale,peduncle,per,perennial,plant,primary,pubescent,ray,seed,size,soft,sparsely,stigma,stripe,style,terminal,thick,thicknes,tube,value,variation,vein,velvety,wide,width							0.5,1/2,2-locular,2.5-3.0,absent,appressed,articulation,asymmetric,bract,branching,breeding,broad-based,cell,compound-toothed,connective,cuneate,difoliate,distinct,elongated,elongating,enlarged,flat,fleshy,fully,glandular,hair,hermaphroditic,heteromorphism,inflated,insertion,internodal,interpetalar,leathery,lower,marking,mature,membranous,modification,monochasial,multicellular,needle-like,non-geminate,none,odour,orientation,paired,pattern,placement,pore,position,present,present-pair,radially,rhizome,rotate,round,rounded,scale,smell,spot,staman,stellate,stone,structure,swollen,symmetric,symmetry,sympodial,system,tapered-lanceolate,tissue,tuber,unbranched,unit,vegetative,xylopodia,zygomorphy	37.0	95.0	77.0	acute,anther,apex,base,berry,calyx,colour,corolla,distal,eglandular,filament,form,fruit,fruiting,green,growth,herb,inflorescence,interjected,leaf,leaflet,length,margin,mm,pedicel,petiole,prickle,pseudostipule,shape,simple,stem,surface,texture,trichome,truncate,type,yellow	.5,0-4,0.2-0.3,0.2-0.7-1.2,0.25-0.3,0.3-0.5,0.3-1,0.4-0.45,0.4-0.6,0.4-1-2,0.5-1.5,0.6-1,0.9-1.2,1-1.1,1-1.2,1-1.5,1-4,1.0-1.3,1.5-3-5,1.7-2.6,2,2-2.5-5,3-5-8,5-10-12,acuminate,arrangement,articulated,bark,branch,broadly,brown,bud,capitate,characteristic,cm,conical,corrugation,crenate-serrate,dark,densely,diameter,drying,elliptic,exertion,exserted,flower,glabrousnes,globose,golden,hair-like,half,halfway,height,history,imparipinnate,interrupted,lateral,life,lobe,lobing,long,midpoint,mostly,na,narrowly,new,number,obovate,outgrowth,ovary,pale,peduncle,per,perennial,plant,primary,pubescent,ray,seed,size,soft,sparsely,stigma,stripe,style,terminal,thick,thicknes,tube,value,variation,vein,velvety,wide,width	0.5,1/2,2-locular,2.5-3.0,absent,appressed,articulation,asymmetric,bract,branching,breeding,broad-based,cell,compound-toothed,connective,cuneate,difoliate,distinct,elongated,elongating,enlarged,flat,fleshy,fully,glandular,hair,hermaphroditic,heteromorphism,inflated,insertion,internodal,interpetalar,leathery,lower,marking,mature,membranous,modification,monochasial,multicellular,needle-like,non-geminate,none,odour,orientation,paired,pattern,placement,pore,position,present,present-pair,radially,rhizome,rotate,round,rounded,scale,smell,spot,staman,stellate,stone,structure,swollen,symmetric,symmetry,sympodial,system,tapered-lanceolate,tissue,tuber,unbranched,unit,vegetative,xylopodia,zygomorphy
341	wfo-0001029785	invalid_json_followup	NA	40	NA	40	101	77	acute,anther,apex,base,berry,branch,calyx,colour,corolla,cuneate,distal,filament,forked,form,fruit,fruiting,green,growth,hair,herb,inflorescence,interjected,leaf,leaflet,length,margin,membranous,mm,pedicel,petiole,prickle,pseudostipule,purple,rounded,shape,stem,surface,terminal,texture,type	0-2,0.1-0.5,0.3-2.2,0.4-4.9,0.8-1,1-1.2,1-2,1.2-3.2,1.5-3.6,1.8-3.5,1.8-7,10-26,2-4,3.5-5,3.8-7.2,4-10.5,5-16,6,8-11,abaxially,adaxially,arrangement,axillary,bark,brownish,bud,capitate,characteristic,chartaceous,clavate,cm,commonly,condition,connivent,corrugation,dark,darker,diameter,drying,exertion,fresh,generally,glabrous,glabrousnes,globose,greenish,half,height,history,invested,lanceolate,lateral,life,like,lobe,lobing,long,midpoint,multiple-celled,na,new,non-glandular,number,oblique,odd-pinnate,orbicular,outer,ovary,ovate,ovoid,peduncle,per,plant,primary,pubescent,purple-tinged,ray,ripe,seed,short,size,slightly,sparsely,stigma,style,subglabrous,subtending,thicknes,tube,typically,unbranched,unwinged,usually,value,variation,vein,violet,whitish,wide,width,x							1.0-2.0,1/2,3.5-5.0,absent,appressed,articulation,asymmetric,blue,bract,branching,breeding,broad-based,cell,compound-entire,connective,cordate,distinct,eglandular,elliptic-oblong,elongating,enlarged,flat,fleshy,fork,fully,hermaphroditic,heteromorphism,inflated,insertion,interpetalar,leathery,lilac,lower,marking,mature,modification,monochasial,multicellular,needle-like,none,odour,orientation,paired,pattern,pink,placement,plurifoliate,pore,position,present,present-pair,radially,rhizome,rotate,round,scale,simple,smell,spot,staman,stellate,stone,structure,swollen,symmetric,symmetry,sympodial,system,tissue,trichome,trifoliate,truncate,tuber,unit,vegetative,xylopodia,zygomorphy	40.0	101.0	77.0	acute,anther,apex,base,berry,branch,calyx,colour,corolla,cuneate,distal,filament,forked,form,fruit,fruiting,green,growth,hair,herb,inflorescence,interjected,leaf,leaflet,length,margin,membranous,mm,pedicel,petiole,prickle,pseudostipule,purple,rounded,shape,stem,surface,terminal,texture,type	0-2,0.1-0.5,0.3-2.2,0.4-4.9,0.8-1,1-1.2,1-2,1.2-3.2,1.5-3.6,1.8-3.5,1.8-7,10-26,2-4,3.5-5,3.8-7.2,4-10.5,5-16,6,8-11,abaxially,adaxially,arrangement,axillary,bark,brownish,bud,capitate,characteristic,chartaceous,clavate,cm,commonly,condition,connivent,corrugation,dark,darker,diameter,drying,exertion,fresh,generally,glabrous,glabrousnes,globose,greenish,half,height,history,invested,lanceolate,lateral,life,like,lobe,lobing,long,midpoint,multiple-celled,na,new,non-glandular,number,oblique,odd-pinnate,orbicular,outer,ovary,ovate,ovoid,peduncle,per,plant,primary,pubescent,purple-tinged,ray,ripe,seed,short,size,slightly,sparsely,stigma,style,subglabrous,subtending,thicknes,tube,typically,unbranched,unwinged,usually,value,variation,vein,violet,whitish,wide,width,x	1.0-2.0,1/2,3.5-5.0,absent,appressed,articulation,asymmetric,blue,bract,branching,breeding,broad-based,cell,compound-entire,connective,cordate,distinct,eglandular,elliptic-oblong,elongating,enlarged,flat,fleshy,fork,fully,hermaphroditic,heteromorphism,inflated,insertion,interpetalar,leathery,lilac,lower,marking,mature,modification,monochasial,multicellular,needle-like,none,odour,orientation,paired,pattern,pink,placement,plurifoliate,pore,position,present,present-pair,radially,rhizome,rotate,round,scale,simple,smell,spot,staman,stellate,stone,structure,swollen,symmetric,symmetry,sympodial,system,tissue,trichome,trifoliate,truncate,tuber,unit,vegetative,xylopodia,zygomorphy
342	wfo-0001029789	success	35	40	6	37	77	78	acute,anther,apex,base,blue,calyx,colour,corolla,distal,filament,flat,form,fruit,fruiting,green,growth,herb,inflorescence,interjected,leaf,leaflet,length,lilac,margin,membranous,mm,pedicel,petiole,prickle,pseudostipule,shape,stem,surface,terminal,texture,type,white	0-2,0.2-0.5,0.5-2.8,0.8-3.5,1-3,1.7-8.5,1.8-6.5,12,2-6,2-6.5,2.7-4.7,3-8.5,4-10,5-7,7-16.6,8-9,acuminate,appearance,arrangement,axillary,border,broadly,bud,capitate,characteristic,chartaceous,clavate,cm,corrugation,decurrent,diameter,drying,exertion,giving,glabrous,glabrousnes,height,history,lanceolate,lateral,life,light,linear,lobe,lobing,long-attenuate,midpoint,minute,na,narrowly,new,number,odd-pinnate,ovary,ovate,peduncle,per,plant,primary,pubescent,ray,seed,sessile,short,size,sparsely,stigma,style,subglabrous,subtending,thicknes,tube,typically,variation,vein,width,x							1.0,1/2,5.0-7.0,absent,appressed,articulation,asymmetric,berry,bract,branch,branching,breeding,broad-based,cell,compound-entire,connective,distinct,eglandular,elliptic-oblong,elongating,enlarged,fleshy,fork,forked,fully,hair,hermaphroditic,heteromorphism,inflated,insertion,interpetalar,leathery,lower,marking,mature,modification,monochasial,multicellular,needle-like,none,odour,orientation,paired,pattern,pink,placement,plurifoliate,pore,position,present,present-pair,purple,radially,rhizome,rotate,round,rounded,scale,simple,smell,spot,staman,stellate,stone,structure,swollen,symmetric,symmetry,sympodial,system,tissue,trichome,trifoliate,tuber,unit,vegetative,xylopodia,zygomorphy	10.0	43.0	105.0	acute,blue,flat,green,herb,lilac,membranous,mm,terminal,white	0-2,0.2-0.5,0.5-2.8,0.8-3.5,1-3,1.7-8.5,1.8-6.5,12,2-6,2-6.5,2.7-4.7,3-8.5,4-10,5-7,7-16.6,8-9,acuminate,axillary,broadly,bud,capitate,chartaceous,clavate,cm,decurrent,glabrous,lanceolate,light,linear,long-attenuate,minute,na,narrowly,odd-pinnate,ovate,pubescent,sessile,short,sparsely,subglabrous,subtending,typically,x	1.0,1/2,5.0-7.0,absent,anther,apex,appressed,articulation,asymmetric,base,berry,bract,branch,branching,breeding,broad-based,calyx,cell,colour,compound-entire,connective,corolla,distal,distinct,eglandular,elliptic-oblong,elongating,enlarged,filament,fleshy,fork,forked,form,fruit,fruiting,fully,growth,hair,hermaphroditic,heteromorphism,inflated,inflorescence,insertion,interjected,interpetalar,leaf,leaflet,leathery,length,lower,margin,marking,mature,modification,monochasial,multicellular,needle-like,none,odour,orientation,paired,pattern,pedicel,petiole,pink,placement,plurifoliate,pore,position,present,present-pair,prickle,pseudostipule,purple,radially,rhizome,rotate,round,rounded,scale,shape,simple,smell,spot,staman,stellate,stem,stone,structure,surface,swollen,symmetric,symmetry,sympodial,system,texture,tissue,trichome,trifoliate,tuber,type,unit,vegetative,xylopodia,zygomorphy
343	wfo-0001029810	invalid_json_followup	NA	38	NA	36	106	67	acute,anther,apex,base,berry,calyx,colour,corolla,dendritic,filament,form,fruit,fruiting,green,growth,inflorescence,interjected,internodal,leaf,leaflet,length,margin,mm,pedicel,petiole,prickle,pseudostipule,shape,shrub,stem,surface,texture,tree,trichome,type,white	.25,.5,0.5-3,1-1.3,1-10,1-2,1-3,1.1-2.3,1.5-3,2-3,2.5-3,3-3.5,3-4,3-6,5-15-flowered,5-16,5-6,acuminate,adaxially,along,alternate,apically,arachnoid,arrangement,attenuate,bark,branch,brown,bud,capitate,characteristic,cm,compact,compressed,congested,conical,corrugation,dark,densely,dia,diameter,distal,drying,ellipsoid,elliptic,exertion,exserted,glabrous,glabrousnes,globose,height,history,later,lateral,life,like,lobe,lobed,lobing,long,midpoint,minutely,na,narrowly,nearly,new,number,occasionally,opposite,ovary,ovoid-reniform,pale,papillose,peduncle,per,pitted,plant,pointed,primary,pubescent,ray,reddish-brown,rest,seed,shaped,shining,simple,size,slender,small,sparsely,stigma,style,tan,tapering,tear-drop,terminal,thicknes,tube,value,variation,vein,wide,width,yellowish,young							0.25,3.0-3.5,absent,appressed,articulation,basal,bract,branched,branching,breeding,broad-based,cell,connective,difoliate,discrete,distinct,elliptic-oblong,enlarged,flat,fleshy,geminate,hair,heteromorphism,inflated,insertion,interpetalar,leaf-opposed,leathery,lower,marking,mature,membranous,modification,monochasial,needle-like,none,odour,orientation,paired,pattern,placement,pore,position,present,radially,rhizome,round,scale,simple-entire,smell,spot,staman,stellate,stone,structure,swollen,symmetric,symmetry,sympodial,system,tissue,tuber,unbranched,unit,vegetative,xylopodia,zygomorphy	36.0	106.0	67.0	acute,anther,apex,base,berry,calyx,colour,corolla,dendritic,filament,form,fruit,fruiting,green,growth,inflorescence,interjected,internodal,leaf,leaflet,length,margin,mm,pedicel,petiole,prickle,pseudostipule,shape,shrub,stem,surface,texture,tree,trichome,type,white	.25,.5,0.5-3,1-1.3,1-10,1-2,1-3,1.1-2.3,1.5-3,2-3,2.5-3,3-3.5,3-4,3-6,5-15-flowered,5-16,5-6,acuminate,adaxially,along,alternate,apically,arachnoid,arrangement,attenuate,bark,branch,brown,bud,capitate,characteristic,cm,compact,compressed,congested,conical,corrugation,dark,densely,dia,diameter,distal,drying,ellipsoid,elliptic,exertion,exserted,glabrous,glabrousnes,globose,height,history,later,lateral,life,like,lobe,lobed,lobing,long,midpoint,minutely,na,narrowly,nearly,new,number,occasionally,opposite,ovary,ovoid-reniform,pale,papillose,peduncle,per,pitted,plant,pointed,primary,pubescent,ray,reddish-brown,rest,seed,shaped,shining,simple,size,slender,small,sparsely,stigma,style,tan,tapering,tear-drop,terminal,thicknes,tube,value,variation,vein,wide,width,yellowish,young	0.25,3.0-3.5,absent,appressed,articulation,basal,bract,branched,branching,breeding,broad-based,cell,connective,difoliate,discrete,distinct,elliptic-oblong,enlarged,flat,fleshy,geminate,hair,heteromorphism,inflated,insertion,interpetalar,leaf-opposed,leathery,lower,marking,mature,membranous,modification,monochasial,needle-like,none,odour,orientation,paired,pattern,placement,pore,position,present,radially,rhizome,round,scale,simple-entire,smell,spot,staman,stellate,stone,structure,swollen,symmetric,symmetry,sympodial,system,tissue,tuber,unbranched,unit,vegetative,xylopodia,zygomorphy
344	wfo-0001029811	invalid_json_followup	NA	42	NA	41	126	76	acicular,anther,apex,base,berry,calyx,cell,colour,cordate,corolla,cuneate,filament,form,fruit,fruiting,growth,hair,herb,inflorescence,interjected,leaf,leaflet,length,lower,margin,marking,mm,pedicel,petiole,prickle,pseudostipule,shape,shrub,stellate,stem,surface,texture,trichome,type,unbranched,yellow	-3,0,0-35,0.1-0.4,0.3-1,0.5-2,0.8-1.5,1-1.5,1-3,1.3-1.7,1.5-2.5,1.5-6,1/2,1/2-2/3,1/3,13-20,2-2.5,2-5.5,2.5-3,2.8-3.2,3-5,3-5.5,3-7,3.5-4.5,4.5-5,5-11,5-9,6-12,7-18,7-9,8-12,apparently,arrangement,articulated,bark,branch,bud,characteristic,chartaceous,cm,connivent,corrugation,cream,dark,densely,diameter,discolorous,distal,drying,erect,exertion,flattened,flattened-reniform,flower,glabrous,glabrousnes,glandular,green,green-brown,height,history,lateral,life,lobe,lobed,lobing,long,long-styled,maturity,mauve,midpoint,minute,moderately,na,new,number,obtuse,orange-brown,outline,ovary,ovate,pair,pale,peduncle,per,perpendicular,pit,plant,poricidal,porrect,prickly,primary,raised,ray,scandent,seed,sessile,short-styled,side,simple,size,slightly,small,smooth,sometimes,spherical,stellate-pubescent,stigma,stout,straight,style,tapering,terete,terminal,thicknes,tip,tube,upper,value,variation,vein,way,wide,width,yellow-green,young							0.5-2.0,7.0-9.0,absent,andromonoecious,appressed,articulation,asymmetric,backward,basal,blue,bract,branching,breeding,broad-based,connective,dichasial,discrete,distinct,eglandular,ellipsoid,enlarged,flat,fleshy,herbaceous,heteromorphism,inflated,insertion,internodal,interpetalar,leathery,lilac,mature,membranous,modification,needle-like,none,odour,orientation,paired,pattern,pink,placement,plurifoliate,pointing,pore,position,present,present-inflorescence,present-leaf,present-stem,purple,radially,retrorse,rhizome,round,scale,simple-lobed,smell,spot,staman,stone,structure,swollen,symmetric,symmetry,sympodial,system,tapered-lanceolate,tissue,tuber,unit,vegetative,vine,woody,xylopodia,zygomorphy	41.0	126.0	76.0	acicular,anther,apex,base,berry,calyx,cell,colour,cordate,corolla,cuneate,filament,form,fruit,fruiting,growth,hair,herb,inflorescence,interjected,leaf,leaflet,length,lower,margin,marking,mm,pedicel,petiole,prickle,pseudostipule,shape,shrub,stellate,stem,surface,texture,trichome,type,unbranched,yellow	-3,0,0-35,0.1-0.4,0.3-1,0.5-2,0.8-1.5,1-1.5,1-3,1.3-1.7,1.5-2.5,1.5-6,1/2,1/2-2/3,1/3,13-20,2-2.5,2-5.5,2.5-3,2.8-3.2,3-5,3-5.5,3-7,3.5-4.5,4.5-5,5-11,5-9,6-12,7-18,7-9,8-12,apparently,arrangement,articulated,bark,branch,bud,characteristic,chartaceous,cm,connivent,corrugation,cream,dark,densely,diameter,discolorous,distal,drying,erect,exertion,flattened,flattened-reniform,flower,glabrous,glabrousnes,glandular,green,green-brown,height,history,lateral,life,lobe,lobed,lobing,long,long-styled,maturity,mauve,midpoint,minute,moderately,na,new,number,obtuse,orange-brown,outline,ovary,ovate,pair,pale,peduncle,per,perpendicular,pit,plant,poricidal,porrect,prickly,primary,raised,ray,scandent,seed,sessile,short-styled,side,simple,size,slightly,small,smooth,sometimes,spherical,stellate-pubescent,stigma,stout,straight,style,tapering,terete,terminal,thicknes,tip,tube,upper,value,variation,vein,way,wide,width,yellow-green,young	0.5-2.0,7.0-9.0,absent,andromonoecious,appressed,articulation,asymmetric,backward,basal,blue,bract,branching,breeding,broad-based,connective,dichasial,discrete,distinct,eglandular,ellipsoid,enlarged,flat,fleshy,herbaceous,heteromorphism,inflated,insertion,internodal,interpetalar,leathery,lilac,mature,membranous,modification,needle-like,none,odour,orientation,paired,pattern,pink,placement,plurifoliate,pointing,pore,position,present,present-inflorescence,present-leaf,present-stem,purple,radially,retrorse,rhizome,round,scale,simple-lobed,smell,spot,staman,stone,structure,swollen,symmetric,symmetry,sympodial,system,tapered-lanceolate,tissue,tuber,unit,vegetative,vine,woody,xylopodia,zygomorphy
345	wfo-0001029978	invalid_json_followup	NA	40	NA	41	111	72	4.2-5.2,anther,apex,base,berry,branch,calyx,cell,colour,corolla,distal,filament,flat,forked,form,fruit,green,growth,hair,herb,inflorescence,interjected,leaf,leaflet,length,margin,membranous,mm,ovoid,pedicel,petiole,prickle,pseudostipule,purple,shape,simple,stem,surface,terminal,texture,type	0.5-0.6,0.7-1.9,0.8,0.9-2.3,1-2,1.3-1.5,1.4-1.5,1.5-3.1,1.8-5,11-19,15-27,2-4,3-7,3.1-6.3,3.2-2.5,3.5-9.5,3.7-8.1,5,5-16.5,8-10,\u201chair-like\u201d,acuminate,arrangement,articulated,attenuate,axillary,bark,brownish,bud,capitate,characteristic,chartaceous,clavate,cm,coarsely,condition,conical,connivent,corrugation,covering,dark,diameter,drying,elliptic,exertion,finely,flower,fourth,fresh,generally,glabrous,glabrousnes,green-white,greenish,half,height,history,lanceolate,lateral,less,life,light,lobe,lobing,long,make,medium,middle,midpoint,minute,mottled,mucilaginous,na,narrow,new,number,odd-pinnate,orbicular,ovary,ovate,peduncle,per,plant,primary,pubescent,ray,ripe,seed,sessile,size,sparsely,stigma,style,subsessile,subtending,testal,thick,thicknes,throughout,tube,usually,value,variation,vein,wall,wet,whitish,wide,width,wing,x							1.0-2.0,1/2,absent,appressed,articulation,asymmetric,blue,bract,branching,breeding,broad-based,compound-entire,connective,distinct,eglandular,elliptic-oblong,elongating,enlarged,fleshy,fork,fruiting,fully,hermaphroditic,heteromorphism,inflated,insertion,interpetalar,leathery,lilac,lower,marking,mature,modification,monochasial,multicellular,needle-like,none,odour,orientation,paired,pattern,pink,placement,plurifoliate,pore,position,present,present-pair,radially,rhizome,rotate,rounded,scale,smell,spot,staman,stellate,stone,structure,swollen,symmetric,symmetry,sympodial,system,tissue,trichome,trifoliate,tuber,unit,vegetative,xylopodia,zygomorphy	41.0	111.0	72.0	4.2-5.2,anther,apex,base,berry,branch,calyx,cell,colour,corolla,distal,filament,flat,forked,form,fruit,green,growth,hair,herb,inflorescence,interjected,leaf,leaflet,length,margin,membranous,mm,ovoid,pedicel,petiole,prickle,pseudostipule,purple,shape,simple,stem,surface,terminal,texture,type	0.5-0.6,0.7-1.9,0.8,0.9-2.3,1-2,1.3-1.5,1.4-1.5,1.5-3.1,1.8-5,11-19,15-27,2-4,3-7,3.1-6.3,3.2-2.5,3.5-9.5,3.7-8.1,5,5-16.5,8-10,\u201chair-like\u201d,acuminate,arrangement,articulated,attenuate,axillary,bark,brownish,bud,capitate,characteristic,chartaceous,clavate,cm,coarsely,condition,conical,connivent,corrugation,covering,dark,diameter,drying,elliptic,exertion,finely,flower,fourth,fresh,generally,glabrous,glabrousnes,green-white,greenish,half,height,history,lanceolate,lateral,less,life,light,lobe,lobing,long,make,medium,middle,midpoint,minute,mottled,mucilaginous,na,narrow,new,number,odd-pinnate,orbicular,ovary,ovate,peduncle,per,plant,primary,pubescent,ray,ripe,seed,sessile,size,sparsely,stigma,style,subsessile,subtending,testal,thick,thicknes,throughout,tube,usually,value,variation,vein,wall,wet,whitish,wide,width,wing,x	1.0-2.0,1/2,absent,appressed,articulation,asymmetric,blue,bract,branching,breeding,broad-based,compound-entire,connective,distinct,eglandular,elliptic-oblong,elongating,enlarged,fleshy,fork,fruiting,fully,hermaphroditic,heteromorphism,inflated,insertion,interpetalar,leathery,lilac,lower,marking,mature,modification,monochasial,multicellular,needle-like,none,odour,orientation,paired,pattern,pink,placement,plurifoliate,pore,position,present,present-pair,radially,rhizome,rotate,rounded,scale,smell,spot,staman,stellate,stone,structure,swollen,symmetric,symmetry,sympodial,system,tissue,trichome,trifoliate,tuber,unit,vegetative,xylopodia,zygomorphy
346	wfo-0001029980	invalid_json_followup	NA	38	NA	43	115	60	0.1-0.25,1.2-2.5,acute,anther,apex,appressed,base,berry,calyx,colour,corolla,difoliate,filament,form,fruit,fruiting,geminate,green,growth,inflorescence,interjected,leaf,leaflet,length,margin,mm,pedicel,petiole,pore,prickle,pseudostipule,rounded,shape,shrub,simple,stem,surface,sympodial,texture,trichome,type,unit,white	.1,0.25-0.5,0.5-1.2,0.5-2.5,0.5-5,0.7-1.3,0.8-1.2,1-1.5,1-1.7,1.5-2,2-5,2/3,3-4,3-9,5-50-flowered,6.4-17,adaxially,appearing,arrangement,bark,black,branch,bright,brown,bud,characteristic,cm,corrugation,curved,dark,decurrent,deflexed,dia,diameter,distal,dried,drying,elliptic,especially,exertion,exserted,five,flattened-reniform,glabrous,glabrousnes,globose,gray,greenish-white,height,history,impressed,knob,lateral,life,live,lobe,lobed,lobing,long,material,midpoint,minutely,na,near,new,node,number,often,older,one,opposite,ovary,ovate,pale,papillose,peduncle,per,pitted,plant,poricidal,pr,primary,puberulent,ray,seed,shaped,shiny,side,size,slender,slightly,small-capitate,soon,stigma,straight,style,tan,tapering,tear-drop,terminal,thicknes,tip,tube,tuft,unicellular,uniseriate,value,variation,vein,way,width,winged,x,yellowish,young							absent,articulation,basal,bract,branching,breeding,broad-based,cell,connective,discrete,distinct,eglandular,elliptic-oblong,enlarged,flat,fleshy,hair,heteromorphism,inflated,insertion,interpetalar,leaf-opposed,leathery,lower,marking,mature,membranous,modification,monochasial,multicellular,needle-like,none,odour,orientation,paired,pattern,placement,position,present,radially,rhizome,round,scale,simple-entire,smell,spot,staman,stellate,stone,structure,swollen,symmetric,symmetry,system,tissue,tuber,unbranched,vegetative,xylopodia,zygomorphy	43.0	115.0	60.0	0.1-0.25,1.2-2.5,acute,anther,apex,appressed,base,berry,calyx,colour,corolla,difoliate,filament,form,fruit,fruiting,geminate,green,growth,inflorescence,interjected,leaf,leaflet,length,margin,mm,pedicel,petiole,pore,prickle,pseudostipule,rounded,shape,shrub,simple,stem,surface,sympodial,texture,trichome,type,unit,white	.1,0.25-0.5,0.5-1.2,0.5-2.5,0.5-5,0.7-1.3,0.8-1.2,1-1.5,1-1.7,1.5-2,2-5,2/3,3-4,3-9,5-50-flowered,6.4-17,adaxially,appearing,arrangement,bark,black,branch,bright,brown,bud,characteristic,cm,corrugation,curved,dark,decurrent,deflexed,dia,diameter,distal,dried,drying,elliptic,especially,exertion,exserted,five,flattened-reniform,glabrous,glabrousnes,globose,gray,greenish-white,height,history,impressed,knob,lateral,life,live,lobe,lobed,lobing,long,material,midpoint,minutely,na,near,new,node,number,often,older,one,opposite,ovary,ovate,pale,papillose,peduncle,per,pitted,plant,poricidal,pr,primary,puberulent,ray,seed,shaped,shiny,side,size,slender,slightly,small-capitate,soon,stigma,straight,style,tan,tapering,tear-drop,terminal,thicknes,tip,tube,tuft,unicellular,uniseriate,value,variation,vein,way,width,winged,x,yellowish,young	absent,articulation,basal,bract,branching,breeding,broad-based,cell,connective,discrete,distinct,eglandular,elliptic-oblong,enlarged,flat,fleshy,hair,heteromorphism,inflated,insertion,interpetalar,leaf-opposed,leathery,lower,marking,mature,membranous,modification,monochasial,multicellular,needle-like,none,odour,orientation,paired,pattern,placement,position,present,radially,rhizome,round,scale,simple-entire,smell,spot,staman,stellate,stone,structure,swollen,symmetric,symmetry,system,tissue,tuber,unbranched,vegetative,xylopodia,zygomorphy
347	wfo-0001029989	success	42	38	7	36	84	71	0.2,acute,anther,apex,base,berry,branched,calyx,colour,corolla,dendritic,difoliate,filament,form,fruit,fruiting,green,growth,inflorescence,internodal,leaf,length,margin,mm,pedicel,petiole,shape,shrub,stem,surface,texture,tree,trichome,type,unifoliate,white	/2,0.5-1,0.5-1.5,1-1.5,1-2.5,1.3-2.3,1.5-2.5,10-14,2.5-3,2.5-6,3-8,3.5-8,4-4.5,5-10-flowered,7-20,abaxially,adaxially,arrangement,bark,branch,brownish-red,bud,capitate,characteristic,cm,congested,conical,corrugation,densely,dia,diameter,drying,elliptic,exertion,exserted,flattened,glabrous,glabrousnes,globose,golden,gray,greenish-black,height,history,incrassate,lateral,lenticular,life,lobed,lobing,long,main,minutely,na,nearly,new,nodding,occasionally,opposite,ovary,pair,peduncle,perennial,pitted,plant,primary,pubescent,reddish,reddish-brown,seed,shaped,shining,simple,size,small,stigma,style,tear-drop,tree-like,tube,vein,way,wide,x							3.0-5.0,absent,appressed,articulation,basal,black,bract,branching,breeding,broad-based,cell,connective,discrete,distinct,elliptic-oblong,enlarged,flat,fleshy,hair,heteromorphism,inflated,insertion,interjected,interpetalar,leaf-opposed,leaflet,leathery,lower,marking,mature,membranous,modification,monochasial,needle-like,non-geminate,none,odour,orientation,paired,pattern,placement,pore,position,present,prickle,pseudostipule,purple,radially,rhizome,round,scale,simple-entire,smell,spot,staman,stellate,stone,structure,swollen,symmetric,symmetry,sympodial,system,tissue,tuber,unbranched,unit,vegetative,xylopodia,yellow,zygomorphy	18.0	61.0	89.0	0.2,acute,base,berry,branched,calyx,dendritic,difoliate,green,internodal,leaf,margin,mm,shrub,tree,trichome,unifoliate,white	/2,0.5-1,0.5-1.5,1-1.5,1-2.5,1.3-2.3,1.5-2.5,10-14,2.5-3,2.5-6,3-8,3.5-8,4-4.5,5-10-flowered,7-20,abaxially,adaxially,brownish-red,capitate,cm,congested,conical,densely,dia,elliptic,exserted,flattened,glabrous,globose,golden,gray,greenish-black,incrassate,lateral,lenticular,lobed,long,main,minutely,na,nearly,nodding,occasionally,opposite,pair,perennial,pitted,pubescent,reddish,reddish-brown,shaped,shining,simple,small,tear-drop,tree-like,tube,vein,way,wide,x	3.0-5.0,absent,anther,apex,appressed,articulation,basal,black,bract,branching,breeding,broad-based,cell,colour,connective,corolla,discrete,distinct,elliptic-oblong,enlarged,filament,flat,fleshy,form,fruit,fruiting,growth,hair,heteromorphism,inflated,inflorescence,insertion,interjected,interpetalar,leaf-opposed,leaflet,leathery,length,lower,marking,mature,membranous,modification,monochasial,needle-like,non-geminate,none,odour,orientation,paired,pattern,pedicel,petiole,placement,pore,position,present,prickle,pseudostipule,purple,radially,rhizome,round,scale,shape,simple-entire,smell,spot,staman,stellate,stem,stone,structure,surface,swollen,symmetric,symmetry,sympodial,system,texture,tissue,tuber,type,unbranched,unit,vegetative,xylopodia,yellow,zygomorphy
348	wfo-0001030000	success	38	37	5	31	117	85	absent,anther,apex,articulation,base,calyx,colour,connective,corolla,eglandular,form,fruit,green,growth,hair,inflorescence,length,margin,mature,mm,orange,pedicel,pore,shape,shrub,stellate,stem,tree,type,unbranched,yellow	-4,-pilose,0.5-1,0.5-14,0.5-2-2.5,0.5-3,1,1-10,1-2,1-2.5-3,1.5-2,1.5-2.5-3.5,10-20,10-30-50,15-25,2-2.5,2-3,2-4,2-5,2.5-4-4.5-7,25-30-50,3-4,3.5-5,4-5,7-15,abaxially,acute,adaxially,also,apart,apiculate,articulated,axe,biglandular,bud,characteristic,chartaceous,ciliate,cm,connivent,conspicuous,coriaceous,creamy-white,cucullate,deltate,densely,dia,diameter,dilated,directed,direction,distally,ellipsoidal,equal,exceeding,flattened,flower,glabrous,glabrousnes,globose,height,history,immature,laterally,leaving,life,lobe,long,moderately,narrowly,oblong,obtuse,occasionally,ovary,ovoid,pedicellar,peduncle,perennial,perfect,pilose,plant,produced,puberulent,pubescent,purplish,rachi,radiu,rarely,remnant,scar,seed,shorter,size,slightly,small,spacing,sparsely,spotted,stigma,strongly,style,subcoriaceous,swelling,theca,thecae,tinge,tip,tomentose,triangular,truncate,tube,umbrella-shaped,white,wide,x,yellow-brown,yellowish							4.0-5.0,appressed,asymmetric,basal,berry,blue,bract,branch,branching,breeding,broad-based,cell,cordate,dendritic,discrete,distinct,ellipsoid,elliptic-oblong,enlarged,filament,flat,fleshy,fork,fruiting,fully,hermaphroditic,heteromorphism,inflated,insertion,interjected,internodal,interpetalar,leaf,leaflet,leathery,lilac,lower,marking,membranous,modification,multicellular,near-basal,needle-like,none,odour,orientation,paired,pattern,petiole,pink,placement,plurifoliate,position,present,prickle,pseudostipule,purple,radially,red,rhizome,round,scale,simple,simple-entire,smell,spot,staman,stone,structure,surface,swollen,symmetric,symmetry,sympodial,system,terminal,texture,tissue,trichome,trifoliate,tuber,unit,vegetative,xylopodia,zygomorphy	15.0	97.0	101.0	absent,apex,base,eglandular,fruit,green,hair,mature,mm,orange,shrub,stellate,tree,unbranched,yellow	-4,-pilose,0.5-1,0.5-14,0.5-2-2.5,0.5-3,1,1-10,1-2,1-2.5-3,1.5-2,1.5-2.5-3.5,10-20,10-30-50,15-25,2-2.5,2-3,2-4,2-5,2.5-4-4.5-7,25-30-50,3-4,3.5-5,4-5,7-15,abaxially,acute,adaxially,also,apart,apiculate,articulated,axe,biglandular,chartaceous,ciliate,cm,connivent,conspicuous,coriaceous,creamy-white,cucullate,deltate,densely,dia,dilated,directed,distally,ellipsoidal,equal,exceeding,flattened,flower,glabrous,globose,immature,laterally,leaving,long,moderately,narrowly,oblong,obtuse,occasionally,ovoid,pedicellar,perennial,perfect,pilose,produced,puberulent,pubescent,purplish,rachi,rarely,remnant,scar,shorter,slightly,small,sparsely,spotted,strongly,subcoriaceous,swelling,thecae,tinge,tip,tomentose,triangular,truncate,umbrella-shaped,white,wide,x,yellow-brown,yellowish	4.0-5.0,anther,appressed,articulation,asymmetric,basal,berry,blue,bract,branch,branching,breeding,broad-based,calyx,cell,colour,connective,cordate,corolla,dendritic,discrete,distinct,ellipsoid,elliptic-oblong,enlarged,filament,flat,fleshy,fork,form,fruiting,fully,growth,hermaphroditic,heteromorphism,inflated,inflorescence,insertion,interjected,internodal,interpetalar,leaf,leaflet,leathery,length,lilac,lower,margin,marking,membranous,modification,multicellular,near-basal,needle-like,none,odour,orientation,paired,pattern,pedicel,petiole,pink,placement,plurifoliate,pore,position,present,prickle,pseudostipule,purple,radially,red,rhizome,round,scale,shape,simple,simple-entire,smell,spot,staman,stem,stone,structure,surface,swollen,symmetric,symmetry,sympodial,system,terminal,texture,tissue,trichome,trifoliate,tuber,type,unit,vegetative,xylopodia,zygomorphy
349	wfo-0001030000	invalid_json_followup	NA	37	NA	41	103	75	anther,apex,basal,base,branch,calyx,colour,cordate,corolla,eglandular,filament,form,fruit,fruiting,green,growth,hair,inflorescence,interjected,leaf,leaflet,length,margin,mature,mm,orange,pedicel,petiole,prickle,pseudostipule,shape,shrub,simple,stem,surface,terminal,texture,tree,type,unbranched,yellow	-pilose,0.5-1,0.5-1-5,0.5-13,0.5-3,1-10,1-2,1.5-2.5-3.5,10-30-50,15-25,2-2.5,2-4,2-4-25,2.5-4-4.5-7,25-30-50,3-4,3-5-25,3.5-5,4-5,7-15,abaxially,acuminate,acute,adaxially,also,apiculate,arrangement,bark,biglandular,bud,characteristic,cm,corrugation,cucullate,deltate,densely,dia,diameter,distal,drying,ellipsoidal,entire,exertion,flattened,flower,glabrescent,glabrous,glabrousnes,globose,height,history,immature,lateral,life,lobe,lobing,long,midpoint,moderately,na,narrowly,new,number,oblique,oblong,obtuse,occasionally,often,ovary,ovate,ovoid,peduncle,per,perfect,pilose,plant,primary,puberulent,pubescent,purplish,ray,seed,size,slightly,small,sparsely,spotted,stigma,style,subcoriaceous,thicknes,tinge,tip,triangular,truncate,tube,value,variation,vein,white,width,x,yellow-brown							4.0-5.0,absent,appressed,articulation,asymmetric,berry,blue,bract,branching,breeding,broad-based,cell,connective,dendritic,discrete,distinct,ellipsoid,elliptic-oblong,enlarged,flat,fleshy,fork,fully,hermaphroditic,heteromorphism,inflated,insertion,internodal,interpetalar,leathery,lilac,lower,marking,membranous,modification,multicellular,near-basal,needle-like,none,odour,orientation,paired,pattern,pink,placement,plurifoliate,pore,position,present,purple,radially,red,rhizome,round,scale,simple-entire,smell,spot,staman,stellate,stone,structure,swollen,symmetric,symmetry,sympodial,system,tissue,trichome,trifoliate,tuber,unit,vegetative,xylopodia,zygomorphy	41.0	103.0	75.0	anther,apex,basal,base,branch,calyx,colour,cordate,corolla,eglandular,filament,form,fruit,fruiting,green,growth,hair,inflorescence,interjected,leaf,leaflet,length,margin,mature,mm,orange,pedicel,petiole,prickle,pseudostipule,shape,shrub,simple,stem,surface,terminal,texture,tree,type,unbranched,yellow	-pilose,0.5-1,0.5-1-5,0.5-13,0.5-3,1-10,1-2,1.5-2.5-3.5,10-30-50,15-25,2-2.5,2-4,2-4-25,2.5-4-4.5-7,25-30-50,3-4,3-5-25,3.5-5,4-5,7-15,abaxially,acuminate,acute,adaxially,also,apiculate,arrangement,bark,biglandular,bud,characteristic,cm,corrugation,cucullate,deltate,densely,dia,diameter,distal,drying,ellipsoidal,entire,exertion,flattened,flower,glabrescent,glabrous,glabrousnes,globose,height,history,immature,lateral,life,lobe,lobing,long,midpoint,moderately,na,narrowly,new,number,oblique,oblong,obtuse,occasionally,often,ovary,ovate,ovoid,peduncle,per,perfect,pilose,plant,primary,puberulent,pubescent,purplish,ray,seed,size,slightly,small,sparsely,spotted,stigma,style,subcoriaceous,thicknes,tinge,tip,triangular,truncate,tube,value,variation,vein,white,width,x,yellow-brown	4.0-5.0,absent,appressed,articulation,asymmetric,berry,blue,bract,branching,breeding,broad-based,cell,connective,dendritic,discrete,distinct,ellipsoid,elliptic-oblong,enlarged,flat,fleshy,fork,fully,hermaphroditic,heteromorphism,inflated,insertion,internodal,interpetalar,leathery,lilac,lower,marking,membranous,modification,multicellular,near-basal,needle-like,none,odour,orientation,paired,pattern,pink,placement,plurifoliate,pore,position,present,purple,radially,red,rhizome,round,scale,simple-entire,smell,spot,staman,stellate,stone,structure,swollen,symmetric,symmetry,sympodial,system,tissue,trichome,trifoliate,tuber,unit,vegetative,xylopodia,zygomorphy
350	wfo-0001030004	success	43	38	7	37	104	68	acute,anther,apex,basal,base,berry,branch,branched,calyx,colour,corolla,dendritic,filament,form,fruit,fruiting,green,growth,inflorescence,leaf,length,margin,mm,pedicel,petiole,plurifoliate,shape,shrub,stem,surface,terminal,texture,tree,trichome,type,white,winged	0-0.5,0-1.5,0.2-1,0.8-1.1,1-2,1.2-2,1.5-2.5,15,15-20,2-20,20-200-flowered,3-3.5,3.5-5,4-15,5-25,9-30,abaxial,across,acuminate,adaxially,along,arrangement,bark,broadly,bud,capitate,characteristic,cm,collection,conical,corrugation,crotaloid,decurrent,dense,densely,dia,diameter,drying,elliptic,erect,exertion,exserted,flattened-reniform,glabrous,glabrousnes,globose,greenish-yellow,height,history,incrassate,later,lateral,life,like,lobed,lobing,long,loose,main,many,minutely,na,nearly,new,obovate,obovoid,occasionally,often,older,onto,ovary,pair,pale,peduncle,pitted,plant,portion,primary,prominent,pubescence,pubescent,seed,sessile,shaped,size,small,sparsely,stigma,stout,strongly,style,tan,tear-drop,thick,time,translucent,tube,variously,vein,wide,x,yellowish,yellowish-green,young							0.0-0.5,3.0-4.0,absent,appressed,articulation,bract,branching,breeding,broad-based,cell,connective,discrete,distinct,elliptic-oblong,enlarged,flat,fork,hair,hard,heteromorphism,inflated,insertion,interjected,internodal,interpetalar,leaflet,lower,marking,mature,membranous,modification,monochasial,multi-branched,needle-like,none,odour,orientation,paired,pattern,placement,pore,position,present,prickle,pseudostipule,radially,rhizome,round,scale,simple-entire,smell,spot,staman,stellate,stone,structure,swollen,symmetric,symmetry,sympodial,system,tissue,tuber,unit,vegetative,xylopodia,yellow,zygomorphy	20.0	83.0	85.0	acute,basal,base,berry,branched,calyx,dendritic,green,leaf,margin,mm,plurifoliate,shrub,stem,surface,terminal,tree,trichome,white,winged	0-0.5,0-1.5,0.2-1,0.8-1.1,1-2,1.2-2,1.5-2.5,15,15-20,2-20,20-200-flowered,3-3.5,3.5-5,4-15,5-25,9-30,abaxial,across,acuminate,adaxially,along,bark,broadly,capitate,cm,collection,conical,crotaloid,decurrent,dense,densely,dia,elliptic,erect,exserted,flattened-reniform,glabrous,globose,greenish-yellow,incrassate,later,lateral,like,lobed,long,loose,main,many,minutely,na,nearly,obovate,obovoid,occasionally,often,older,onto,pair,pale,pitted,portion,prominent,pubescence,pubescent,sessile,shaped,small,sparsely,stout,strongly,tan,tear-drop,thick,time,translucent,tube,variously,vein,wide,x,yellowish,yellowish-green,young	0.0-0.5,3.0-4.0,absent,anther,apex,appressed,articulation,bract,branch,branching,breeding,broad-based,cell,colour,connective,corolla,discrete,distinct,elliptic-oblong,enlarged,filament,flat,fork,form,fruit,fruiting,growth,hair,hard,heteromorphism,inflated,inflorescence,insertion,interjected,internodal,interpetalar,leaflet,length,lower,marking,mature,membranous,modification,monochasial,multi-branched,needle-like,none,odour,orientation,paired,pattern,pedicel,petiole,placement,pore,position,present,prickle,pseudostipule,radially,rhizome,round,scale,shape,simple-entire,smell,spot,staman,stellate,stone,structure,swollen,symmetric,symmetry,sympodial,system,texture,tissue,tuber,type,unit,vegetative,xylopodia,yellow,zygomorphy
351	wfo-0001030007	success	47	38	7	34	90	71	acute,anther,apex,base,berry,calyx,colour,corolla,filament,form,fruit,fruiting,green,growth,inflorescence,interjected,leaf,leaflet,length,margin,mm,pedicel,petiole,prickle,pseudostipule,shape,shrub,simple,stem,surface,texture,type,white,winged	.4,.5,0.8-1,1-1.5,1-15,1-2,1.6-2.2,15-20,2-4,3/4,6-10-flowered,7-10,7-9,acuminate,alternate,appearance,arrangement,bark,border,branch,brown,bud,campanulate,characteristic,clavate,cm,decurrent,densely,dia,diameter,distal,elliptic,exertion,exserted,flattened,giving,glabrous,glabrousnes,globose,golden-pubescent,grey,height,history,lateral,life,lobe,lobing,long,main,midpoint,minutely,na,new,number,oblique,onto,ovary,pair,pale,papillose,peduncle,per,perennial,pitted,plant,primary,pubescent,ray,reniform,seed,shaped,size,slender,slightly,soon,sparsely,stigma,straight,style,tapering,tear-drop,terminal,thicknes,tube,variation,vein,way,width,x,young							0.4,4.0-4.5,absent,appressed,articulation,asymmetric,basal,bract,branching,breeding,broad-based,cell,connective,difoliate,discrete,distinct,eglandular,elliptic-oblong,enlarged,flat,fleshy,geminate,hair,heteromorphism,inflated,insertion,interpetalar,leaf-opposed,leathery,lower,marking,mature,membranous,modification,monochasial,multicellular,needle-like,none,odour,orientation,paired,pattern,placement,pore,position,present,radially,rhizome,round,scale,simple-entire,smell,spot,staman,stellate,stone,structure,swollen,symmetric,symmetry,sympodial,system,tissue,tree,trichome,tuber,unbranched,unit,vegetative,xylopodia,zygomorphy	12.0	55.0	93.0	acute,base,berry,calyx,green,leaf,mm,petiole,shrub,simple,white,winged	.4,.5,0.8-1,1-1.5,1-15,1-2,1.6-2.2,15-20,2-4,3/4,6-10-flowered,7-10,7-9,acuminate,alternate,brown,campanulate,clavate,cm,decurrent,densely,dia,elliptic,exserted,flattened,glabrous,globose,golden-pubescent,grey,lateral,long,main,minutely,na,oblique,onto,pair,pale,papillose,perennial,pitted,pubescent,reniform,shaped,slender,slightly,soon,sparsely,straight,tapering,tear-drop,vein,way,x,young	0.4,4.0-4.5,absent,anther,apex,appressed,articulation,asymmetric,basal,bract,branching,breeding,broad-based,cell,colour,connective,corolla,difoliate,discrete,distinct,eglandular,elliptic-oblong,enlarged,filament,flat,fleshy,form,fruit,fruiting,geminate,growth,hair,heteromorphism,inflated,inflorescence,insertion,interjected,interpetalar,leaf-opposed,leaflet,leathery,length,lower,margin,marking,mature,membranous,modification,monochasial,multicellular,needle-like,none,odour,orientation,paired,pattern,pedicel,placement,pore,position,present,prickle,pseudostipule,radially,rhizome,round,scale,shape,simple-entire,smell,spot,staman,stellate,stem,stone,structure,surface,swollen,symmetric,symmetry,sympodial,system,texture,tissue,tree,trichome,tuber,type,unbranched,unit,vegetative,xylopodia,zygomorphy
352	wfo-0001030010	success	42	38	7	33	99	71	anther,apex,basal,base,berry,calyx,colour,corolla,filament,fleshy,form,fruit,fruiting,green,growth,inflorescence,leaf,length,margin,mm,pedicel,petiole,pore,shape,shrub,simple,stem,surface,texture,tree,trichome,type,white	.5,.75,/4,0.5-5,0.9-1.1,1-1.3,1-1.5,1.5-2,10-15,10-50-flowered,11-12,2-2.2,2-7,2.5,20-40,5-7,acuminate,acute,alternate,area,arrangement,attenuate,bark,beneath,branch,brown,bud,characteristic,cm,corrugation,cyathiform,dark,deciduous,decurrent,dia,diameter,drying,exertion,exserted,f,furcate,glabrate,glabrous,glabrousnes,globose,grey,height,history,lateral,life,lobed,lobing,long,main,midrib,minute,minutely,na,near,nearly,new,obovate,occasionally,often,older,opposite,orange,ovary,ovoid-reniform,pair,papillose,peduncle,pitted,plant,poricidal,primary,puberulent,reddish,seed,shaped,shiny,size,slightly,small,smooth,soon,stigma,style,tapering,tear-drop,tiny,tip,tube,uniseriate,vein,way,winged,x,young							1.0-1.5,4.0-4.5,absent,appressed,articulation,bract,branching,breeding,broad-based,cell,connective,cuneate,difoliate,discrete,distinct,eglandular,elliptic-oblong,enlarged,flat,forked,geminate,hair,heteromorphism,inflated,insertion,interjected,interpetalar,leaf-opposed,leaflet,leathery,lower,marking,mature,membranous,modification,monochasial,multicellular,needle-like,none,odour,orientation,paired,pattern,placement,position,present,prickle,pseudostipule,radially,rhizome,round,scale,simple-entire,smell,spot,staman,stellate,stone,structure,swollen,symmetric,symmetry,sympodial,system,tissue,tuber,unbranched,unit,vegetative,xylopodia,zygomorphy	17.0	77.0	87.0	basal,base,berry,calyx,fleshy,green,leaf,mm,petiole,pore,shrub,simple,stem,surface,tree,trichome,white	.5,.75,/4,0.5-5,0.9-1.1,1-1.3,1-1.5,1.5-2,10-15,10-50-flowered,11-12,2-2.2,2-7,2.5,20-40,5-7,acuminate,acute,alternate,area,attenuate,beneath,brown,cm,cyathiform,dark,deciduous,decurrent,dia,exserted,f,furcate,glabrate,glabrous,globose,grey,lateral,lobed,long,main,midrib,minute,minutely,na,near,nearly,obovate,occasionally,often,older,opposite,orange,ovoid-reniform,pair,papillose,pitted,poricidal,puberulent,reddish,shaped,shiny,slightly,small,smooth,soon,style,tapering,tear-drop,tiny,tip,tube,uniseriate,vein,way,winged,x,young	1.0-1.5,4.0-4.5,absent,anther,apex,appressed,articulation,bract,branching,breeding,broad-based,cell,colour,connective,corolla,cuneate,difoliate,discrete,distinct,eglandular,elliptic-oblong,enlarged,filament,flat,forked,form,fruit,fruiting,geminate,growth,hair,heteromorphism,inflated,inflorescence,insertion,interjected,interpetalar,leaf-opposed,leaflet,leathery,length,lower,margin,marking,mature,membranous,modification,monochasial,multicellular,needle-like,none,odour,orientation,paired,pattern,pedicel,placement,position,present,prickle,pseudostipule,radially,rhizome,round,scale,shape,simple-entire,smell,spot,staman,stellate,stone,structure,swollen,symmetric,symmetry,sympodial,system,texture,tissue,tuber,type,unbranched,unit,vegetative,xylopodia,zygomorphy
353	wfo-0001030023	invalid_json_followup	NA	37	NA	37	105	81	anther,apex,base,branch,calyx,colour,corolla,cuneate,filament,fleshy,forked,form,fruit,fruiting,green,growth,inflorescence,interjected,leaf,leaflet,length,margin,mm,pedicel,petiole,prickle,pseudostipule,shape,simple,stem,surface,terminal,texture,tree,truncate,type,unbranched	0-100+,0.5-1,1-8,1.5-2,1.5-7,10-25,10-30-50+,12-18,2.5-3.5,20-30,3-4.5,3-5,4,4-12,5,5-16,5-6,6-26,7-9,abaxially,acute,adaxially,apiculate,appearance,arrangement,bark,basal,branched,bud,capitate,characteristic,cm,connivent,cordate,corrugation,deeply,densely,diameter,distal,drying,ellipsoidal,elliptic,entire,exertion,finely,flattened,flower,giving,glabrous,glabrousnes,glandular-puberulent,globose,greenish-white,height,highly,history,lanceolate,lateral,life,lobe,lobing,long,loosely,midpoint,moderately,na,narrowly,new,number,oblique,oblong,obtuse,occasionally,often,ovary,ovate,peduncle,peltiform,per,perennial,plant,primary,probably,puberulent,pubescent,pubescent-pilose,purplish-,ray,seed,short-acuminate,size,sparsely,stigma,style,thicknes,tip,triangular,tube,usually,value,variation,vein,width,x,yellowish							6.0-7.0,absent,appressed,articulation,axillary,berry,blue,bract,branching,breeding,broad-based,cell,connective,coriaceous,dendritic,discrete,distinct,eglandular,ellipsoid,elliptic-oblong,enlarged,flat,fork,fully,hair,hermaphroditic,heteromorphism,inflated,insertion,internodal,interpetalar,leathery,lilac,lower,marking,mature,modification,multi-branched,multicellular,near-basal,needle-like,none,odour,orange,orientation,paired,pattern,pink,placement,plurifoliate,pore,position,present,purple,radially,red,rhizome,round,scale,simple-entire,smell,spot,staman,stellate,stone,structure,swollen,symmetric,symmetry,sympodial,system,tapered-lanceolate,tissue,trichome,tuber,unit,vegetative,white,xylopodia,yellow,zygomorphy	37.0	105.0	81.0	anther,apex,base,branch,calyx,colour,corolla,cuneate,filament,fleshy,forked,form,fruit,fruiting,green,growth,inflorescence,interjected,leaf,leaflet,length,margin,mm,pedicel,petiole,prickle,pseudostipule,shape,simple,stem,surface,terminal,texture,tree,truncate,type,unbranched	0-100+,0.5-1,1-8,1.5-2,1.5-7,10-25,10-30-50+,12-18,2.5-3.5,20-30,3-4.5,3-5,4,4-12,5,5-16,5-6,6-26,7-9,abaxially,acute,adaxially,apiculate,appearance,arrangement,bark,basal,branched,bud,capitate,characteristic,cm,connivent,cordate,corrugation,deeply,densely,diameter,distal,drying,ellipsoidal,elliptic,entire,exertion,finely,flattened,flower,giving,glabrous,glabrousnes,glandular-puberulent,globose,greenish-white,height,highly,history,lanceolate,lateral,life,lobe,lobing,long,loosely,midpoint,moderately,na,narrowly,new,number,oblique,oblong,obtuse,occasionally,often,ovary,ovate,peduncle,peltiform,per,perennial,plant,primary,probably,puberulent,pubescent,pubescent-pilose,purplish-,ray,seed,short-acuminate,size,sparsely,stigma,style,thicknes,tip,triangular,tube,usually,value,variation,vein,width,x,yellowish	6.0-7.0,absent,appressed,articulation,axillary,berry,blue,bract,branching,breeding,broad-based,cell,connective,coriaceous,dendritic,discrete,distinct,eglandular,ellipsoid,elliptic-oblong,enlarged,flat,fork,fully,hair,hermaphroditic,heteromorphism,inflated,insertion,internodal,interpetalar,leathery,lilac,lower,marking,mature,modification,multi-branched,multicellular,near-basal,needle-like,none,odour,orange,orientation,paired,pattern,pink,placement,plurifoliate,pore,position,present,purple,radially,red,rhizome,round,scale,simple-entire,smell,spot,staman,stellate,stone,structure,swollen,symmetric,symmetry,sympodial,system,tapered-lanceolate,tissue,trichome,tuber,unit,vegetative,white,xylopodia,yellow,zygomorphy
354	wfo-0001030032	success	57	40	8	36	104	78	acute,anther,apex,base,calyx,colour,corolla,distal,filament,form,fruit,fruiting,green,growth,inflorescence,interjected,leaf,leaflet,length,margin,mm,pedicel,petiole,prickle,pseudostipule,shape,stem,surface,sympodial,texture,truncate,type,unit,vine,woody,yellow	0.2-0.3,0.5,0.5-0.6,0.5-1.5,0.8-1.0,1-1.3,1-1.5,1.5-2,1.5-2.5,11-20,13-35,2-10,2-3-locular,2-3.5,2-4,2-5,2.4-3.5,3.0-3.5,3.5-12,30,4-5,4.3-5.0,5-plurifoliate,6-11,7-16,7.5-10,8-10,8-20,acuminate,arrangement,articulated,branch,branched,bright,brown,bud,capitate,characteristic,cm,completely,conical,corrugation,dark,decurrent,deltate,dense,densely,diameter,drying,elliptic,entire,exertion,exserted,glabrous,glabrousnes,golden,greenish-brown,hair-like,halfway,height,history,imparipinnate,internode,interrupted,irregularly,lateral,life,lobe,lobing,long,many,midpoint,na,new,oblanceolate,obovate,orbicular,outgrowth,ovary,pale,peduncle,perennial,plant,primary,pubescence,pubescent,ray,seed,size,splitting,stigma,style,terminal,thick,thickened,thicknes,time,tube,variation,vein,white,wide,width,½-3/4							1.5-2.0,1/2,5.0-6.0,absent,appressed,articulation,asymmetric,berry,bract,branching,breeding,broad-based,cell,compound-entire,compound-toothed,connective,distinct,eglandular,elliptic-oblong,elongating,enlarged,flat,forked,fully,glandular,hair,hard,herb,hermaphroditic,heteromorphism,inflated,insertion,internodal,interpetalar,lower,marking,mature,membranous,modification,monochasial,multi-branched,multicellular,needle-like,none,odour,orientation,paired,pattern,placement,plurifoliate,pore,position,present,present-pair,radially,rhizome,rotate,round,rounded,scale,shrub,simple,smell,spot,staman,stellate,stone,structure,swollen,symmetric,symmetry,system,tissue,trichome,tuber,vegetative,xylopodia,zygomorphy	10.0	71.0	104.0	acute,green,length,mm,sympodial,truncate,unit,vine,woody,yellow	0.2-0.3,0.5,0.5-0.6,0.5-1.5,0.8-1.0,1-1.3,1-1.5,1.5-2,1.5-2.5,11-20,13-35,2-10,2-3-locular,2-3.5,2-4,2-5,2.4-3.5,3.0-3.5,3.5-12,30,4-5,4.3-5.0,5-plurifoliate,6-11,7-16,7.5-10,8-10,8-20,acuminate,articulated,branched,bright,brown,capitate,cm,completely,conical,dark,decurrent,deltate,dense,densely,diameter,elliptic,entire,exserted,glabrous,golden,greenish-brown,hair-like,halfway,imparipinnate,interrupted,irregularly,long,many,na,oblanceolate,obovate,orbicular,outgrowth,pale,perennial,pubescent,splitting,thick,thickened,time,white,wide,½-3/4	1.5-2.0,1/2,5.0-6.0,absent,anther,apex,appressed,articulation,asymmetric,base,berry,bract,branching,breeding,broad-based,calyx,cell,colour,compound-entire,compound-toothed,connective,corolla,distal,distinct,eglandular,elliptic-oblong,elongating,enlarged,filament,flat,forked,form,fruit,fruiting,fully,glandular,growth,hair,hard,herb,hermaphroditic,heteromorphism,inflated,inflorescence,insertion,interjected,internodal,interpetalar,leaf,leaflet,lower,margin,marking,mature,membranous,modification,monochasial,multi-branched,multicellular,needle-like,none,odour,orientation,paired,pattern,pedicel,petiole,placement,plurifoliate,pore,position,present,present-pair,prickle,pseudostipule,radially,rhizome,rotate,round,rounded,scale,shape,shrub,simple,smell,spot,staman,stellate,stem,stone,structure,surface,swollen,symmetric,symmetry,system,texture,tissue,trichome,tuber,type,vegetative,xylopodia,zygomorphy
355	wfo-0001030048	success	44	38	7	36	97	70	0.5,acute,anther,apex,base,berry,blue,calyx,colour,corolla,difoliate,filament,form,fruit,fruiting,green,growth,inflorescence,leaf,length,margin,mm,pedicel,petiole,shape,shrub,stem,surface,sympodial,texture,tree,trichome,trifoliate,type,unit,white	0.5-1.5,1-1.5,1.2-2,1.3-1.6,1.5-3.5,1.5-7,10-16,2-5,3-3.5,3-5,4-15,4-4.5,5-10-flowered,5-8,abaxial,adaxially,along,anthesi,apically,arachnoid,arrangement,bark,becoming,bi-colored,bi-lobed,branch,brown,bud,characteristic,clavate,cm,completely,conical,corrugation,covered,decurrent,deflexed,densely,dia,diameter,drying,ellipsoid,elliptic,exertion,exserted,felt-like,glabrous,glabrousnes,globose,golden,greyish,height,history,internodal,lamina,lateral,life,lobed,lobing,long,main,matted,minutely,na,nearly,new,occasionally,onto,opposite,ovary,ovoid-reniform,pair,pale,peduncle,perennial,pitted,plant,pointed,primary,pubescent,reddish-brown,seed,shaped,shiny,simple,size,small,somewhat,stigma,strongly,style,tan,tear-drop,tube,vein,wide,yellowish							3.0-5.0,absent,appressed,articulation,basal,bract,branched,branching,breeding,broad-based,cell,connective,dendritic,discrete,distinct,elliptic-oblong,enlarged,flat,fleshy,hair,heteromorphism,inflated,insertion,interjected,interpetalar,leaf-opposed,leaflet,leathery,lilac,lower,marking,mature,membranous,modification,monochasial,needle-like,non-geminate,none,odour,orientation,paired,pattern,pink,placement,pore,position,prickle,pseudostipule,purple,radially,rhizome,round,scale,simple-entire,smell,spot,staman,stellate,stone,structure,swollen,symmetric,symmetry,system,tissue,tuber,unbranched,vegetative,xylopodia,zygomorphy	19.0	75.0	87.0	0.5,acute,apex,base,berry,blue,calyx,difoliate,green,leaf,mm,petiole,shrub,sympodial,tree,trichome,trifoliate,unit,white	0.5-1.5,1-1.5,1.2-2,1.3-1.6,1.5-3.5,1.5-7,10-16,2-5,3-3.5,3-5,4-15,4-4.5,5-10-flowered,5-8,abaxial,adaxially,along,anthesi,apically,arachnoid,becoming,bi-colored,bi-lobed,brown,clavate,cm,completely,conical,covered,decurrent,deflexed,densely,dia,drying,ellipsoid,elliptic,exserted,felt-like,glabrous,globose,golden,greyish,internodal,lamina,lateral,lobed,long,main,matted,minutely,na,nearly,occasionally,onto,opposite,ovoid-reniform,pair,pale,perennial,pitted,pointed,pubescent,reddish-brown,shaped,shiny,simple,small,somewhat,strongly,tan,tear-drop,tube,vein,wide,yellowish	3.0-5.0,absent,anther,appressed,articulation,basal,bract,branched,branching,breeding,broad-based,cell,colour,connective,corolla,dendritic,discrete,distinct,elliptic-oblong,enlarged,filament,flat,fleshy,form,fruit,fruiting,growth,hair,heteromorphism,inflated,inflorescence,insertion,interjected,interpetalar,leaf-opposed,leaflet,leathery,length,lilac,lower,margin,marking,mature,membranous,modification,monochasial,needle-like,non-geminate,none,odour,orientation,paired,pattern,pedicel,pink,placement,pore,position,prickle,pseudostipule,purple,radially,rhizome,round,scale,shape,simple-entire,smell,spot,staman,stellate,stem,stone,structure,surface,swollen,symmetric,symmetry,system,texture,tissue,tuber,type,unbranched,vegetative,xylopodia,zygomorphy
356	wfo-0001030053	success	38	39	5	30	74	77	acute,anther,apex,base,berry,branch,calyx,colour,corolla,filament,form,fruit,fruiting,growth,inflorescence,leaf,length,margin,mm,pedicel,petiole,shape,stem,surface,terminal,texture,type,vine,white,woody	0.5-1,1-1.3,1-13,1.3-3.5,1.5-5.5,1.8-2,10-20,2.5-3,3.5-4,4-7-11,7-9,abruptly,acuminate,anthesi,apical,arrangement,bark,branched,brown,bud,characteristic,cm,corrugation,cyathiform,decurrent,diameter,drying,elliptic,entire,exertion,exserted,far,filiform,flattened,glabrous,glabrousnes,greenish,height,history,life,lobing,long,many,minutely,na,new,nipple,number,ovary,pair,pale,papillose,peduncle,per,pitted,plant,primary,reniform,revolute,seed,shining,shiny,simple,size,slightly,stigma,style,time,truncate,tube,turbinate,vein,x,yellowish							1.0-1.5,4.5-5.5,absent,appressed,articulation,basal,black,bract,branching,breeding,broad-based,cell,connective,coriaceous,cup-shaped,distinct,elliptic-oblong,elongating,enlarged,fleshy,fork,forked,fully,hair,hermaphroditic,heteromorphism,inflated,insertion,interjected,interpetalar,leaflet,leathery,lower,marking,mature,modification,monochasial,multi-branched,needle-like,none,odour,orientation,paired,pattern,placement,plurifoliate,pore,position,present,prickle,pseudostipule,purple,radially,rhizome,round,rounded,scale,simple-entire,smell,spot,staman,stellate,stone,structure,swollen,symmetric,symmetry,sympodial,system,tissue,trichome,tuber,unit,vegetative,winged,xylopodia,zygomorphy	8.0	49.0	99.0	acute,berry,calyx,mm,terminal,vine,white,woody	0.5-1,1-1.3,1-13,1.3-3.5,1.5-5.5,1.8-2,10-20,2.5-3,3.5-4,4-7-11,7-9,abruptly,acuminate,anthesi,apical,branched,brown,cm,cyathiform,decurrent,elliptic,entire,exserted,far,filiform,flattened,glabrous,greenish,long,many,minutely,na,nipple,pair,pale,papillose,pitted,reniform,revolute,shining,shiny,simple,slightly,time,truncate,tube,turbinate,x,yellowish	1.0-1.5,4.5-5.5,absent,anther,apex,appressed,articulation,basal,base,black,bract,branch,branching,breeding,broad-based,cell,colour,connective,coriaceous,corolla,cup-shaped,distinct,elliptic-oblong,elongating,enlarged,filament,fleshy,fork,forked,form,fruit,fruiting,fully,growth,hair,hermaphroditic,heteromorphism,inflated,inflorescence,insertion,interjected,interpetalar,leaf,leaflet,leathery,length,lower,margin,marking,mature,modification,monochasial,multi-branched,needle-like,none,odour,orientation,paired,pattern,pedicel,petiole,placement,plurifoliate,pore,position,present,prickle,pseudostipule,purple,radially,rhizome,round,rounded,scale,shape,simple-entire,smell,spot,staman,stellate,stem,stone,structure,surface,swollen,symmetric,symmetry,sympodial,system,texture,tissue,trichome,tuber,type,unit,vegetative,winged,xylopodia,zygomorphy
357	wfo-0001030057	success	34	40	5	40	84	72	absent,acute,anther,apex,base,berry,branch,calyx,colour,corolla,cuneate,distal,filament,forked,form,fruit,fruiting,green,growth,hair,herb,inflorescence,interjected,leaf,leaflet,length,margin,membranous,mm,pedicel,petiole,prickle,pseudostipule,shape,stem,surface,terminal,texture,truncate,type	-2,2-3-celled,2-4,2-4.5,2-6,2.1-4.1,20-30,20-80,3.5-8,4.3-8.2,5.5-12,7-14,8,8-19,acuminate,appearance,arrangement,articulated,axillary,bark,border,bud,characteristic,chartaceous,cm,cordate,corrugation,diameter,drying,elliptic,exertion,flower,generally,giving,glabrousnes,globose,greenish,half,height,high,history,lateral,life,like,lobe,lobing,long,midpoint,mottled,mucilaginous,na,narrow,new,number,odd-pinnate,ovary,ovate,ovoid,peduncle,per,plant,primary,pubescent,purple,ray,seed,short,size,sometimes,stigma,style,subglabrous,subtending,thicknes,third,tube,unwinged,usually,variation,vein,whitish,width,wing,x							1.0,1/2,5.0-6.0,appressed,articulation,bract,branching,breeding,broad-based,cell,compound-entire,connective,distinct,eglandular,elliptic-oblong,elongating,enlarged,flat,fleshy,fork,fully,hermaphroditic,heteromorphism,inflated,insertion,interpetalar,leathery,lower,marking,mature,modification,monochasial,multicellular,needle-like,none,odour,orientation,paired,pattern,placement,plurifoliate,pore,position,present,present-pair,radially,rhizome,rotate,round,rounded,scale,simple,smell,spot,staman,stellate,stone,structure,swollen,symmetric,symmetry,sympodial,system,tissue,trichome,trifoliate,tuber,unit,vegetative,white,xylopodia,zygomorphy	14.0	51.0	98.0	absent,acute,berry,cuneate,distal,forked,green,hair,herb,membranous,mm,stem,terminal,truncate	-2,2-3-celled,2-4,2-4.5,2-6,2.1-4.1,20-30,20-80,3.5-8,4.3-8.2,5.5-12,7-14,8,8-19,acuminate,articulated,axillary,bud,chartaceous,cm,cordate,diameter,elliptic,flower,generally,globose,greenish,half,high,like,long,mottled,mucilaginous,na,narrow,odd-pinnate,ovate,ovoid,plant,pubescent,purple,short,sometimes,subglabrous,subtending,third,unwinged,usually,whitish,wing,x	1.0,1/2,5.0-6.0,anther,apex,appressed,articulation,base,bract,branch,branching,breeding,broad-based,calyx,cell,colour,compound-entire,connective,corolla,distinct,eglandular,elliptic-oblong,elongating,enlarged,filament,flat,fleshy,fork,form,fruit,fruiting,fully,growth,hermaphroditic,heteromorphism,inflated,inflorescence,insertion,interjected,interpetalar,leaf,leaflet,leathery,length,lower,margin,marking,mature,modification,monochasial,multicellular,needle-like,none,odour,orientation,paired,pattern,pedicel,petiole,placement,plurifoliate,pore,position,present,present-pair,prickle,pseudostipule,radially,rhizome,rotate,round,rounded,scale,shape,simple,smell,spot,staman,stellate,stone,structure,surface,swollen,symmetric,symmetry,sympodial,system,texture,tissue,trichome,trifoliate,tuber,type,unit,vegetative,white,xylopodia,zygomorphy
358	wfo-0001030057	invalid_json_followup	NA	40	NA	44	125	68	absent,acute,anther,apex,base,berry,branch,calyx,cell,colour,corolla,cuneate,distal,filament,forked,form,fruit,fruiting,green,growth,hair,herb,inflorescence,interjected,leaf,leaflet,length,margin,membranous,mm,pedicel,petiole,pore,prickle,pseudostipule,rotate,shape,stem,surface,terminal,texture,truncate,type,white	-10,-2,.5-3.5,1-2,2-3-celled,2-4,2-4.5,2-6,2.1-4.1,20-30,20-80,3.5-8,4.3-8.2,5-6,5.5-12,7-14,8,8-19,\u201chair-like\u201d,\u201cstar\u201d,abaxially,acuminate,adaxially,age,along,apparently,arrangement,articulated,axe,axillary,bark,brownish,bud,characteristic,chartaceous,ciliate,cm,condition,connivent,cordate,corrugation,covering,diameter,drying,elliptic,especially,exertion,flower,fresh,generally,glabrous,glabrousnes,globose,green-white,greenish,greenish-yellow,half,height,high,history,lanceolate,lateral,lengthening,life,like,linear,lobing,long,make,middle,midpoint,midrib,minutely,mottled,mucilaginous,na,narrow,new,number,odd-pinnate,ovary,ovate,ovate-lanceolate,ovoid,peduncle,pentagonal,per,perfect,petal,plant,poricidal,primary,puberulent,pubescent,purple,ray,seed,short,size,slit,sometimes,stigma,striped,style,subglabrous,subtending,testal,thick,thicknes,third,throughout,tip,tube,unwinged,usually,value,variation,vein,wall,wet,whitish,width,wing,x,yellow							1.0,1/2,5.0-6.0,appressed,articulation,bract,branching,breeding,broad-based,compound-entire,connective,distinct,eglandular,elliptic-oblong,elongating,enlarged,flat,fleshy,fork,fully,hermaphroditic,heteromorphism,inflated,insertion,interpetalar,leathery,lower,marking,mature,modification,monochasial,multicellular,needle-like,none,odour,orientation,paired,pattern,placement,plurifoliate,position,present,present-pair,radially,rhizome,round,rounded,scale,simple,smell,spot,staman,stellate,stone,structure,swollen,symmetric,symmetry,sympodial,system,tissue,trichome,trifoliate,tuber,unit,vegetative,xylopodia,zygomorphy	44.0	125.0	68.0	absent,acute,anther,apex,base,berry,branch,calyx,cell,colour,corolla,cuneate,distal,filament,forked,form,fruit,fruiting,green,growth,hair,herb,inflorescence,interjected,leaf,leaflet,length,margin,membranous,mm,pedicel,petiole,pore,prickle,pseudostipule,rotate,shape,stem,surface,terminal,texture,truncate,type,white	-10,-2,.5-3.5,1-2,2-3-celled,2-4,2-4.5,2-6,2.1-4.1,20-30,20-80,3.5-8,4.3-8.2,5-6,5.5-12,7-14,8,8-19,\u201chair-like\u201d,\u201cstar\u201d,abaxially,acuminate,adaxially,age,along,apparently,arrangement,articulated,axe,axillary,bark,brownish,bud,characteristic,chartaceous,ciliate,cm,condition,connivent,cordate,corrugation,covering,diameter,drying,elliptic,especially,exertion,flower,fresh,generally,glabrous,glabrousnes,globose,green-white,greenish,greenish-yellow,half,height,high,history,lanceolate,lateral,lengthening,life,like,linear,lobing,long,make,middle,midpoint,midrib,minutely,mottled,mucilaginous,na,narrow,new,number,odd-pinnate,ovary,ovate,ovate-lanceolate,ovoid,peduncle,pentagonal,per,perfect,petal,plant,poricidal,primary,puberulent,pubescent,purple,ray,seed,short,size,slit,sometimes,stigma,striped,style,subglabrous,subtending,testal,thick,thicknes,third,throughout,tip,tube,unwinged,usually,value,variation,vein,wall,wet,whitish,width,wing,x,yellow	1.0,1/2,5.0-6.0,appressed,articulation,bract,branching,breeding,broad-based,compound-entire,connective,distinct,eglandular,elliptic-oblong,elongating,enlarged,flat,fleshy,fork,fully,hermaphroditic,heteromorphism,inflated,insertion,interpetalar,leathery,lower,marking,mature,modification,monochasial,multicellular,needle-like,none,odour,orientation,paired,pattern,placement,plurifoliate,position,present,present-pair,radially,rhizome,round,rounded,scale,simple,smell,spot,staman,stellate,stone,structure,swollen,symmetric,symmetry,sympodial,system,tissue,trichome,trifoliate,tuber,unit,vegetative,xylopodia,zygomorphy
359	wfo-0001030080	invalid_json_followup	NA	40	NA	41	101	64	absent,anther,apex,base,berry,branch,calyx,cell,colour,coriaceous,corolla,cuneate,distal,filament,forked,form,fruit,fruiting,green,growth,hair,herb,inflorescence,interjected,leaf,leaflet,length,margin,mm,ovoid,pedicel,petiole,prickle,pseudostipule,shape,stem,surface,terminal,texture,type,white	0.3-7,0.4-1.5,0.5-4,1-2,1-3,1.5-2,1.5-2.5,1.8-4.5,2.1-7.1,3-10,3.3-7.7,4-12,5-7,5.5-9.9,6.5-18.6,8-23,9.9-33,\u201chair-like\u201d,abaxially,acuminate,adaxially,appearance,arrangement,axillary,bark,border,brownish,bud,capitate,characteristic,clavate,cm,condition,corrugation,covering,dark,decurrent,diameter,dot,drying,elliptic,erect,exertion,fresh,generally,giving,glabrescent,glabrous,glabrousnes,green-white,greenish,half,height,history,lanceolate,lateral,life,light,lobe,lobing,make,medium,midpoint,mucilaginous,na,new,number,odd-pinnate,onto,ovary,ovate,peduncle,per,plant,primary,purple,pyriform,rachi,ray,seed,size,sometimes,stigma,style,subtending,testal,thick,thicknes,throughout,tiny,tube,usually,value,variation,vein,wall,wet,whitish,width,winged,x							1.0-2.0,1/2,5.0-7.0,appressed,articulation,asymmetric,bract,branching,breeding,broad-based,compound-entire,connective,distinct,elliptic-oblong,elongating,enlarged,flat,fleshy,fork,fully,hermaphroditic,heteromorphism,inflated,insertion,interpetalar,leathery,lower,marking,mature,modification,monochasial,needle-like,none,odour,orientation,paired,pattern,placement,plurifoliate,pore,position,present-pair,radially,rhizome,scale,smell,spot,staman,stellate,stone,structure,swollen,symmetric,symmetry,sympodial,system,tissue,trichome,trifoliate,tuber,unit,vegetative,xylopodia,zygomorphy	41.0	101.0	64.0	absent,anther,apex,base,berry,branch,calyx,cell,colour,coriaceous,corolla,cuneate,distal,filament,forked,form,fruit,fruiting,green,growth,hair,herb,inflorescence,interjected,leaf,leaflet,length,margin,mm,ovoid,pedicel,petiole,prickle,pseudostipule,shape,stem,surface,terminal,texture,type,white	0.3-7,0.4-1.5,0.5-4,1-2,1-3,1.5-2,1.5-2.5,1.8-4.5,2.1-7.1,3-10,3.3-7.7,4-12,5-7,5.5-9.9,6.5-18.6,8-23,9.9-33,\u201chair-like\u201d,abaxially,acuminate,adaxially,appearance,arrangement,axillary,bark,border,brownish,bud,capitate,characteristic,clavate,cm,condition,corrugation,covering,dark,decurrent,diameter,dot,drying,elliptic,erect,exertion,fresh,generally,giving,glabrescent,glabrous,glabrousnes,green-white,greenish,half,height,history,lanceolate,lateral,life,light,lobe,lobing,make,medium,midpoint,mucilaginous,na,new,number,odd-pinnate,onto,ovary,ovate,peduncle,per,plant,primary,purple,pyriform,rachi,ray,seed,size,sometimes,stigma,style,subtending,testal,thick,thicknes,throughout,tiny,tube,usually,value,variation,vein,wall,wet,whitish,width,winged,x	1.0-2.0,1/2,5.0-7.0,appressed,articulation,asymmetric,bract,branching,breeding,broad-based,compound-entire,connective,distinct,elliptic-oblong,elongating,enlarged,flat,fleshy,fork,fully,hermaphroditic,heteromorphism,inflated,insertion,interpetalar,leathery,lower,marking,mature,modification,monochasial,needle-like,none,odour,orientation,paired,pattern,placement,plurifoliate,pore,position,present-pair,radially,rhizome,scale,smell,spot,staman,stellate,stone,structure,swollen,symmetric,symmetry,sympodial,system,tissue,trichome,trifoliate,tuber,unit,vegetative,xylopodia,zygomorphy
360	wfo-0001030081	success	33	39	7	33	91	78	absent,anther,apex,base,berry,calyx,colour,corolla,filament,form,fruit,fruiting,geminate,geniculate,growth,hair,herb,inflorescence,leaf,length,margin,mm,pedicel,petiole,rounded,shape,stem,surface,texture,type,unbranched,white,yellow	.5,0.5-1,0.5-1.5,0.5-2.5,1,1-2,1-3,1-4,1-5,1.5,1.5-7,10-20,10-35,2-foliate,4-6,5-12,5-15,acute,arrangement,bark,branch,brown,bud,center,characteristic,chartaceous,ciliate,cm,cordate,corrugation,decurrent,densely,diameter,dm,drying,edge,elliptic,elliptic-ovoid,emarginate,entire,exertion,few-branched,fine,flower,glabrous,glabrousnes,globose,height,history,immature,life,linear-lanceolate,lobing,long,maturing,membranaceous,moderately,na,nearly,new,number,oblong,obtuse,often,ovary,parallel,peduncle,per,plant,primary,pubescent,radiating,raised,ridge,running,seed,semitransparent,shallow,short,single-,size,sparsely,stigma,style,triangular,tube,two-celled,usually,vein,wide,x							1.0-1.5,1.5-3.0,2-cellular,appressed,articulation,basal,bract,branching,breeding,broad-based,cell,connective,cuneate,difoliate,discrete,distinct,elliptic-oblong,enlarged,flat,fleshy,fully,green,hermaphroditic,heteromorphism,inflated,insertion,interjected,internodal,interpetalar,leaf-opposed,leaflet,leathery,lower,marking,mature,membranous,modification,monochasial,needle-like,non-geminate,none,odour,orientation,paired,pattern,placement,pore,position,present,prickle,pseudostipule,radially,rhizome,rotate,round,scale,shrub,simple,simple-entire,smell,spot,staman,stellate,stone,structure,swollen,symmetric,symmetry,sympodial,system,tissue,trichome,tuber,unit,vegetative,winged,xylopodia,zygomorphy	16.0	66.0	95.0	absent,apex,base,berry,fruit,geminate,geniculate,hair,herb,margin,mm,petiole,rounded,unbranched,white,yellow	.5,0.5-1,0.5-1.5,0.5-2.5,1,1-2,1-3,1-4,1-5,1.5,1.5-7,10-20,10-35,2-foliate,4-6,5-12,5-15,acute,brown,center,chartaceous,ciliate,cm,cordate,decurrent,densely,diameter,dm,drying,edge,elliptic,elliptic-ovoid,emarginate,entire,few-branched,fine,flower,glabrous,globose,immature,linear-lanceolate,long,maturing,membranaceous,moderately,na,nearly,oblong,obtuse,often,parallel,pubescent,radiating,raised,ridge,running,semitransparent,shallow,short,single-,sparsely,triangular,two-celled,usually,wide,x	1.0-1.5,1.5-3.0,2-cellular,anther,appressed,articulation,basal,bract,branching,breeding,broad-based,calyx,cell,colour,connective,corolla,cuneate,difoliate,discrete,distinct,elliptic-oblong,enlarged,filament,flat,fleshy,form,fruiting,fully,green,growth,hermaphroditic,heteromorphism,inflated,inflorescence,insertion,interjected,internodal,interpetalar,leaf,leaf-opposed,leaflet,leathery,length,lower,marking,mature,membranous,modification,monochasial,needle-like,non-geminate,none,odour,orientation,paired,pattern,pedicel,placement,pore,position,present,prickle,pseudostipule,radially,rhizome,rotate,round,scale,shape,shrub,simple,simple-entire,smell,spot,staman,stellate,stem,stone,structure,surface,swollen,symmetric,symmetry,sympodial,system,texture,tissue,trichome,tuber,type,unit,vegetative,winged,xylopodia,zygomorphy
361	wfo-0001030083	invalid_json_followup	NA	37	NA	37	103	65	acute,anther,apex,base,berry,calyx,colour,corolla,filament,fleshy,form,fruit,fruiting,green,growth,inflorescence,interjected,leaf,leaflet,length,margin,membranous,mm,pedicel,petiole,prickle,pseudostipule,shape,shrub,simple,stem,surface,texture,type,unifoliate,white,winged	.75,0.5-2,0.8-1,0.8-3,1-1.5,1-2,1.5-3,10-30,2,2-3,2-5-flowered,3-4,3/4,4-15,4-6,9-11,accrescent,arrangement,bark,branch,broadly,bud,characteristic,cm,corrugation,cup-shaped,decurrent,deeply,dia,diameter,distal,drying,elliptic,exertion,exserted,glabrous,glabrousnes,globose,greenish-white,greyish-red,height,history,hyaline,lateral,life,lobe,lobed,lobing,long,long-acuminate,long-styled,main,midpoint,minutely,na,narrowly,new,number,onto,ovary,ovate,ovoid-reniform,pair,pale,papillose,peduncle,per,perennial,pitted,plant,poricidal,primary,ray,red-papillose,reddish-gold,seed,shallowly,short-styled,single-stemmed,size,slender,small-capitate,somewhat,soon,stigma,straight,strongly,style,tan,tapering,terminal,thicknes,thin,tip,translucent,tube,value,variation,vein,way,width,woody,x							1.5-3.0,absent,appressed,articulation,basal,bract,branching,breeding,broad-based,cell,connective,discrete,distinct,eglandular,elliptic-oblong,enlarged,flat,hair,heteromorphism,inflated,insertion,internodal,interpetalar,leaf-opposed,leathery,lower,marking,mature,modification,monochasial,multicellular,needle-like,none,odour,orientation,paired,pattern,placement,pore,position,present,radially,rhizome,round,scale,simple-entire,smell,spot,staman,stellate,stone,structure,swollen,symmetric,symmetry,sympodial,system,tissue,trichome,tuber,unbranched,unit,vegetative,xylopodia,zygomorphy	37.0	103.0	65.0	acute,anther,apex,base,berry,calyx,colour,corolla,filament,fleshy,form,fruit,fruiting,green,growth,inflorescence,interjected,leaf,leaflet,length,margin,membranous,mm,pedicel,petiole,prickle,pseudostipule,shape,shrub,simple,stem,surface,texture,type,unifoliate,white,winged	.75,0.5-2,0.8-1,0.8-3,1-1.5,1-2,1.5-3,10-30,2,2-3,2-5-flowered,3-4,3/4,4-15,4-6,9-11,accrescent,arrangement,bark,branch,broadly,bud,characteristic,cm,corrugation,cup-shaped,decurrent,deeply,dia,diameter,distal,drying,elliptic,exertion,exserted,glabrous,glabrousnes,globose,greenish-white,greyish-red,height,history,hyaline,lateral,life,lobe,lobed,lobing,long,long-acuminate,long-styled,main,midpoint,minutely,na,narrowly,new,number,onto,ovary,ovate,ovoid-reniform,pair,pale,papillose,peduncle,per,perennial,pitted,plant,poricidal,primary,ray,red-papillose,reddish-gold,seed,shallowly,short-styled,single-stemmed,size,slender,small-capitate,somewhat,soon,stigma,straight,strongly,style,tan,tapering,terminal,thicknes,thin,tip,translucent,tube,value,variation,vein,way,width,woody,x	1.5-3.0,absent,appressed,articulation,basal,bract,branching,breeding,broad-based,cell,connective,discrete,distinct,eglandular,elliptic-oblong,enlarged,flat,hair,heteromorphism,inflated,insertion,internodal,interpetalar,leaf-opposed,leathery,lower,marking,mature,modification,monochasial,multicellular,needle-like,none,odour,orientation,paired,pattern,placement,pore,position,present,radially,rhizome,round,scale,simple-entire,smell,spot,staman,stellate,stone,structure,swollen,symmetric,symmetry,sympodial,system,tissue,trichome,tuber,unbranched,unit,vegetative,xylopodia,zygomorphy
362	wfo-0001030093	invalid_json_followup	NA	39	NA	39	107	71	0.1-0.3,acute,anther,apex,base,berry,branch,calyx,colour,corolla,cuneate,filament,form,fruit,fruiting,green,growth,inflorescence,interjected,leaf,leaflet,length,margin,mm,pedicel,petiole,prickle,pseudostipule,shape,shrub,simple,stem,surface,terminal,texture,tree,trichome,type,white	.5,0.2-0.5,0.5-1.1,0.6-1.5,0.75-1,1-1.5,1-12,1-5,2-2.5,3-4,3.5-12,4-6,7-30,7-9,8-9,acuminate,alternate,arrangement,attenuate,bark,becoming,beneath,branched,brownish-tan,bud,campanulate,case,characteristic,clavate,cm,continues,corrugation,densely,dia,diameter,distal,drying,ellipsoid,elliptic,erect,exertion,exserted,glabrous,glabrousnes,globose,golden,greenish-white,greyish-brown,height,hirsutulous,history,lateral,life,lobe,lobed,lobing,long-styled,main,midpoint,minutely,na,narrowly,nearly,new,number,obovate,occasionally,often,opposite,ovary,ovoid-reniform,pair,pale,papillose,peduncle,per,pitted,plant,primary,puberulent,pubescent,ray,seed,shaped,shiny,shoot,short-styled,size,slender,slightly,small,soon,stigma,straight,style,tapering,tear-drop,thicknes,tiny,tube,uniseriate,value,variation,vein,width,x,yellowish							2.0-2.5,absent,appressed,articulation,basal,bract,branching,breeding,broad-based,cell,connective,dendritic,difoliate,discrete,distinct,eglandular,elliptic-oblong,enlarged,flat,fleshy,fork,forked,geminate,hair,heteromorphism,inflated,insertion,interpetalar,leaf-opposed,leathery,lower,marking,mature,membranous,modification,monochasial,multi-branched,multicellular,needle-like,none,odour,orientation,paired,pattern,placement,pore,position,present,radially,rhizome,round,scale,simple-entire,smell,spot,staman,stellate,stone,structure,swollen,symmetric,symmetry,sympodial,system,tissue,tuber,unbranched,unit,vegetative,xylopodia,zygomorphy	39.0	107.0	71.0	0.1-0.3,acute,anther,apex,base,berry,branch,calyx,colour,corolla,cuneate,filament,form,fruit,fruiting,green,growth,inflorescence,interjected,leaf,leaflet,length,margin,mm,pedicel,petiole,prickle,pseudostipule,shape,shrub,simple,stem,surface,terminal,texture,tree,trichome,type,white	.5,0.2-0.5,0.5-1.1,0.6-1.5,0.75-1,1-1.5,1-12,1-5,2-2.5,3-4,3.5-12,4-6,7-30,7-9,8-9,acuminate,alternate,arrangement,attenuate,bark,becoming,beneath,branched,brownish-tan,bud,campanulate,case,characteristic,clavate,cm,continues,corrugation,densely,dia,diameter,distal,drying,ellipsoid,elliptic,erect,exertion,exserted,glabrous,glabrousnes,globose,golden,greenish-white,greyish-brown,height,hirsutulous,history,lateral,life,lobe,lobed,lobing,long-styled,main,midpoint,minutely,na,narrowly,nearly,new,number,obovate,occasionally,often,opposite,ovary,ovoid-reniform,pair,pale,papillose,peduncle,per,pitted,plant,primary,puberulent,pubescent,ray,seed,shaped,shiny,shoot,short-styled,size,slender,slightly,small,soon,stigma,straight,style,tapering,tear-drop,thicknes,tiny,tube,uniseriate,value,variation,vein,width,x,yellowish	2.0-2.5,absent,appressed,articulation,basal,bract,branching,breeding,broad-based,cell,connective,dendritic,difoliate,discrete,distinct,eglandular,elliptic-oblong,enlarged,flat,fleshy,fork,forked,geminate,hair,heteromorphism,inflated,insertion,interpetalar,leaf-opposed,leathery,lower,marking,mature,membranous,modification,monochasial,multi-branched,multicellular,needle-like,none,odour,orientation,paired,pattern,placement,pore,position,present,radially,rhizome,round,scale,simple-entire,smell,spot,staman,stellate,stone,structure,swollen,symmetric,symmetry,sympodial,system,tissue,tuber,unbranched,unit,vegetative,xylopodia,zygomorphy
363	wfo-0001030145	success	31	38	5	36	94	76	anther,apex,base,branch,calyx,colour,corolla,filament,form,fruit,fruiting,green,growth,hair,herb,inflorescence,interjected,leaf,leaflet,length,margin,mm,pedicel,petiole,prickle,pseudostipule,shape,shrub,simple,stem,surface,terminal,texture,truncate,type,unbranched	-3,0.2-2,0.3-1-2.5,0.5,0.5-1,0.5-4,1,1-2,1-3,1.5-2,1.5-7,10-12,2.5-6.5,3,3-10,3-5,4-8,6-40,abaxially,acute,adaxially,adpressed,also,appearance,arrangement,bark,basal,border,bud,characteristic,cm,compound,corrugation,cuneate,deltate,densely,diameter,distal,drying,ellipsoidal,elliptic-ovate,entire,exertion,flower,forked,giving,glabrous,glabrousnes,glandular,globose,height,history,lateral,less,life,lobe,lobing,long,midpoint,moderately,na,narrowly,new,number,obtuse,ovary,ovate-elliptic,peduncle,per,pilose,plant,primary,puberulent,ray,ripe,seed,sinuate,size,slender,sparsely,stigma,style,subcordate,subcoriaceous,ternately,thicknes,triangular,tube,unknown,variation,vein,violet,width,x							3.0-4.0,absent,appressed,articulation,berry,blue,bract,branching,breeding,broad-based,campanulate,cell,compound-entire,connective,cordate,coriaceous,discrete,distinct,eglandular,ellipsoid,elliptic-oblong,enlarged,flat,fleshy,fork,fully,hermaphroditic,heteromorphism,inflated,insertion,interpetalar,leathery,lilac,lower,marking,mature,modification,multicellular,near-basal,needle-like,none,odour,orientation,paired,pattern,pink,placement,plurifoliate,pore,position,present,purple,radially,rhizome,round,scale,simple-entire,smell,spot,staman,stellate,stone,structure,swollen,symmetric,symmetry,sympodial,system,tapered-lanceolate,tissue,trichome,tuber,unit,vegetative,xylopodia,zygomorphy	10.0	59.0	102.0	apex,fruit,green,hair,herb,mm,shrub,simple,truncate,unbranched	-3,0.2-2,0.3-1-2.5,0.5,0.5-1,0.5-4,1,1-2,1-3,1.5-2,1.5-7,10-12,2.5-6.5,3,3-10,3-5,4-8,6-40,abaxially,acute,adaxially,adpressed,also,basal,cm,compound,cuneate,deltate,densely,ellipsoidal,elliptic-ovate,entire,flower,forked,glabrous,glandular,globose,less,lobe,long,moderately,na,narrowly,obtuse,ovate-elliptic,pilose,puberulent,ripe,sinuate,slender,sparsely,style,subcordate,subcoriaceous,ternately,triangular,unknown,violet,x	3.0-4.0,absent,anther,appressed,articulation,base,berry,blue,bract,branch,branching,breeding,broad-based,calyx,campanulate,cell,colour,compound-entire,connective,cordate,coriaceous,corolla,discrete,distinct,eglandular,ellipsoid,elliptic-oblong,enlarged,filament,flat,fleshy,fork,form,fruiting,fully,growth,hermaphroditic,heteromorphism,inflated,inflorescence,insertion,interjected,interpetalar,leaf,leaflet,leathery,length,lilac,lower,margin,marking,mature,modification,multicellular,near-basal,needle-like,none,odour,orientation,paired,pattern,pedicel,petiole,pink,placement,plurifoliate,pore,position,present,prickle,pseudostipule,purple,radially,rhizome,round,scale,shape,simple-entire,smell,spot,staman,stellate,stem,stone,structure,surface,swollen,symmetric,symmetry,sympodial,system,tapered-lanceolate,terminal,texture,tissue,trichome,tuber,type,unit,vegetative,xylopodia,zygomorphy
364	wfo-0001030146	invalid_json_followup	NA	40	NA	36	117	68	acute,anther,apex,base,berry,branch,branching,calyx,colour,corolla,filament,form,fruit,fruiting,green,growth,inflorescence,interjected,leaf,leaflet,length,margin,mm,pedicel,petiole,prickle,pseudostipule,shape,stem,surface,terminal,texture,tree,trichome,type,white	.2,0.2\u20130.4,0.5\u20131,0.6\u20130.7,0.6\u20132,0.9\u20131,1.2\u20131.5,1.5,16\u201320,1\u20131.1,1\u20131.5,2.5\u20139,20\u201330,2\u20135,3\u20134,3\u20136,40\u201350,4\u201330,5\u20138,6.5\u201316,60+,8\u201315,9\u20139.5,\u201318,acuminate,along,anthesi,arrangement,articulated,axe,bark,beige,branched,brown,brownish,bud,c.,capitate,cayx,characteristic,cm,corrugation,cup-shaped,dark,densely,diameter,distal,drying,echinoid,ellipsoidal,elliptic,entire,exertion,flattened-reniform,flower,fresh,glabrous,glabrousnes,globose,golden,halfway,height,history,lateral,life,like,lobing,long,many,midpoint,minutely,multangulate,na,narrowly,new,nodding,number,olive,ovary,pair,pale,part,peduncle,peltate,per,persistent,pitted,plant,primary,pubescent,ray,reddish,revolute,ripe,seed,shiny,short-stalked,simple,size,small,stigma,stout,style,tan,thicknes,time,treelet,tube,u00b4,undersurface,upper,value,variation,vein,way,wide,width							1.0-1.5,3.0-4.0,absent,appressed,articulation,basal,bract,breeding,broad-based,cell,connective,coriaceous,dichasial,distinct,eglandular,elliptic-oblong,elongating,enlarged,flat,fleshy,fork,fully,hair,hermaphroditic,heteromorphism,inflated,insertion,interpetalar,leathery,lepidote,lower,marking,mature,modification,multi-branched,needle-like,none,odour,orientation,paired,pattern,placement,plurifoliate,pore,position,present,radially,rhizome,round,scale,simple-entire,smell,spot,staman,stellate,stone,structure,swollen,symmetric,symmetry,sympodial,system,tissue,tuber,unit,vegetative,xylopodia,zygomorphy	36.0	117.0	68.0	acute,anther,apex,base,berry,branch,branching,calyx,colour,corolla,filament,form,fruit,fruiting,green,growth,inflorescence,interjected,leaf,leaflet,length,margin,mm,pedicel,petiole,prickle,pseudostipule,shape,stem,surface,terminal,texture,tree,trichome,type,white	.2,0.2\u20130.4,0.5\u20131,0.6\u20130.7,0.6\u20132,0.9\u20131,1.2\u20131.5,1.5,16\u201320,1\u20131.1,1\u20131.5,2.5\u20139,20\u201330,2\u20135,3\u20134,3\u20136,40\u201350,4\u201330,5\u20138,6.5\u201316,60+,8\u201315,9\u20139.5,\u201318,acuminate,along,anthesi,arrangement,articulated,axe,bark,beige,branched,brown,brownish,bud,c.,capitate,cayx,characteristic,cm,corrugation,cup-shaped,dark,densely,diameter,distal,drying,echinoid,ellipsoidal,elliptic,entire,exertion,flattened-reniform,flower,fresh,glabrous,glabrousnes,globose,golden,halfway,height,history,lateral,life,like,lobing,long,many,midpoint,minutely,multangulate,na,narrowly,new,nodding,number,olive,ovary,pair,pale,part,peduncle,peltate,per,persistent,pitted,plant,primary,pubescent,ray,reddish,revolute,ripe,seed,shiny,short-stalked,simple,size,small,stigma,stout,style,tan,thicknes,time,treelet,tube,u00b4,undersurface,upper,value,variation,vein,way,wide,width	1.0-1.5,3.0-4.0,absent,appressed,articulation,basal,bract,breeding,broad-based,cell,connective,coriaceous,dichasial,distinct,eglandular,elliptic-oblong,elongating,enlarged,flat,fleshy,fork,fully,hair,hermaphroditic,heteromorphism,inflated,insertion,interpetalar,leathery,lepidote,lower,marking,mature,modification,multi-branched,needle-like,none,odour,orientation,paired,pattern,placement,plurifoliate,pore,position,present,radially,rhizome,round,scale,simple-entire,smell,spot,staman,stellate,stone,structure,swollen,symmetric,symmetry,sympodial,system,tissue,tuber,unit,vegetative,xylopodia,zygomorphy
365	wfo-0001030147	success	37	40	7	39	77	79	acute,anther,apex,base,blue,branch,calyx,colour,corolla,cuneate,distal,filament,form,fruit,fruiting,green,growth,inflorescence,interjected,leaf,leaflet,length,margin,mm,monochasial,ovoid,pedicel,petiole,prickle,pseudostipule,purple,rotate,rounded,shape,stem,surface,terminal,texture,type	0.5-2,1-4,1-5,14-35,15-30,2-10,2-10.5,2-13,2-3,2-5,2.5-7.5,4-31,4-5.5,4.2-7.5,5-8,acuminate,appearance,arrangement,articulate,bark,border,branched,bud,characteristic,cm,conical,corrugation,cyme,deep,diameter,dichasial,dichasially,drying,ebracteate,elliptical,exertion,finely,giving,glabrousnes,globose,green-white,height,herbaceous,history,lateral,life,lobe,lobing,long-attenuate,medium,midpoint,mucilaginous,na,narrowly,new,number,oblique,odd-pinnate,ovary,ovate,peduncle,per,perennial,plant,primary,pubescent,ray,seed,size,stigma,style,thicknes,tube,tuber-bearing,variation,vein,width							1.0-4.0,1/2,1/4-1/2,4.0-5.5,absent,appressed,articulation,asymmetric,basal,berry,bract,branching,breeding,broad-based,cell,compound-entire,connective,distinct,eglandular,elliptic-oblong,elongating,enlarged,flat,fleshy,fork,forked,fully,hair,herb,hermaphroditic,heteromorphism,inflated,insertion,interpetalar,leathery,lilac,lower,marking,mature,membranous,modification,multi-branched,multicellular,needle-like,none,odour,orientation,paired,pattern,pink,placement,plurifoliate,pore,position,present,present-pair,radially,rhizome,scale,simple,smell,spot,staman,stellate,stone,structure,swollen,symmetric,symmetry,sympodial,system,tissue,trichome,trifoliate,tuber,unit,vegetative,xylopodia,zygomorphy	10.0	42.0	108.0	acute,blue,cuneate,green,mm,monochasial,ovoid,purple,rotate,rounded	0.5-2,1-4,1-5,14-35,15-30,2-10,2-10.5,2-13,2-3,2-5,2.5-7.5,4-31,4-5.5,4.2-7.5,5-8,acuminate,articulate,branched,cm,conical,cyme,deep,dichasial,dichasially,ebracteate,elliptical,finely,globose,green-white,herbaceous,lobe,long-attenuate,medium,mucilaginous,na,narrowly,oblique,odd-pinnate,ovate,perennial,pubescent,tuber-bearing	1.0-4.0,1/2,1/4-1/2,4.0-5.5,absent,anther,apex,appressed,articulation,asymmetric,basal,base,berry,bract,branch,branching,breeding,broad-based,calyx,cell,colour,compound-entire,connective,corolla,distal,distinct,eglandular,elliptic-oblong,elongating,enlarged,filament,flat,fleshy,fork,forked,form,fruit,fruiting,fully,growth,hair,herb,hermaphroditic,heteromorphism,inflated,inflorescence,insertion,interjected,interpetalar,leaf,leaflet,leathery,length,lilac,lower,margin,marking,mature,membranous,modification,multi-branched,multicellular,needle-like,none,odour,orientation,paired,pattern,pedicel,petiole,pink,placement,plurifoliate,pore,position,present,present-pair,prickle,pseudostipule,radially,rhizome,scale,shape,simple,smell,spot,staman,stellate,stem,stone,structure,surface,swollen,symmetric,symmetry,sympodial,system,terminal,texture,tissue,trichome,trifoliate,tuber,type,unit,vegetative,xylopodia,zygomorphy
366	wfo-0001030151	invalid_json_followup	NA	37	NA	40	103	73	anther,apex,basal,base,branch,calyx,colour,cordate,corolla,cuneate,filament,form,fruit,fruiting,green,growth,hair,inflorescence,interjected,leaf,leaflet,length,margin,mm,pedicel,petiole,prickle,pseudostipule,shape,simple,stem,surface,terminal,texture,tree,truncate,type,unbranched,white,yellow	0.2-0.5,0.5,0.5-1,1-17,1-3,1.5-2.5,10-25,15-35-50,2-25,2-6,2-7-compound,20-30,3-5,3.5-32,4-5,5-6,6-9,abundantly,acuminate,acute,adaxial,apiculate,arrangement,bark,beyond,blotch,bud,channel,characteristic,chartaceous,cm,corrugation,decurrent,deltate,diameter,distal,drying,elliptic,entire,except,exertion,exserted,flower,glabrous,glabrousnes,globose,height,history,lanceolate,lateral,less,life,lilac-tinged,line,lobe,lobing,long,longitudinal,membranaceous,midpoint,na,narrowly,new,number,oblique,oblong,obovate,obtuse,often,ovary,peduncle,per,perennial,pinnately,plant,primary,probably,puberulent,pyriform,ray,ripe,sand-punctate,seed,shallowly,size,slender,slightly,sometimes,sparsely,stamen,stigma,stripe,style,thicknes,tip,triangular,tube,value,variation,vein,width,x,yellow-green							4.0-5.0,absent,appressed,articulation,axillary,berry,bract,branching,breeding,broad-based,cell,compound-entire,connective,discrete,distinct,eglandular,elliptic-oblong,enlarged,flat,fleshy,fork,fully,glandular,hermaphroditic,heteromorphism,inflated,insertion,interpetalar,leathery,lower,marking,mature,membranous,modification,multicellular,near-basal,needle-like,none,obovoid,odour,orientation,ovoid,paired,pattern,placement,plurifoliate,pore,position,present,radially,rhizome,round,scale,simple-entire,smell,spot,staman,stellate,stone,structure,swollen,symmetric,symmetry,sympodial,system,tissue,trichome,tuber,unit,vegetative,winged,xylopodia,zygomorphy	40.0	103.0	73.0	anther,apex,basal,base,branch,calyx,colour,cordate,corolla,cuneate,filament,form,fruit,fruiting,green,growth,hair,inflorescence,interjected,leaf,leaflet,length,margin,mm,pedicel,petiole,prickle,pseudostipule,shape,simple,stem,surface,terminal,texture,tree,truncate,type,unbranched,white,yellow	0.2-0.5,0.5,0.5-1,1-17,1-3,1.5-2.5,10-25,15-35-50,2-25,2-6,2-7-compound,20-30,3-5,3.5-32,4-5,5-6,6-9,abundantly,acuminate,acute,adaxial,apiculate,arrangement,bark,beyond,blotch,bud,channel,characteristic,chartaceous,cm,corrugation,decurrent,deltate,diameter,distal,drying,elliptic,entire,except,exertion,exserted,flower,glabrous,glabrousnes,globose,height,history,lanceolate,lateral,less,life,lilac-tinged,line,lobe,lobing,long,longitudinal,membranaceous,midpoint,na,narrowly,new,number,oblique,oblong,obovate,obtuse,often,ovary,peduncle,per,perennial,pinnately,plant,primary,probably,puberulent,pyriform,ray,ripe,sand-punctate,seed,shallowly,size,slender,slightly,sometimes,sparsely,stamen,stigma,stripe,style,thicknes,tip,triangular,tube,value,variation,vein,width,x,yellow-green	4.0-5.0,absent,appressed,articulation,axillary,berry,bract,branching,breeding,broad-based,cell,compound-entire,connective,discrete,distinct,eglandular,elliptic-oblong,enlarged,flat,fleshy,fork,fully,glandular,hermaphroditic,heteromorphism,inflated,insertion,interpetalar,leathery,lower,marking,mature,membranous,modification,multicellular,near-basal,needle-like,none,obovoid,odour,orientation,ovoid,paired,pattern,placement,plurifoliate,pore,position,present,radially,rhizome,round,scale,simple-entire,smell,spot,staman,stellate,stone,structure,swollen,symmetric,symmetry,sympodial,system,tissue,trichome,tuber,unit,vegetative,winged,xylopodia,zygomorphy
367	wfo-0001030153	success	38	39	7	34	92	72	absent,anther,apex,base,berry,branch,calyx,colour,corolla,distinct,filament,form,fruit,fruiting,green,growth,inflorescence,internodal,leaf,length,margin,mm,pedicel,petiole,pore,shape,simple,stem,surface,terminal,texture,tree,type,white	.1,.2,/3,0.2-1,0.8-0.9,1-2,1-2.5,1.3-1.5,1.3-1.9,2-8,2-lobed,3-4,3-5,3-50,3.5-10.5,5-6,6-8,abaxially,acuminate,acute,adaxially,age,apparently,arrangement,attenuate,axil,bark,branched,brittle,bud,characteristic,clavate,cm,conical,corrugation,dark,diameter,domatia,dry,drying,ellipsoid,elliptic,entire,erect,exerted,exertion,flower,glabrous,glabrousnes,globose,height,history,impressed,lanceolate,lengthening,life,lobing,minutely,na,narrowly,new,occasionally,older,ovary,pair,papillate,peduncle,pit-like,plant,poricidal,primary,revolute,ripe,seed,size,slightly,slit,small,specimen,stigma,strongly,style,thin,time,tip,treelet,tube,vein,way,x,yellowish,young							1.0-2.0,2.5-4.0,appressed,articulation,basal,bract,branching,breeding,broad-based,cell,connective,cuneate,eglandular,elliptic-oblong,elongating,enlarged,flat,fleshy,fork,fully,hair,hermaphroditic,heteromorphism,inflated,insertion,interjected,interpetalar,leaflet,leathery,lower,marking,mature,membranous,modification,monochasial,multi-branched,multicellular,needle-like,none,odour,orientation,paired,pattern,placement,plurifoliate,position,present,prickle,pseudostipule,radially,rhizome,round,scale,simple-entire,smell,spot,staman,stellate,stone,structure,swollen,symmetric,symmetry,sympodial,system,tissue,trichome,tuber,unit,vegetative,xylopodia,zygomorphy	15.0	70.0	91.0	absent,apex,base,berry,calyx,distinct,green,internodal,mm,pore,simple,stem,terminal,tree,white	.1,.2,/3,0.2-1,0.8-0.9,1-2,1-2.5,1.3-1.5,1.3-1.9,2-8,2-lobed,3-4,3-5,3-50,3.5-10.5,5-6,6-8,abaxially,acuminate,acute,adaxially,age,apparently,attenuate,axil,branched,brittle,clavate,cm,conical,dark,diameter,domatia,dry,ellipsoid,elliptic,entire,erect,exerted,flower,glabrous,globose,impressed,lanceolate,lengthening,minutely,na,narrowly,occasionally,older,pair,papillate,pit-like,poricidal,revolute,ripe,slightly,slit,small,specimen,strongly,thin,time,tip,treelet,vein,way,x,yellowish,young	1.0-2.0,2.5-4.0,anther,appressed,articulation,basal,bract,branch,branching,breeding,broad-based,cell,colour,connective,corolla,cuneate,eglandular,elliptic-oblong,elongating,enlarged,filament,flat,fleshy,fork,form,fruit,fruiting,fully,growth,hair,hermaphroditic,heteromorphism,inflated,inflorescence,insertion,interjected,interpetalar,leaf,leaflet,leathery,length,lower,margin,marking,mature,membranous,modification,monochasial,multi-branched,multicellular,needle-like,none,odour,orientation,paired,pattern,pedicel,petiole,placement,plurifoliate,position,present,prickle,pseudostipule,radially,rhizome,round,scale,shape,simple-entire,smell,spot,staman,stellate,stone,structure,surface,swollen,symmetric,symmetry,sympodial,system,texture,tissue,trichome,tuber,type,unit,vegetative,xylopodia,zygomorphy
368	wfo-0001030167	success	35	39	7	35	83	74	anther,apex,base,berry,calyx,colour,corolla,filament,form,fruit,fruiting,green,growth,herbaceous,inflorescence,interjected,leaf,leaflet,length,margin,mm,pedicel,petiole,pointed,prickle,pseudostipule,rounded,shape,stem,surface,texture,type,unbranched,vine,white	.8,.9,0.1-0.2,0.6,0.7-1.2,0.8-1,1-1.5,1.2-2.5,1.5-2,1.5-7,14-19,15-20,2-4.5,4-4.5,4-5,4.5-8,8-10,acuminate,appearance,arrangement,bark,border,branch,bud,characteristic,chartaceous,cm,corrugation,densely,diameter,distal,drying,entire,exertion,extra-axillary,flattened,flower,giving,glabrous,glabrousnes,height,history,lanceolate,lateral,less,life,lobe,lobing,membranaceous,midpoint,na,new,number,obtuse,ovary,ovate,ovoid,peduncle,pendent,per,pinnate,plant,primary,ray,sand-punctate,seed,simple,size,slender,somewhat,stigma,style,symmetrical,terminal,thicknes,thinly,truncate,tube,variation,vein,weakly,width,x							0.8,1.5-2.0,absent,acute,appressed,articulation,asymmetric,basal,black,bract,branching,breeding,broad-based,cell,connective,distinct,elliptic-oblong,elongating,enlarged,flat,fleshy,fully,hair,herb,hermaphroditic,heteromorphism,inflated,insertion,internodal,interpetalar,leathery,lower,marking,mature,membranous,modification,monochasial,needle-like,none,odour,orange,orientation,paired,pattern,placement,plurifoliate,pore,position,present,purple,radially,red,rhizome,scale,simple-entire,smell,spot,staman,stellate,stone,structure,swollen,symmetric,symmetry,sympodial,system,tissue,trichome,tuber,unit,vegetative,xylopodia,yellow,zygomorphy	11.0	44.0	98.0	apex,berry,fruit,green,herbaceous,mm,pointed,rounded,unbranched,vine,white	.8,.9,0.1-0.2,0.6,0.7-1.2,0.8-1,1-1.5,1.2-2.5,1.5-2,1.5-7,14-19,15-20,2-4.5,4-4.5,4-5,4.5-8,8-10,acuminate,chartaceous,cm,densely,entire,extra-axillary,flattened,flower,glabrous,lanceolate,less,membranaceous,na,obtuse,ovate,ovoid,pendent,pinnate,sand-punctate,simple,slender,somewhat,symmetrical,thinly,truncate,weakly,x	0.8,1.5-2.0,absent,acute,anther,appressed,articulation,asymmetric,basal,base,black,bract,branching,breeding,broad-based,calyx,cell,colour,connective,corolla,distinct,elliptic-oblong,elongating,enlarged,filament,flat,fleshy,form,fruiting,fully,growth,hair,herb,hermaphroditic,heteromorphism,inflated,inflorescence,insertion,interjected,internodal,interpetalar,leaf,leaflet,leathery,length,lower,margin,marking,mature,membranous,modification,monochasial,needle-like,none,odour,orange,orientation,paired,pattern,pedicel,petiole,placement,plurifoliate,pore,position,present,prickle,pseudostipule,purple,radially,red,rhizome,scale,shape,simple-entire,smell,spot,staman,stellate,stem,stone,structure,surface,swollen,symmetric,symmetry,sympodial,system,texture,tissue,trichome,tuber,type,unit,vegetative,xylopodia,yellow,zygomorphy
369	wfo-0001030176	invalid_json_followup	NA	39	NA	34	94	78	anther,apex,attenuate,base,berry,calyx,colour,corolla,filament,form,fruit,fruiting,growth,herb,inflorescence,interjected,leaf,leaflet,length,margin,mm,pedicel,petiole,prickle,pseudostipule,shape,simple,stem,surface,texture,type,unbranched,white,yellow	.2,.7,0.5-2,0.7-1.4,0.7–0.8,1.2,1.2-2.5,1.6,2.25-3.25,2.5–7.5,2.5–9,3-5,3-lobed,6-8,6–8,acute,appearance,arrangement,bark,bilobed,border,branch,broadly,bud,capitate,characteristic,ciliate,cm,corrugation,decumbent,depressed-globose,diameter,distal,drying,especially,exertion,extra-axillary,few-branched,flattened-reniform,flower,giving,glabrous,glabrousnes,height,history,lanceolate-oblong,lateral,life,light,lobe,lobing,long,midpoint,midrib,na,near,nearly,new,node,number,numerous,oblong,often,ovary,ovate,pale,peduncle,per,plant,primary,prostrate,pubescent,rarely,ray,recurved,ripe,seed,size,slightly,sometimes,sparsely,stigma,style,terminal,thicknes,tube,value,variation,vein,violet,width,x,yellow-orange,young							0.45-0.6,1.6-2.0,2-locular,absent,appressed,articulation,basal,bract,branching,breeding,broad-based,cell,connective,cuneate,depressed,difoliate,eglandular,elliptic-oblong,elongating,enlarged,flat,fleshy,forked,fully,hair,hermaphroditic,heteromorphism,inflated,insertion,interpetalar,leaf-opposed,leathery,lower,marking,mature,membranous,modification,monochasial,multicellular,needle-like,non-geminate,none,odour,orange,orientation,paired,pattern,placement,pore,position,present,radially,red,rhizome,rotate,round,scale,simple-lobed,simple-pinnatifid,smell,spot,staman,stellate,stone,structure,swollen,symmetric,symmetry,sympodial,system,tissue,trichome,tuber,unit,vegetative,winged,xylopodia,zygomorphy	34.0	94.0	78.0	anther,apex,attenuate,base,berry,calyx,colour,corolla,filament,form,fruit,fruiting,growth,herb,inflorescence,interjected,leaf,leaflet,length,margin,mm,pedicel,petiole,prickle,pseudostipule,shape,simple,stem,surface,texture,type,unbranched,white,yellow	.2,.7,0.5-2,0.7-1.4,0.7–0.8,1.2,1.2-2.5,1.6,2.25-3.25,2.5–7.5,2.5–9,3-5,3-lobed,6-8,6–8,acute,appearance,arrangement,bark,bilobed,border,branch,broadly,bud,capitate,characteristic,ciliate,cm,corrugation,decumbent,depressed-globose,diameter,distal,drying,especially,exertion,extra-axillary,few-branched,flattened-reniform,flower,giving,glabrous,glabrousnes,height,history,lanceolate-oblong,lateral,life,light,lobe,lobing,long,midpoint,midrib,na,near,nearly,new,node,number,numerous,oblong,often,ovary,ovate,pale,peduncle,per,plant,primary,prostrate,pubescent,rarely,ray,recurved,ripe,seed,size,slightly,sometimes,sparsely,stigma,style,terminal,thicknes,tube,value,variation,vein,violet,width,x,yellow-orange,young	0.45-0.6,1.6-2.0,2-locular,absent,appressed,articulation,basal,bract,branching,breeding,broad-based,cell,connective,cuneate,depressed,difoliate,eglandular,elliptic-oblong,elongating,enlarged,flat,fleshy,forked,fully,hair,hermaphroditic,heteromorphism,inflated,insertion,interpetalar,leaf-opposed,leathery,lower,marking,mature,membranous,modification,monochasial,multicellular,needle-like,non-geminate,none,odour,orange,orientation,paired,pattern,placement,pore,position,present,radially,red,rhizome,rotate,round,scale,simple-lobed,simple-pinnatifid,smell,spot,staman,stellate,stone,structure,swollen,symmetric,symmetry,sympodial,system,tissue,trichome,tuber,unit,vegetative,winged,xylopodia,zygomorphy
370	wfo-0001030180	success	40	38	7	32	91	72	anther,apex,attenuate,base,berry,branch,calyx,colour,corolla,filament,form,fruit,fruiting,green,growth,inflorescence,leaf,length,margin,mm,pedicel,petiole,shape,shrub,stem,surface,terminal,texture,trichome,type,white,winged	.1,.5,.75,0.05-1,0.8-2,0.9-1.8,1-1.5,1.1-1.2,10-30-flowered,3-8,4.5-5,6,8-10,8.5-23,?,abruptly,alternate,anthesi,appearing,arrangement,bark,becoming,bud,characteristic,clavate,club,cm,corrugation,dark,decurrent,deflexed,dia,diameter,drying,ellipsoid,erect,exertion,exserted,furcate,glabrate,glabrous,glabrousnes,globose,height,history,immature,lateral,life,linear,lobed,lobing,long,long-acuminate,main,minutely,na,narrowing,nearly,new,number,occasionally,opposite,ovary,pair,papillate,papillose,peduncle,per,planar,plant,primary,puberulent,rounded,seed,shaped,size,slender,slightly,soon,sparsely,stigma,straight,style,tear-drop,tip,tube,uniseriate,unknown,vein,x,yellowish							0.5,3.0,absent,appressed,articulation,basal,bract,branching,breeding,broad-based,cell,connective,discrete,distinct,eglandular,elliptic-oblong,enlarged,flat,fleshy,fork,forked,hair,heteromorphism,inflated,insertion,interjected,interpetalar,leaf-opposed,leaflet,leathery,lower,marking,mature,membranous,modification,monochasial,multicellular,needle-like,none,odour,orientation,paired,pattern,placement,plurifoliate,pore,position,prickle,pseudostipule,radially,rhizome,round,scale,simple,simple-entire,smell,spot,staman,stellate,stone,structure,swollen,symmetric,symmetry,sympodial,system,tissue,tuber,unit,vegetative,xylopodia,zygomorphy	14.0	67.0	90.0	attenuate,base,berry,calyx,green,leaf,mm,pedicel,petiole,shrub,terminal,trichome,white,winged	.1,.5,.75,0.05-1,0.8-2,0.9-1.8,1-1.5,1.1-1.2,10-30-flowered,3-8,4.5-5,6,8-10,8.5-23,?,abruptly,alternate,anthesi,appearing,becoming,clavate,club,cm,dark,decurrent,deflexed,dia,ellipsoid,erect,exserted,furcate,glabrate,glabrous,globose,immature,lateral,linear,lobed,long,long-acuminate,main,minutely,na,narrowing,nearly,occasionally,opposite,pair,papillate,papillose,planar,puberulent,rounded,shaped,slender,slightly,soon,sparsely,straight,tear-drop,tip,tube,uniseriate,unknown,vein,x,yellowish	0.5,3.0,absent,anther,apex,appressed,articulation,basal,bract,branch,branching,breeding,broad-based,cell,colour,connective,corolla,discrete,distinct,eglandular,elliptic-oblong,enlarged,filament,flat,fleshy,fork,forked,form,fruit,fruiting,growth,hair,heteromorphism,inflated,inflorescence,insertion,interjected,interpetalar,leaf-opposed,leaflet,leathery,length,lower,margin,marking,mature,membranous,modification,monochasial,multicellular,needle-like,none,odour,orientation,paired,pattern,placement,plurifoliate,pore,position,prickle,pseudostipule,radially,rhizome,round,scale,shape,simple,simple-entire,smell,spot,staman,stellate,stem,stone,structure,surface,swollen,symmetric,symmetry,sympodial,system,texture,tissue,tuber,type,unit,vegetative,xylopodia,zygomorphy
371	wfo-0001030189	success	46	39	7	33	84	82	anther,apex,base,berry,branch,calyx,colour,cordate,corolla,filament,form,fruit,fruiting,growth,inflorescence,leaf,length,lower,margin,mm,orange,pedicel,petiole,purple,red,rounded,shape,shrub,stem,surface,terminal,texture,type	/3,0-1,0-30,0.5-1.6,0.9-1.1,1,1-1.5,1.1-2.7-4,1.3-4.2,1.5-4.5,1.5-5,1/3,1/4,2-5.5,3-4,3.2-4.5,4-5.5,abaxially,apparently,arrangement,articulated,bark,characteristic,chartaceous,cm,concolorous,densely,diameter,drying,dull,elliptic,entire,erect,evenly,exertion,flattened-reniform,glabrescent,glabrousnes,gray,green,height,history,lateral,life,lobing,long,maturity,mauve,moderately,na,new,number,oblong,obtuse,ovary,ovate,pair,peduncle,per,perennial,plant,poricidal,primary,red-brown,seed,simple,size,sometimes,sparsely,spherical,stellate-pubescent,stigma,style,tapering,tip,tube,unarmed,upper,vein,way,wide,yellow,yellow-green,young							2.0,5.0-6.0,absent,absent-inflorescence,absent-leaf,absent-stem,appressed,articulation,basal,blue,bract,branching,breeding,broad-based,cell,connective,dichasial,discrete,distinct,eglandular,enlarged,flat,fleshy,fork,fully,glandular,hair,hermaphroditic,heteromorphism,inflated,insertion,interjected,internodal,interpetalar,leaflet,leathery,lilac,marking,mature,membranous,modification,needle-like,none,odour,orientation,paired,pattern,pink,placement,plurifoliate,pore,position,present,prickle,pseudostipule,radially,rhizome,round,scale,simple-entire,smell,spot,staman,stellate,stone,structure,swollen,symmetric,symmetry,sympodial,system,tapered-lanceolate,tissue,trichome,tuber,unbranched,unit,vegetative,vine,woody,xylopodia,zygomorphy	11.0	62.0	104.0	base,berry,cordate,lower,mm,orange,purple,red,rounded,shrub,terminal	/3,0-1,0-30,0.5-1.6,0.9-1.1,1,1-1.5,1.1-2.7-4,1.3-4.2,1.5-4.5,1.5-5,1/3,1/4,2-5.5,3-4,3.2-4.5,4-5.5,abaxially,apparently,articulated,chartaceous,cm,concolorous,densely,diameter,dull,elliptic,entire,erect,evenly,flattened-reniform,glabrescent,gray,green,lateral,long,maturity,mauve,moderately,na,oblong,obtuse,ovate,pair,per,perennial,poricidal,red-brown,simple,sometimes,sparsely,spherical,stellate-pubescent,tapering,tip,unarmed,upper,way,wide,yellow,yellow-green,young	2.0,5.0-6.0,absent,absent-inflorescence,absent-leaf,absent-stem,anther,apex,appressed,articulation,basal,blue,bract,branch,branching,breeding,broad-based,calyx,cell,colour,connective,corolla,dichasial,discrete,distinct,eglandular,enlarged,filament,flat,fleshy,fork,form,fruit,fruiting,fully,glandular,growth,hair,hermaphroditic,heteromorphism,inflated,inflorescence,insertion,interjected,internodal,interpetalar,leaf,leaflet,leathery,length,lilac,margin,marking,mature,membranous,modification,needle-like,none,odour,orientation,paired,pattern,pedicel,petiole,pink,placement,plurifoliate,pore,position,present,prickle,pseudostipule,radially,rhizome,round,scale,shape,simple-entire,smell,spot,staman,stellate,stem,stone,structure,surface,swollen,symmetric,symmetry,sympodial,system,tapered-lanceolate,texture,tissue,trichome,tuber,type,unbranched,unit,vegetative,vine,woody,xylopodia,zygomorphy
372	wfo-0001030219	invalid_json_followup	NA	39	NA	40	104	75	anther,apex,base,black,blue,branch,calyx,colour,corolla,filament,form,fruit,fruiting,green,growth,hair,inflorescence,interjected,leaf,leaflet,length,lilac,margin,marking,mm,multicellular,pedicel,petiole,prickle,pseudostipule,purple,shape,shrub,simple,stem,surface,terminal,texture,type,winged	0.1–0.3,0.2–2.3,0.5,0.5–,0.7–1.1,1.0–1.2,1.0–2.2,1.5,1.6–,2.0–2.5,2.0–3.2,2.4–6.0,2–,2–3,3,4.5–5.5,4.8–11.5,4–5,4–7,60,6–8,9–10,abaxially,acute,adaxially,anthesi,appearance,arrangement,articulated,bark,branched,brown,bud,characteristic,clavate,cm,corrugation,decurrent,deeply,densely,diameter,distal,drying,elliptic,exertion,flattened,flower,giving,glabrescent,glabrous,glabrousnes,globose,height,history,incised,indistinct,lanceolate,lateral,life,lobe,lobing,long,midpoint,moderately,na,new,number,oblong,olive,opposite,ovary,ovate,pair,pale,paler,peduncle,per,perennial,pitted,plant,primary,pubescent,ray,regularly,seed,shallowly,size,spaced,sparsely,stigma,style,thicknes,time,tube,unicellular,uniseriate,value,variation,vein,velutinous,width,woody,x,–9.5							2.0-5.5,4.5-5.5,absent,appressed,articulation,attenuate,basal,berry,bract,branching,breeding,broad-based,cell,connective,difoliate,eglandular,elliptic-oblong,elongating,enlarged,flat,fleshy,fork,forked,fully,hermaphroditic,heteromorphism,inflated,insertion,interpetalar,leathery,lower,mature,membranous,modification,monochasial,multi-branched,needle-like,non-geminate,none,odour,orientation,paired,pattern,pink,placement,pore,position,present,radially,rhizome,rotate,round,scale,sessile,simple-lobed,simple-toothed,smell,spot,staman,stellate,stone,stripe,structure,swollen,symmetric,symmetry,sympodial,system,tissue,trichome,tuber,unit,vegetative,xylopodia,zygomorphy	40.0	104.0	75.0	anther,apex,base,black,blue,branch,calyx,colour,corolla,filament,form,fruit,fruiting,green,growth,hair,inflorescence,interjected,leaf,leaflet,length,lilac,margin,marking,mm,multicellular,pedicel,petiole,prickle,pseudostipule,purple,shape,shrub,simple,stem,surface,terminal,texture,type,winged	0.1–0.3,0.2–2.3,0.5,0.5–,0.7–1.1,1.0–1.2,1.0–2.2,1.5,1.6–,2.0–2.5,2.0–3.2,2.4–6.0,2–,2–3,3,4.5–5.5,4.8–11.5,4–5,4–7,60,6–8,9–10,abaxially,acute,adaxially,anthesi,appearance,arrangement,articulated,bark,branched,brown,bud,characteristic,clavate,cm,corrugation,decurrent,deeply,densely,diameter,distal,drying,elliptic,exertion,flattened,flower,giving,glabrescent,glabrous,glabrousnes,globose,height,history,incised,indistinct,lanceolate,lateral,life,lobe,lobing,long,midpoint,moderately,na,new,number,oblong,olive,opposite,ovary,ovate,pair,pale,paler,peduncle,per,perennial,pitted,plant,primary,pubescent,ray,regularly,seed,shallowly,size,spaced,sparsely,stigma,style,thicknes,time,tube,unicellular,uniseriate,value,variation,vein,velutinous,width,woody,x,–9.5	2.0-5.5,4.5-5.5,absent,appressed,articulation,attenuate,basal,berry,bract,branching,breeding,broad-based,cell,connective,difoliate,eglandular,elliptic-oblong,elongating,enlarged,flat,fleshy,fork,forked,fully,hermaphroditic,heteromorphism,inflated,insertion,interpetalar,leathery,lower,mature,membranous,modification,monochasial,multi-branched,needle-like,non-geminate,none,odour,orientation,paired,pattern,pink,placement,pore,position,present,radially,rhizome,rotate,round,scale,sessile,simple-lobed,simple-toothed,smell,spot,staman,stellate,stone,stripe,structure,swollen,symmetric,symmetry,sympodial,system,tissue,trichome,tuber,unit,vegetative,xylopodia,zygomorphy
373	wfo-0001030225	success	27	37	4	38	85	76	anther,apex,basal,base,branch,calyx,colour,cordate,corolla,cuneate,filament,forked,form,fruit,fruiting,growth,inflorescence,interjected,leaf,leaflet,length,margin,mm,pedicel,petiole,prickle,pseudostipule,purple,shape,shrub,simple,stem,surface,terminal,texture,tree,type,unbranched	.5-2.5,1,1-4,1-6,10-15-30,10-30,2-18,2-3,2-6,3-11-compound,3-20,3-5,4-5,8-15,acuminate,acute,apical,appearance,arrangement,bark,bilobed,border,bud,characteristic,cm,conivent,corrugation,deltate,densely,diameter,distal,drying,elliptic-ovate,entire,exertion,expanded,flower,giving,glabrous,glabrousnes,gland,globose,height,history,lateral,less,life,lobe,lobing,long,midpoint,moderately,na,narrowly,new,number,oblong,obtuse,ovary,peduncle,per,pinnately,plant,possibly,primary,puberulent,ray,seed,shallowly,size,small,sparsely,stigma,style,succulent,thicknes,tip,triangular,truncate,tube,two,variation,vein,width,x							3.0-4.0,absent,andromonoecious,appressed,articulation,axillary,berry,blue,bract,branching,breeding,broad-based,campanulate,cell,compound-entire,connective,discrete,distinct,eglandular,elliptic-oblong,enlarged,flat,fleshy,fork,fully,green,hair,hermaphroditic,heteromorphism,inflated,insertion,internodal,interpetalar,leathery,lilac,lower,marking,mature,modification,multicellular,needle-like,none,odour,orientation,paired,pattern,pink,placement,pore,position,present,radially,rhizome,round,scale,simple-entire,smell,spot,staman,stellate,stone,structure,swollen,symmetric,symmetry,sympodial,system,tissue,trichome,trifoliate,tuber,unit,vegetative,xylopodia,yellow,zygomorphy	11.0	50.0	103.0	apex,basal,cordate,cuneate,forked,mm,purple,shrub,simple,tree,unbranched	.5-2.5,1,1-4,1-6,10-15-30,10-30,2-18,2-3,2-6,3-11-compound,3-20,3-5,4-5,8-15,acuminate,acute,apical,bilobed,cm,conivent,deltate,densely,diameter,elliptic-ovate,entire,expanded,flower,glabrous,gland,globose,less,lobe,long,moderately,na,narrowly,oblong,obtuse,pinnately,possibly,puberulent,shallowly,small,sparsely,succulent,tip,triangular,truncate,two,x	3.0-4.0,absent,andromonoecious,anther,appressed,articulation,axillary,base,berry,blue,bract,branch,branching,breeding,broad-based,calyx,campanulate,cell,colour,compound-entire,connective,corolla,discrete,distinct,eglandular,elliptic-oblong,enlarged,filament,flat,fleshy,fork,form,fruit,fruiting,fully,green,growth,hair,hermaphroditic,heteromorphism,inflated,inflorescence,insertion,interjected,internodal,interpetalar,leaf,leaflet,leathery,length,lilac,lower,margin,marking,mature,modification,multicellular,needle-like,none,odour,orientation,paired,pattern,pedicel,petiole,pink,placement,pore,position,present,prickle,pseudostipule,radially,rhizome,round,scale,shape,simple-entire,smell,spot,staman,stellate,stem,stone,structure,surface,swollen,symmetric,symmetry,sympodial,system,terminal,texture,tissue,trichome,trifoliate,tuber,type,unit,vegetative,xylopodia,yellow,zygomorphy
374	wfo-0001030250	invalid_json_followup	NA	38	NA	32	112	68	0.5,2.5-3.25,anther,apex,base,berry,calyx,colour,corolla,filament,form,fruit,fruiting,green,growth,inflorescence,interjected,leaf,leaflet,length,margin,mm,pedicel,petiole,prickle,pseudostipule,shape,shrub,stem,surface,texture,type	/4,0.5-1,1-1.5,1-3,1.1-1.2,1.4-1.5,1.7-7,1.9-2.6,11.2-22,11.3,2-2.5,25,3.4-6.6,3.5-4,4-7,5-50-flowered,5-6,50,6-8,alternate,appearance,arrangement,bark,branch,brown,bud,bullate,capitate,characteristic,cm,conical,corrugation,curved,dark,decurren,decurrent,dia,diameter,distal,dry,drying,elliptic-ovate,exerted,exertion,giving,glabrous,glabrousnes,globose,greenish-white,greenish-yellow,height,history,horizontally,lateral,life,lobe,lobed,lobing,long,long-acuminate,main,midpoint,minutely,na,new,node,number,ovary,ovoid-reniform,pair,pale,paler,papillose,peduncle,pendulous,per,perennial,pit,pitted,plant,primary,ray,seed,shallow,shaped,simple,size,slender,slightly,smooth,soon,specimen,spreading,stigma,straight,style,tan,tapering,tear-drop,terminal,thicknes,translucent-green,tube,value,variation,vein,way,white-lenticellate,wide,width,winged,x							absent,acute,appressed,articulation,basal,bract,branching,breeding,broad-based,cell,connective,difoliate,discrete,distinct,elliptic-oblong,enlarged,flat,fleshy,geminate,hair,heteromorphism,inflated,insertion,interpetalar,leaf-opposed,leathery,lower,marking,mature,membranous,modification,monochasial,needle-like,none,odour,orientation,paired,pattern,placement,pore,position,present,radially,rhizome,round,scale,simple-entire,smell,spot,staman,stellate,stone,structure,swollen,symmetric,symmetry,sympodial,system,tissue,trichome,tuber,unbranched,unit,vegetative,white,xylopodia,yellow,zygomorphy	32.0	112.0	68.0	0.5,2.5-3.25,anther,apex,base,berry,calyx,colour,corolla,filament,form,fruit,fruiting,green,growth,inflorescence,interjected,leaf,leaflet,length,margin,mm,pedicel,petiole,prickle,pseudostipule,shape,shrub,stem,surface,texture,type	/4,0.5-1,1-1.5,1-3,1.1-1.2,1.4-1.5,1.7-7,1.9-2.6,11.2-22,11.3,2-2.5,25,3.4-6.6,3.5-4,4-7,5-50-flowered,5-6,50,6-8,alternate,appearance,arrangement,bark,branch,brown,bud,bullate,capitate,characteristic,cm,conical,corrugation,curved,dark,decurren,decurrent,dia,diameter,distal,dry,drying,elliptic-ovate,exerted,exertion,giving,glabrous,glabrousnes,globose,greenish-white,greenish-yellow,height,history,horizontally,lateral,life,lobe,lobed,lobing,long,long-acuminate,main,midpoint,minutely,na,new,node,number,ovary,ovoid-reniform,pair,pale,paler,papillose,peduncle,pendulous,per,perennial,pit,pitted,plant,primary,ray,seed,shallow,shaped,simple,size,slender,slightly,smooth,soon,specimen,spreading,stigma,straight,style,tan,tapering,tear-drop,terminal,thicknes,translucent-green,tube,value,variation,vein,way,white-lenticellate,wide,width,winged,x	absent,acute,appressed,articulation,basal,bract,branching,breeding,broad-based,cell,connective,difoliate,discrete,distinct,elliptic-oblong,enlarged,flat,fleshy,geminate,hair,heteromorphism,inflated,insertion,interpetalar,leaf-opposed,leathery,lower,marking,mature,membranous,modification,monochasial,needle-like,none,odour,orientation,paired,pattern,placement,pore,position,present,radially,rhizome,round,scale,simple-entire,smell,spot,staman,stellate,stone,structure,swollen,symmetric,symmetry,sympodial,system,tissue,trichome,tuber,unbranched,unit,vegetative,white,xylopodia,yellow,zygomorphy
375	wfo-0001030271	invalid_json_followup	NA	40	NA	41	96	70	acute,anther,apex,base,berry,blue,branch,calyx,colour,coriaceous,corolla,distal,filament,forked,form,fruit,fruiting,green,growth,herb,inflorescence,interjected,leaf,leaflet,length,lilac,margin,mm,ovoid,pedicel,petiole,prickle,pseudostipule,purple,shape,spot,stem,surface,terminal,texture,type	0-2,0.15-0.75,0.5-1.2,0.7-9.5,0.9-2.5,0.9-3.6,1-2,1-2.5,1.4-2.1,1.9-6.6,15-61,2-2.7,2-6,2.4-5.6,3-10,3.4-7.5,4-7,5.6-12.3,abaxially,adaxially,appearance,arrangement,attenuate,axillary,bark,border,brownish,bud,capitate,characteristic,clavate,cm,coloration,completely,condition,corrugation,dark,deep,diameter,drying,elliptic,exertion,fresh,generally,giving,glabrous,glabrousnes,green-white,greenish,half,height,history,lanceolate,lateral,life,light,lobe,lobing,long,medium,midpoint,mottled,mucilaginous,na,new,number,odd-pinnate,ovary,ovate,peduncle,per,petiolulate,plant,primary,ray,ripe,rounded,seed,size,stigma,style,subtending,thicknes,throughout,tube,unwinged,usually,value,variation,vein,wet,white,whitish,wide,width,x							1.0-2.0,1/2,4.0-7.0,absent,appressed,articulation,asymmetric,bract,branching,breeding,broad-based,cell,compound-entire,connective,cuneate,distinct,elliptic-oblong,elongating,enlarged,flat,fleshy,fork,fully,hair,hermaphroditic,heteromorphism,inflated,insertion,interpetalar,leathery,lower,marking,mature,modification,monochasial,needle-like,none,odour,orientation,paired,pattern,pink,placement,plurifoliate,pore,position,present,present-pair,radially,rhizome,rotate,scale,smell,staman,stellate,stone,structure,swollen,symmetric,symmetry,sympodial,system,tissue,trichome,trifoliate,tuber,unit,vegetative,xylopodia,zygomorphy	41.0	96.0	70.0	acute,anther,apex,base,berry,blue,branch,calyx,colour,coriaceous,corolla,distal,filament,forked,form,fruit,fruiting,green,growth,herb,inflorescence,interjected,leaf,leaflet,length,lilac,margin,mm,ovoid,pedicel,petiole,prickle,pseudostipule,purple,shape,spot,stem,surface,terminal,texture,type	0-2,0.15-0.75,0.5-1.2,0.7-9.5,0.9-2.5,0.9-3.6,1-2,1-2.5,1.4-2.1,1.9-6.6,15-61,2-2.7,2-6,2.4-5.6,3-10,3.4-7.5,4-7,5.6-12.3,abaxially,adaxially,appearance,arrangement,attenuate,axillary,bark,border,brownish,bud,capitate,characteristic,clavate,cm,coloration,completely,condition,corrugation,dark,deep,diameter,drying,elliptic,exertion,fresh,generally,giving,glabrous,glabrousnes,green-white,greenish,half,height,history,lanceolate,lateral,life,light,lobe,lobing,long,medium,midpoint,mottled,mucilaginous,na,new,number,odd-pinnate,ovary,ovate,peduncle,per,petiolulate,plant,primary,ray,ripe,rounded,seed,size,stigma,style,subtending,thicknes,throughout,tube,unwinged,usually,value,variation,vein,wet,white,whitish,wide,width,x	1.0-2.0,1/2,4.0-7.0,absent,appressed,articulation,asymmetric,bract,branching,breeding,broad-based,cell,compound-entire,connective,cuneate,distinct,elliptic-oblong,elongating,enlarged,flat,fleshy,fork,fully,hair,hermaphroditic,heteromorphism,inflated,insertion,interpetalar,leathery,lower,marking,mature,modification,monochasial,needle-like,none,odour,orientation,paired,pattern,pink,placement,plurifoliate,pore,position,present,present-pair,radially,rhizome,rotate,scale,smell,staman,stellate,stone,structure,swollen,symmetric,symmetry,sympodial,system,tissue,trichome,trifoliate,tuber,unit,vegetative,xylopodia,zygomorphy
376	wfo-0001030272	success	39	39	6	31	97	82	anther,apex,base,berry,calyx,colour,corolla,filament,form,fruit,fruiting,glandular,growth,hair,inflorescence,leaf,length,margin,membranous,mm,pedicel,petiole,shape,shrub,stem,surface,terminal,texture,trichome,type,unbranched	.3,.5,/4,0.5-1,0.5-1.5,0.6-0.9,0.65-1,0.7-2.5,0.8-1.5,1,1-1.5,1-2.8,1.2-1.8,1.5-2.5,1/3,2-6.5,2.5-3.5,2.8-3.5,4-6,4-8,acute,almost,apically,apparently,arrangement,articulated,bark,bright,characteristic,cm,concolorous,connivent,deltate,densely,diameter,drying,elliptic,entire,erect,evenly,flattened-reniform,flower,glabrescent,glabrous,glabrousnes,gray,green,height,history,lateral,less,life,lobing,long,long-attenuate,maturity,mauve,minute,multangulate,near,new,obtuse,orange-brown,ovary,pair,peduncle,perennial,plant,poricidal,primary,red,red-brown,rounded,seed,sessile,shallowly,simple,size,slender,sometimes,sparsely,spherical,spreading,stellate-pubescent,straight,style,tapering,terete,tip,tube,unarmed,undulate,upper,vein,way,wide,young							0.5-1.0,3.5-6.0,absent,absent-inflorescence,absent-leaf,absent-stem,appressed,articulation,basal,blue,bract,branch,branching,breeding,broad-based,cell,connective,cuneate,dichasial,difoliate,discrete,distinct,eglandular,enlarged,flat,fleshy,fork,fully,hermaphroditic,heteromorphism,inflated,insertion,interjected,internodal,interpetalar,leaflet,leathery,lilac,lower,marking,mature,modification,needle-like,non-geminate,none,odour,orientation,paired,pattern,pink,placement,pore,position,present,prickle,pseudostipule,purple,radially,rhizome,round,scale,simple-entire,simple-toothed,smell,spot,staman,stellate,stone,structure,swollen,symmetric,symmetry,sympodial,system,tapered-lanceolate,tissue,tuber,unit,vegetative,xylopodia,yellow,zygomorphy	11.0	79.0	102.0	base,berry,glandular,hair,membranous,mm,shrub,surface,terminal,trichome,unbranched	.3,.5,/4,0.5-1,0.5-1.5,0.6-0.9,0.65-1,0.7-2.5,0.8-1.5,1,1-1.5,1-2.8,1.2-1.8,1.5-2.5,1/3,2-6.5,2.5-3.5,2.8-3.5,4-6,4-8,acute,almost,apically,apparently,articulated,bright,cm,concolorous,connivent,deltate,densely,diameter,drying,elliptic,entire,erect,evenly,flattened-reniform,flower,glabrescent,glabrous,gray,green,lateral,less,long,long-attenuate,maturity,mauve,minute,multangulate,near,obtuse,orange-brown,pair,perennial,poricidal,red,red-brown,rounded,sessile,shallowly,simple,slender,sometimes,sparsely,spherical,spreading,stellate-pubescent,straight,tapering,terete,tip,unarmed,undulate,upper,way,wide,young	0.5-1.0,3.5-6.0,absent,absent-inflorescence,absent-leaf,absent-stem,anther,apex,appressed,articulation,basal,blue,bract,branch,branching,breeding,broad-based,calyx,cell,colour,connective,corolla,cuneate,dichasial,difoliate,discrete,distinct,eglandular,enlarged,filament,flat,fleshy,fork,form,fruit,fruiting,fully,growth,hermaphroditic,heteromorphism,inflated,inflorescence,insertion,interjected,internodal,interpetalar,leaf,leaflet,leathery,length,lilac,lower,margin,marking,mature,modification,needle-like,non-geminate,none,odour,orientation,paired,pattern,pedicel,petiole,pink,placement,pore,position,present,prickle,pseudostipule,purple,radially,rhizome,round,scale,shape,simple-entire,simple-toothed,smell,spot,staman,stellate,stem,stone,structure,swollen,symmetric,symmetry,sympodial,system,tapered-lanceolate,texture,tissue,tuber,type,unit,vegetative,xylopodia,yellow,zygomorphy
377	wfo-0001030287	invalid_json_followup	NA	38	NA	41	93	76	anther,apex,base,branch,branched,calyx,colour,corolla,filament,forked,form,fruit,fruiting,green,growth,hair,herb,inflorescence,interjected,leaf,leaflet,length,lilac,margin,mm,ovoid,pedicel,petiole,prickle,pseudostipule,purple,shape,shrub,simple,stem,surface,terminal,texture,truncate,type,unbranched	-40,0-15,0.5-1,1-2,1-2.5,1-4,1-5.5,1.5-10,1.5-2.5,1966,2,2-10,2-12,2-3-9-11,2.5-4,4-5,4.5-6,5-10,acute,appearance,arrangement,bark,bluish,border,bud,characteristic,chartaceous,cm,compound,corrugation,deltate,dendritic-pubescent,dendritically,densely,diameter,distal,down,drying,eglandular,ellipsoidal,elliptic-ovate,entire,exertion,fide,flattened,flower,giving,glabrous,glabrousnes,gland,height,history,lanceolate,lateral,life,lobe,lobing,long-stalked,midpoint,moderately,na,narrowly,new,number,oblong,ovary,peduncle,per,pinnately,plant,primary,pubescent,ray,rugulose,scattered,seed,size,smith,stigma,strongly,style,subcapitate,subcordate,subcoriaceous,thicknes,tip,tube,unknown,value,variation,vein,width,x							4.5-6.0,absent,appressed,articulation,basal,berry,blue,bract,branching,breeding,broad-based,cell,compound-entire,connective,cordate,coriaceous,dendritic,discrete,distinct,ellipsoid,elliptic-oblong,enlarged,flat,fleshy,fork,fully,glandular,hermaphroditic,heteromorphism,inflated,insertion,internodal,interpetalar,leathery,lower,marking,mature,membranous,modification,multicellular,near-basal,needle-like,none,odour,orientation,paired,pattern,pink,placement,plurifoliate,pore,position,present,radially,rhizome,scale,simple-entire,smell,spot,staman,stellate,stone,structure,swollen,symmetric,symmetry,sympodial,system,tapered-lanceolate,tissue,trichome,tuber,unit,vegetative,xylopodia,zygomorphy	41.0	93.0	76.0	anther,apex,base,branch,branched,calyx,colour,corolla,filament,forked,form,fruit,fruiting,green,growth,hair,herb,inflorescence,interjected,leaf,leaflet,length,lilac,margin,mm,ovoid,pedicel,petiole,prickle,pseudostipule,purple,shape,shrub,simple,stem,surface,terminal,texture,truncate,type,unbranched	-40,0-15,0.5-1,1-2,1-2.5,1-4,1-5.5,1.5-10,1.5-2.5,1966,2,2-10,2-12,2-3-9-11,2.5-4,4-5,4.5-6,5-10,acute,appearance,arrangement,bark,bluish,border,bud,characteristic,chartaceous,cm,compound,corrugation,deltate,dendritic-pubescent,dendritically,densely,diameter,distal,down,drying,eglandular,ellipsoidal,elliptic-ovate,entire,exertion,fide,flattened,flower,giving,glabrous,glabrousnes,gland,height,history,lanceolate,lateral,life,lobe,lobing,long-stalked,midpoint,moderately,na,narrowly,new,number,oblong,ovary,peduncle,per,pinnately,plant,primary,pubescent,ray,rugulose,scattered,seed,size,smith,stigma,strongly,style,subcapitate,subcordate,subcoriaceous,thicknes,tip,tube,unknown,value,variation,vein,width,x	4.5-6.0,absent,appressed,articulation,basal,berry,blue,bract,branching,breeding,broad-based,cell,compound-entire,connective,cordate,coriaceous,dendritic,discrete,distinct,ellipsoid,elliptic-oblong,enlarged,flat,fleshy,fork,fully,glandular,hermaphroditic,heteromorphism,inflated,insertion,internodal,interpetalar,leathery,lower,marking,mature,membranous,modification,multicellular,near-basal,needle-like,none,odour,orientation,paired,pattern,pink,placement,plurifoliate,pore,position,present,radially,rhizome,scale,simple-entire,smell,spot,staman,stellate,stone,structure,swollen,symmetric,symmetry,sympodial,system,tapered-lanceolate,tissue,trichome,tuber,unit,vegetative,xylopodia,zygomorphy
378	wfo-0001030300	invalid_json_followup	NA	41	NA	40	118	72	0.5,2-locular,absent,anther,apex,basal,base,calyx,colour,cordate,corolla,filament,form,fruit,fruiting,green,growth,herb,inflorescence,interjected,leaf,leaflet,length,margin,mm,pedicel,petiole,pore,prickle,pseudostipule,rounded,shape,simple,stem,surface,sympodial,texture,type,unit,yellow	-7,0.4-0.5,0.4-4.5,0.5-0.6,0.5-1,0.5-4,0.5-5,0.6-0.8-1,0.7-1.2,0.7-1.5,0.8-3,0.8-4,0.9-1,1,1-1.3,1-2,1-4,1.2-7.5,1.4-2.4,1.5-13,2-2.1,2-2.5,2-foliate,3/4,4-11,almost,anthesi,appendage,arrangement,articulated,bark,bifid,branch,brittle,broadly,brown,bud,capitate,characteristic,cm,corrugation,crenate,curved,deltate,densely,diameter,distal,drying,ellipsoidal,elliptical,elongate,entire,exertion,finely,glabrous,glabrousnes,globose,golden,hair-like,halfway,height,history,imparipinnate,interrupted,introrse,irregularly,large,lateral,less,life,like,lobing,long,midpoint,minute,na,new,number,obovate,occasionally,once-branched,orbicular,outgrowth,ovary,pale,peduncle,pentagonal,per,perennial,plant,population,primary,pubescent,ray,seed,size,slightly,sparsely,spathulate,stigma,strongly,style,terminal,thick,thicknes,triangular,tube,united,usually,value,variation,vein,wide,width,woody,yellowish,yellowish-green,zygomorphic							6.0-10.0,appressed,articulation,berry,bilaterally,bract,branching,breeding,broad-based,cell,compound-toothed,connective,dendritic,difoliate,distinct,eglandular,elliptic-oblong,elongating,enlarged,flat,fleshy,forked,fully,glandular,hair,hermaphroditic,heteromorphism,inflated,insertion,internodal,interpetalar,leathery,lower,marking,mature,membranous,modification,monochasial,multicellular,needle-like,non-geminate,none,odour,orientation,paired,pattern,placement,position,present,present-pair,rhizome,rotate,round,scale,smell,spot,staman,stellate,stone,structure,swollen,symmetric,symmetry,system,tissue,trichome,truncate,tuber,unbranched,vegetative,xylopodia,zygomorphy	40.0	118.0	72.0	0.5,2-locular,absent,anther,apex,basal,base,calyx,colour,cordate,corolla,filament,form,fruit,fruiting,green,growth,herb,inflorescence,interjected,leaf,leaflet,length,margin,mm,pedicel,petiole,pore,prickle,pseudostipule,rounded,shape,simple,stem,surface,sympodial,texture,type,unit,yellow	-7,0.4-0.5,0.4-4.5,0.5-0.6,0.5-1,0.5-4,0.5-5,0.6-0.8-1,0.7-1.2,0.7-1.5,0.8-3,0.8-4,0.9-1,1,1-1.3,1-2,1-4,1.2-7.5,1.4-2.4,1.5-13,2-2.1,2-2.5,2-foliate,3/4,4-11,almost,anthesi,appendage,arrangement,articulated,bark,bifid,branch,brittle,broadly,brown,bud,capitate,characteristic,cm,corrugation,crenate,curved,deltate,densely,diameter,distal,drying,ellipsoidal,elliptical,elongate,entire,exertion,finely,glabrous,glabrousnes,globose,golden,hair-like,halfway,height,history,imparipinnate,interrupted,introrse,irregularly,large,lateral,less,life,like,lobing,long,midpoint,minute,na,new,number,obovate,occasionally,once-branched,orbicular,outgrowth,ovary,pale,peduncle,pentagonal,per,perennial,plant,population,primary,pubescent,ray,seed,size,slightly,sparsely,spathulate,stigma,strongly,style,terminal,thick,thicknes,triangular,tube,united,usually,value,variation,vein,wide,width,woody,yellowish,yellowish-green,zygomorphic	6.0-10.0,appressed,articulation,berry,bilaterally,bract,branching,breeding,broad-based,cell,compound-toothed,connective,dendritic,difoliate,distinct,eglandular,elliptic-oblong,elongating,enlarged,flat,fleshy,forked,fully,glandular,hair,hermaphroditic,heteromorphism,inflated,insertion,internodal,interpetalar,leathery,lower,marking,mature,membranous,modification,monochasial,multicellular,needle-like,non-geminate,none,odour,orientation,paired,pattern,placement,position,present,present-pair,rhizome,rotate,round,scale,smell,spot,staman,stellate,stone,structure,swollen,symmetric,symmetry,system,tissue,trichome,truncate,tuber,unbranched,vegetative,xylopodia,zygomorphy
379	wfo-0001030311	invalid_json_followup	NA	40	NA	36	97	71	acute,anther,apex,base,berry,calyx,colour,corolla,filament,form,fruit,fruiting,growth,herbaceous,inflorescence,interjected,leaf,leaflet,length,lower,margin,membranous,mm,pedicel,petiole,prickle,pseudostipule,shape,stellate,stem,surface,texture,type,unbranched,vine,white	.2,0.5,0.6-1,0.8-1.2,1-1.5,1-2.5,1-3,1.2-7,1.5-5.5,1.5-8,1.8-2,15-22,2-2.5,2-6,2.2-2.5,2.2-3,2.5-9,3-5,5-10,5-pinnate,acuminate,appearance,arrangement,bark,border,branch,brown,bud,capitate,characteristic,chartaceous,clavate,cm,cordate,corrugation,deltoid,densely,diameter,distal,drying,entire,exertion,extra-axillary,flattened,flower,giving,glabrous,glabrousnes,granular,green,half,height,history,lateral,lenticular,life,lobe,lobing,membranaceous,midpoint,minutely,na,new,number,oblique,obtuse,orangish,ovary,ovoid-rhomboid,papillose,peduncle,per,plant,primary,pubescent,purplish,ray,rounded,sand-punctate,seed,size,slender,slightly,sparsely,stigma,style,tan,terminal,thickened,thicknes,tip,tube,value,variation,vein,width,x							0.6-1.0,2.0-2.5,absent,appressed,articulation,asymmetric,basal,black,bract,branching,breeding,broad-based,cell,compound-entire,connective,cuneate,distinct,eglandular,elliptic-oblong,elongating,enlarged,flat,fleshy,fully,hair,herb,hermaphroditic,heteromorphism,inflated,insertion,internodal,interpetalar,leathery,marking,mature,modification,monochasial,multicellular,needle-like,none,odour,orientation,ovoid,paired,pattern,placement,plurifoliate,pore,position,purple,radially,rhizome,scale,simple,smell,spot,staman,stone,structure,swollen,symmetric,symmetry,sympodial,system,tissue,trichome,tuber,unit,vegetative,xylopodia,zygomorphy	36.0	97.0	71.0	acute,anther,apex,base,berry,calyx,colour,corolla,filament,form,fruit,fruiting,growth,herbaceous,inflorescence,interjected,leaf,leaflet,length,lower,margin,membranous,mm,pedicel,petiole,prickle,pseudostipule,shape,stellate,stem,surface,texture,type,unbranched,vine,white	.2,0.5,0.6-1,0.8-1.2,1-1.5,1-2.5,1-3,1.2-7,1.5-5.5,1.5-8,1.8-2,15-22,2-2.5,2-6,2.2-2.5,2.2-3,2.5-9,3-5,5-10,5-pinnate,acuminate,appearance,arrangement,bark,border,branch,brown,bud,capitate,characteristic,chartaceous,clavate,cm,cordate,corrugation,deltoid,densely,diameter,distal,drying,entire,exertion,extra-axillary,flattened,flower,giving,glabrous,glabrousnes,granular,green,half,height,history,lateral,lenticular,life,lobe,lobing,membranaceous,midpoint,minutely,na,new,number,oblique,obtuse,orangish,ovary,ovoid-rhomboid,papillose,peduncle,per,plant,primary,pubescent,purplish,ray,rounded,sand-punctate,seed,size,slender,slightly,sparsely,stigma,style,tan,terminal,thickened,thicknes,tip,tube,value,variation,vein,width,x	0.6-1.0,2.0-2.5,absent,appressed,articulation,asymmetric,basal,black,bract,branching,breeding,broad-based,cell,compound-entire,connective,cuneate,distinct,eglandular,elliptic-oblong,elongating,enlarged,flat,fleshy,fully,hair,herb,hermaphroditic,heteromorphism,inflated,insertion,internodal,interpetalar,leathery,marking,mature,modification,monochasial,multicellular,needle-like,none,odour,orientation,ovoid,paired,pattern,placement,plurifoliate,pore,position,purple,radially,rhizome,scale,simple,smell,spot,staman,stone,structure,swollen,symmetric,symmetry,sympodial,system,tissue,trichome,tuber,unit,vegetative,xylopodia,zygomorphy
380	wfo-0001030311	invalid_json_followup	NA	40	NA	34	93	73	absent,acute,anther,apex,base,calyx,colour,corolla,filament,form,fruit,fruiting,growth,herb,inflorescence,interjected,leaf,leaflet,length,lower,margin,mm,pedicel,petiole,plurifoliate,prickle,pseudostipule,shape,stem,surface,texture,type,unbranched,white	.2,0.4-2,0.5,0.6-1,0.8-1.2,0.8-4,1-1.5,1-2.5,1-3,1.2-7,1.5-2,1.5-5.5,1.5-8,1.8-2,15-22,2-2.5,2-6,2.2-2.5,2.2-3,3-5,5-10,5-pinnate,acuminate,arrangement,bark,basally,branch,brown,bud,capitate,characteristic,chartaceous,cm,cordate,corrugation,densely,diameter,distal,drying,entire,exertion,flattened,flower,glabrous,glabrousnes,granular,green,half,height,history,lateral,lenticular,life,lobe,lobing,long,membranaceous,midpoint,minutely,na,new,number,oblique,oblong,obtuse,orangish,ovary,ovoid-rhomboid,papillose,peduncle,per,plant,primary,pubescent,purplish,ray,rounded,seed,size,slender,slightly,sparsely,stigma,style,tan,terminal,thicknes,tube,value,variation,vein,width,x							0.6-1.0,2.0-2.5,appressed,articulation,asymmetric,basal,berry,black,bract,branching,breeding,broad-based,cell,compound-entire,connective,cuneate,distinct,eglandular,elliptic-oblong,elongating,enlarged,flat,fleshy,fully,hair,herbaceous,hermaphroditic,heteromorphism,inflated,insertion,internodal,interpetalar,leathery,marking,mature,membranous,modification,monochasial,multicellular,needle-like,none,odour,orientation,ovoid,paired,pattern,placement,pore,position,purple,radially,rhizome,scale,simple,smell,spot,staman,stellate,stone,structure,swollen,symmetric,symmetry,sympodial,system,tissue,trichome,tuber,unit,vegetative,vine,xylopodia,zygomorphy	34.0	93.0	73.0	absent,acute,anther,apex,base,calyx,colour,corolla,filament,form,fruit,fruiting,growth,herb,inflorescence,interjected,leaf,leaflet,length,lower,margin,mm,pedicel,petiole,plurifoliate,prickle,pseudostipule,shape,stem,surface,texture,type,unbranched,white	.2,0.4-2,0.5,0.6-1,0.8-1.2,0.8-4,1-1.5,1-2.5,1-3,1.2-7,1.5-2,1.5-5.5,1.5-8,1.8-2,15-22,2-2.5,2-6,2.2-2.5,2.2-3,3-5,5-10,5-pinnate,acuminate,arrangement,bark,basally,branch,brown,bud,capitate,characteristic,chartaceous,cm,cordate,corrugation,densely,diameter,distal,drying,entire,exertion,flattened,flower,glabrous,glabrousnes,granular,green,half,height,history,lateral,lenticular,life,lobe,lobing,long,membranaceous,midpoint,minutely,na,new,number,oblique,oblong,obtuse,orangish,ovary,ovoid-rhomboid,papillose,peduncle,per,plant,primary,pubescent,purplish,ray,rounded,seed,size,slender,slightly,sparsely,stigma,style,tan,terminal,thicknes,tube,value,variation,vein,width,x	0.6-1.0,2.0-2.5,appressed,articulation,asymmetric,basal,berry,black,bract,branching,breeding,broad-based,cell,compound-entire,connective,cuneate,distinct,eglandular,elliptic-oblong,elongating,enlarged,flat,fleshy,fully,hair,herbaceous,hermaphroditic,heteromorphism,inflated,insertion,internodal,interpetalar,leathery,marking,mature,membranous,modification,monochasial,multicellular,needle-like,none,odour,orientation,ovoid,paired,pattern,placement,pore,position,purple,radially,rhizome,scale,simple,smell,spot,staman,stellate,stone,structure,swollen,symmetric,symmetry,sympodial,system,tissue,trichome,tuber,unit,vegetative,vine,xylopodia,zygomorphy
381	wfo-0001030335	invalid_json_followup	NA	38	NA	39	122	64	0.25-0.5,acute,anther,apex,base,berry,calyx,colour,corolla,filament,form,fruit,fruiting,green,growth,inflorescence,interjected,leaf,leaflet,length,margin,mm,pedicel,petiole,pore,prickle,pseudostipule,shape,shrub,simple,stem,surface,texture,trichome,type,unifoliate,white,winged,yellow	.25,.75,0-5,0.05-0.2,0.1-0.5,0.5-1,0.7-1,1-1.5,1-2,1-3-flowered,1.1-1.4,1.1.5,2-2.2,2-2.5,2-4.5,2-5,2.5-3,3/4,5-6,5-7,7-13,acuminate,along,anthesi,arrangement,aspect,bark,beneath,bi-lobed,branch,bud,characteristic,cm,conical,corrugation,dark,deciduous,decurrent,densely,dia,diameter,distal,dry,drying,elliptic,erect,exertion,exserted,filiform,flattened,gently,giving,glabrous,glabrousnes,globose,greyish-red,height,history,horizontally,lateral,life,lightly,like,lobe,lobed,lobing,long,main,material,midpoint,minute,minutely,na,narrowly,new,number,obovoid,often,older,onto,opposite,ovary,ovoid-reniform,pair,pale,papillose,peduncle,per,pitted,plant,poricidal,primary,puberulent,pubescent,ray,reflexed,ripe,seed,shaped,size,soon,spreading,stigma,straight,strongly,style,tan,tapering,tear-drop,terminal,thicknes,tip,tube,uniseriate,value,variation,vein,way,width,x,yellowish-green,young							2.0-2.5,absent,appressed,articulation,basal,bract,branching,breeding,broad-based,cell,connective,discrete,distinct,eglandular,elliptic-oblong,enlarged,flat,fleshy,hair,heteromorphism,inflated,insertion,interpetalar,leaf-opposed,leathery,lower,marking,mature,membranous,modification,monochasial,multicellular,needle-like,none,odour,orientation,paired,pattern,placement,position,present,radially,rhizome,round,scale,simple-entire,smell,spot,staman,stellate,stone,structure,swollen,symmetric,symmetry,sympodial,system,tissue,tuber,unbranched,unit,vegetative,xylopodia,zygomorphy	39.0	122.0	64.0	0.25-0.5,acute,anther,apex,base,berry,calyx,colour,corolla,filament,form,fruit,fruiting,green,growth,inflorescence,interjected,leaf,leaflet,length,margin,mm,pedicel,petiole,pore,prickle,pseudostipule,shape,shrub,simple,stem,surface,texture,trichome,type,unifoliate,white,winged,yellow	.25,.75,0-5,0.05-0.2,0.1-0.5,0.5-1,0.7-1,1-1.5,1-2,1-3-flowered,1.1-1.4,1.1.5,2-2.2,2-2.5,2-4.5,2-5,2.5-3,3/4,5-6,5-7,7-13,acuminate,along,anthesi,arrangement,aspect,bark,beneath,bi-lobed,branch,bud,characteristic,cm,conical,corrugation,dark,deciduous,decurrent,densely,dia,diameter,distal,dry,drying,elliptic,erect,exertion,exserted,filiform,flattened,gently,giving,glabrous,glabrousnes,globose,greyish-red,height,history,horizontally,lateral,life,lightly,like,lobe,lobed,lobing,long,main,material,midpoint,minute,minutely,na,narrowly,new,number,obovoid,often,older,onto,opposite,ovary,ovoid-reniform,pair,pale,papillose,peduncle,per,pitted,plant,poricidal,primary,puberulent,pubescent,ray,reflexed,ripe,seed,shaped,size,soon,spreading,stigma,straight,strongly,style,tan,tapering,tear-drop,terminal,thicknes,tip,tube,uniseriate,value,variation,vein,way,width,x,yellowish-green,young	2.0-2.5,absent,appressed,articulation,basal,bract,branching,breeding,broad-based,cell,connective,discrete,distinct,eglandular,elliptic-oblong,enlarged,flat,fleshy,hair,heteromorphism,inflated,insertion,interpetalar,leaf-opposed,leathery,lower,marking,mature,membranous,modification,monochasial,multicellular,needle-like,none,odour,orientation,paired,pattern,placement,position,present,radially,rhizome,round,scale,simple-entire,smell,spot,staman,stellate,stone,structure,swollen,symmetric,symmetry,sympodial,system,tissue,tuber,unbranched,unit,vegetative,xylopodia,zygomorphy
382	wfo-0001030336	invalid_json_followup	NA	41	NA	46	158	71	0.5,0.5-0.7,acute,anther,apex,base,calyx,cell,colour,corolla,distal,eglandular,filament,form,fruit,fruiting,glandular,green,growth,herb,inflorescence,interjected,leaf,leaflet,length,margin,mm,pedicel,petiole,present,pseudostipule,purple,rotate,rounded,shape,simple,stellate,stem,surface,sympodial,texture,trichome,truncate,type,unit,yellow	-10,.5,0-2-9,0.1-0.5,0.1-0.7,0.15-0.9,0.2-1,0.3-1.1,0.5-1.5,0.6-1.5,0.8-1.3,0.8-3,1,1-1.5,1-3,1-celled,1.0-1.4,1.5-2,1.5-3.5,1.5-4-10,1.6-7,1.7-2.3,1.8-3.0,1/4-1/3,2-foliate,2-locular,4,4-10-19,4-celled,6,8-20,8-celled,adpressed,almost,amongst,anthesi,appearance,arrangement,articulated,bark,basiscopically,bent,bifurcate,bluntly,branch,bright,brown,bud,capitate,characteristic,clavate,cm,coat,conical,corrugation,crenate,curved,dark,darker,decurrent,deeply,densely,diameter,drying,elliptic,elongate,entire,exertion,exserted,extremely,flower,flushed,giving,glabrousnes,globose,grayish,greenish,hair-like,half,halfway,head,height,history,imparipinnate,interrupted,lanceolate,large,lateral,less,life,like,lobed,lobing,long,longer,markedly,middle,midvein,minutely,mixed,na,new,number,oblique,obovate,occasionally,once-branched,orbicular,outgrowth,ovary,pale,peduncle,per,perennial,petiolule,plant,primary,proximal,puberulent,pubescent,rachi,rest,scattered,seed,sessile,shaggy,shorter,silky,size,slightly,sometimes,sparse,stigma,strongly,style,ten,terminal,testa,thick,tip,tube,two,unicellular,uniformly,uniseriate,upper,usually,value,variation,vein,velvety,wall,way,white,wide,width,woody,young							1/2,absent,appressed,articulation,asymmetric,berry,bilaterally,black,bract,branching,breeding,broad-based,compound-toothed,connective,dendritic,difoliate,distinct,elongated,elongating,enlarged,flat,fleshy,forked,fully,hair,hermaphroditic,heteromorphism,inflated,insertion,internodal,interpetalar,leathery,lower,marking,mature,membranous,modification,monochasial,multi-branched,multicellular,needle-like,non-geminate,none,odour,orientation,paired,pattern,placement,pore,position,present-pair,prickle,radially,rhizome,round,scale,smell,spot,staman,stone,structure,swollen,symmetric,symmetry,system,tapered-lanceolate,tissue,tuber,vegetative,xylopodia,zygomorphy	46.0	158.0	71.0	0.5,0.5-0.7,acute,anther,apex,base,calyx,cell,colour,corolla,distal,eglandular,filament,form,fruit,fruiting,glandular,green,growth,herb,inflorescence,interjected,leaf,leaflet,length,margin,mm,pedicel,petiole,present,pseudostipule,purple,rotate,rounded,shape,simple,stellate,stem,surface,sympodial,texture,trichome,truncate,type,unit,yellow	-10,.5,0-2-9,0.1-0.5,0.1-0.7,0.15-0.9,0.2-1,0.3-1.1,0.5-1.5,0.6-1.5,0.8-1.3,0.8-3,1,1-1.5,1-3,1-celled,1.0-1.4,1.5-2,1.5-3.5,1.5-4-10,1.6-7,1.7-2.3,1.8-3.0,1/4-1/3,2-foliate,2-locular,4,4-10-19,4-celled,6,8-20,8-celled,adpressed,almost,amongst,anthesi,appearance,arrangement,articulated,bark,basiscopically,bent,bifurcate,bluntly,branch,bright,brown,bud,capitate,characteristic,clavate,cm,coat,conical,corrugation,crenate,curved,dark,darker,decurrent,deeply,densely,diameter,drying,elliptic,elongate,entire,exertion,exserted,extremely,flower,flushed,giving,glabrousnes,globose,grayish,greenish,hair-like,half,halfway,head,height,history,imparipinnate,interrupted,lanceolate,large,lateral,less,life,like,lobed,lobing,long,longer,markedly,middle,midvein,minutely,mixed,na,new,number,oblique,obovate,occasionally,once-branched,orbicular,outgrowth,ovary,pale,peduncle,per,perennial,petiolule,plant,primary,proximal,puberulent,pubescent,rachi,rest,scattered,seed,sessile,shaggy,shorter,silky,size,slightly,sometimes,sparse,stigma,strongly,style,ten,terminal,testa,thick,tip,tube,two,unicellular,uniformly,uniseriate,upper,usually,value,variation,vein,velvety,wall,way,white,wide,width,woody,young	1/2,absent,appressed,articulation,asymmetric,berry,bilaterally,black,bract,branching,breeding,broad-based,compound-toothed,connective,dendritic,difoliate,distinct,elongated,elongating,enlarged,flat,fleshy,forked,fully,hair,hermaphroditic,heteromorphism,inflated,insertion,internodal,interpetalar,leathery,lower,marking,mature,membranous,modification,monochasial,multi-branched,multicellular,needle-like,non-geminate,none,odour,orientation,paired,pattern,placement,pore,position,present-pair,prickle,radially,rhizome,round,scale,smell,spot,staman,stone,structure,swollen,symmetric,symmetry,system,tapered-lanceolate,tissue,tuber,vegetative,xylopodia,zygomorphy
383	wfo-0001030342	success	39	40	7	29	80	77	anther,apex,berry,brown,calyx,colour,corolla,filament,form,fruit,growth,herbaceous,inflorescence,leaf,length,margin,membranous,mm,pedicel,petiole,shape,stem,surface,texture,trichome,type,unbranched,vine,white	.2,0.8–1.5,1.2–3,1.5–13,1.5–5,1.5–7.5,10–25,1–1.5,1–2.5,1–7,2–,2–2.5,2–4,3,3-pinnate,4–5,6–7,abaxial,abundant,acuminate,acute,adaxially,along,arrangement,capitate,characteristic,chartaceous,cm,cylindrical,deltoid,dense,diameter,entire,exertion,extra-axillary,flattened,flower,glabrous,glabrousnes,greenish,height,history,lanceolate,lenticular,life,light,like,lobing,long,minutely,mottled,new,often,ovary,ovoid-rhomboid,peduncle,plant,pointed,primary,pubescent,rarely,revolute,scattered,seed,size,slender,smooth,stigma,style,terrestrial,tip,truncate,tube,undulate,vein,wide-diameter,widely,x,yellowish,–7							1.0-1.5,2.0-2.5,absent,appressed,articulation,asymmetric,basal,base,bract,branching,breeding,broad-based,cell,compound-entire,connective,cuneate,distinct,eglandular,elliptic-oblong,elongating,enlarged,flat,fleshy,fruiting,fully,hair,herb,hermaphroditic,heteromorphism,inflated,insertion,interjected,internodal,interpetalar,leaflet,leathery,lower,marking,mature,modification,monochasial,multicellular,needle-like,none,odour,orientation,ovoid,paired,pattern,placement,plurifoliate,pore,position,prickle,pseudostipule,radially,rhizome,scale,simple,smell,spot,staman,stellate,stone,structure,swollen,symmetric,symmetry,sympodial,system,tissue,tuber,unit,vegetative,xylopodia,yellow,zygomorphy	12.0	60.0	94.0	apex,berry,brown,herbaceous,leaf,membranous,mm,stem,trichome,unbranched,vine,white	.2,0.8–1.5,1.2–3,1.5–13,1.5–5,1.5–7.5,10–25,1–1.5,1–2.5,1–7,2–,2–2.5,2–4,3,3-pinnate,4–5,6–7,abundant,acuminate,acute,adaxially,along,capitate,chartaceous,cm,cylindrical,deltoid,dense,entire,extra-axillary,flattened,flower,glabrous,greenish,lanceolate,lenticular,light,like,long,minutely,mottled,often,ovoid-rhomboid,pointed,pubescent,rarely,revolute,scattered,slender,smooth,terrestrial,tip,truncate,undulate,vein,wide-diameter,widely,x,yellowish,–7	1.0-1.5,2.0-2.5,absent,anther,appressed,articulation,asymmetric,basal,base,bract,branching,breeding,broad-based,calyx,cell,colour,compound-entire,connective,corolla,cuneate,distinct,eglandular,elliptic-oblong,elongating,enlarged,filament,flat,fleshy,form,fruit,fruiting,fully,growth,hair,herb,hermaphroditic,heteromorphism,inflated,inflorescence,insertion,interjected,internodal,interpetalar,leaflet,leathery,length,lower,margin,marking,mature,modification,monochasial,multicellular,needle-like,none,odour,orientation,ovoid,paired,pattern,pedicel,petiole,placement,plurifoliate,pore,position,prickle,pseudostipule,radially,rhizome,scale,shape,simple,smell,spot,staman,stellate,stone,structure,surface,swollen,symmetric,symmetry,sympodial,system,texture,tissue,tuber,type,unit,vegetative,xylopodia,yellow,zygomorphy
384	wfo-0001030342	success	42	40	6	33	87	73	absent,anther,apex,base,brown,calyx,colour,corolla,cuneate,filament,form,fruit,fruiting,growth,herb,inflorescence,interjected,leaf,leaflet,length,margin,mm,pedicel,petiole,prickle,pseudostipule,shape,stem,surface,texture,type,unbranched,white	.2,.5,0.5-3,0.5-5,0.8-4,1-1.2,1-1.5,1-5.5,1-6,1-7,1.2-3,1.5-13,1.5-2,1.5-5,1.5-7.5,10-25,2-2.5,3-pinnate,4-5,6-7,acuminate,appearance,arrangement,bark,basally,border,branch,bud,capitate,characteristic,chartaceous,cm,cordate,corrugation,deltoid,diameter,distal,drying,elliptical,entire,exertion,extra-axillary,giving,glabrous,glabrousnes,height,history,lateral,lenticular,life,light,lobe,lobing,membraceous,midpoint,na,new,number,oblique,oblong,obtuse,ovary,peduncle,per,plant,primary,pubescent,rarely,ray,rounded,sagittate,seed,size,slender,smooth,stigma,style,terminal,terrestrial,thicknes,truncate,tube,undulate,variation,vein,width,x							1.0-1.5,2.0-2.5,appressed,articulation,asymmetric,basal,berry,bract,branching,breeding,broad-based,cell,compound-entire,connective,distinct,eglandular,elliptic-oblong,elongating,enlarged,flat,fleshy,fully,hair,herbaceous,hermaphroditic,heteromorphism,inflated,insertion,internodal,interpetalar,leathery,lower,marking,mature,membranous,modification,monochasial,multicellular,needle-like,none,odour,orientation,ovoid,paired,pattern,placement,plurifoliate,pore,position,radially,rhizome,scale,simple,smell,spot,staman,stellate,stone,structure,swollen,symmetric,symmetry,sympodial,system,tissue,trichome,tuber,unit,vegetative,vine,xylopodia,yellow,zygomorphy	7.0	48.0	99.0	absent,brown,cuneate,herb,mm,unbranched,white	.2,.5,0.5-3,0.5-5,0.8-4,1-1.2,1-1.5,1-5.5,1-6,1-7,1.2-3,1.5-13,1.5-2,1.5-5,1.5-7.5,10-25,2-2.5,3-pinnate,4-5,6-7,acuminate,basally,capitate,chartaceous,cm,cordate,deltoid,elliptical,entire,extra-axillary,glabrous,lenticular,light,membraceous,na,oblique,oblong,obtuse,pubescent,rarely,rounded,sagittate,slender,smooth,terrestrial,truncate,undulate,x	1.0-1.5,2.0-2.5,anther,apex,appressed,articulation,asymmetric,basal,base,berry,bract,branching,breeding,broad-based,calyx,cell,colour,compound-entire,connective,corolla,distinct,eglandular,elliptic-oblong,elongating,enlarged,filament,flat,fleshy,form,fruit,fruiting,fully,growth,hair,herbaceous,hermaphroditic,heteromorphism,inflated,inflorescence,insertion,interjected,internodal,interpetalar,leaf,leaflet,leathery,length,lower,margin,marking,mature,membranous,modification,monochasial,multicellular,needle-like,none,odour,orientation,ovoid,paired,pattern,pedicel,petiole,placement,plurifoliate,pore,position,prickle,pseudostipule,radially,rhizome,scale,shape,simple,smell,spot,staman,stellate,stem,stone,structure,surface,swollen,symmetric,symmetry,sympodial,system,texture,tissue,trichome,tuber,type,unit,vegetative,vine,xylopodia,yellow,zygomorphy
385	wfo-0001030353	invalid_json_followup	NA	43	NA	38	113	79	anther,base,berry,branch,calyx,colour,corolla,cuneate,filament,form,fruit,fruiting,growth,hair,inflorescence,interjected,leaf,leaflet,length,lower,margin,mm,pedicel,petiole,prickle,pseudostipule,shape,shrub,stellate,stem,straight,surface,terminal,texture,tree,trichome,type,yellow	.2,.7,0-6,0.1-0.2,0.5-0.9,0.8-1.2,1-6,1.2-1.8,1.8-2.2,1.8-3,1/2-2/3,1/3,2-7,2.5-4,2.8-3.7,3-4,3.5-4,30,4-4.5,4-5-6,6-15,6-8,abaxial,acute,adaxial,almost,apically,apiculate,apparently,arrangement,articulated,bark,brown,bud,characteristic,chartaceous,cm,conical,corrugation,curved,densely,diameter,discolorous,distal,drying,ellipsoid,elliptic,erect,evenly,exertion,flattened,flattened-reniform,flower,glabrous,glabrousnes,green,height,history,lateral,life,lobed,lobing,long,long-styled,maturity,mauve,midpoint,moderately,multangulate,na,narrow-deltate,new,number,orange-brown,ovary,pair,peduncle,per,perennial,plant,poricidal,prickly,primary,ray,red-brown,reddish-green,seed,sessile,short-styled,simple,size,small,sparsely,stellate-pubescent,stigma,strongly,style,subentire,tapering,thicknes,tip,tube,unarmed,value,variation,vein,way,weakly,white,white-gray,wide,width,young							1.2,3.5-4.0,absent,absent-leaf,andromonoecious,apex,appressed,articulation,basal,blue,bract,branching,breeding,broad-based,cell,connective,dichasial,discrete,distinct,eglandular,enlarged,flat,fleshy,fork,heteromorphism,inflated,insertion,internodal,interpetalar,leathery,lilac,marking,mature,membranous,modification,needle-like,none,odour,orientation,ovoid,paired,pattern,pink,placement,plurifoliate,pointed,pore,position,present,present-inflorescence,present-leaf,present-stem,purple,radially,recurved,rhizome,scale,simple-entire,simple-lobed,simple-toothed,smell,spot,staman,stone,structure,swollen,symmetric,symmetry,sympodial,system,tapered-lanceolate,tissue,triangular,tuber,unbranched,unit,vegetative,xylopodia,zygomorphy	38.0	113.0	79.0	anther,base,berry,branch,calyx,colour,corolla,cuneate,filament,form,fruit,fruiting,growth,hair,inflorescence,interjected,leaf,leaflet,length,lower,margin,mm,pedicel,petiole,prickle,pseudostipule,shape,shrub,stellate,stem,straight,surface,terminal,texture,tree,trichome,type,yellow	.2,.7,0-6,0.1-0.2,0.5-0.9,0.8-1.2,1-6,1.2-1.8,1.8-2.2,1.8-3,1/2-2/3,1/3,2-7,2.5-4,2.8-3.7,3-4,3.5-4,30,4-4.5,4-5-6,6-15,6-8,abaxial,acute,adaxial,almost,apically,apiculate,apparently,arrangement,articulated,bark,brown,bud,characteristic,chartaceous,cm,conical,corrugation,curved,densely,diameter,discolorous,distal,drying,ellipsoid,elliptic,erect,evenly,exertion,flattened,flattened-reniform,flower,glabrous,glabrousnes,green,height,history,lateral,life,lobed,lobing,long,long-styled,maturity,mauve,midpoint,moderately,multangulate,na,narrow-deltate,new,number,orange-brown,ovary,pair,peduncle,per,perennial,plant,poricidal,prickly,primary,ray,red-brown,reddish-green,seed,sessile,short-styled,simple,size,small,sparsely,stellate-pubescent,stigma,strongly,style,subentire,tapering,thicknes,tip,tube,unarmed,value,variation,vein,way,weakly,white,white-gray,wide,width,young	1.2,3.5-4.0,absent,absent-leaf,andromonoecious,apex,appressed,articulation,basal,blue,bract,branching,breeding,broad-based,cell,connective,dichasial,discrete,distinct,eglandular,enlarged,flat,fleshy,fork,heteromorphism,inflated,insertion,internodal,interpetalar,leathery,lilac,marking,mature,membranous,modification,needle-like,none,odour,orientation,ovoid,paired,pattern,pink,placement,plurifoliate,pointed,pore,position,present,present-inflorescence,present-leaf,present-stem,purple,radially,recurved,rhizome,scale,simple-entire,simple-lobed,simple-toothed,smell,spot,staman,stone,structure,swollen,symmetric,symmetry,sympodial,system,tapered-lanceolate,tissue,triangular,tuber,unbranched,unit,vegetative,xylopodia,zygomorphy
386	wfo-0001030407	invalid_json_followup	NA	40	NA	38	103	78	absent,anther,apex,base,berry,branch,calyx,cell,colour,corolla,distal,filament,forked,form,fruit,fruiting,green,growth,herb,inflorescence,interjected,leaf,leaflet,length,margin,mm,ovoid,pedicel,petiole,prickle,pseudostipule,purple,shape,stem,surface,terminal,texture,type	.2,.5,0.7-3.2,1-2,1.5-5,12-14,2-5,2-6.7,2-7,3-10.5,3-6.5,3-9,3.5-9.5,30-60,4-5,5,6.5-18.5,7-8,\u201chair-like\u201d,acuminate,appearance,arrangement,articulated,axillary,bark,brownish,bud,capitate,characteristic,chartaceous,cm,condition,conical,connivent,corrugation,covering,densely,diameter,drying,elliptic-lanceolate,exertion,fresh,generally,giving,glabrous,glabrousnes,green-white,greenish,half,height,history,lanceolate,lateral,life,light,lobe,lobing,long,make,middle,midpoint,minute,mottled,mucilaginous,na,new,number,obtuse,odd-pinnate,ovary,ovate,peduncle,per,plant,primary,proximal,pubescent,ray,ripe,round,seed,size,stigma,style,subtending,testal,thick,thicknes,third,throughout,tube,unwinged,usually,value,variation,vein,wall,wet,whitish,wide,width,x,ye							1.0,1/2,1/4-1/2,7.0,acute,appressed,articulation,basal,blue,bract,branching,breeding,broad-based,compound-entire,connective,cuneate,distinct,eglandular,elliptic-oblong,elongating,enlarged,flat,fleshy,fork,fully,glandular,hair,hermaphroditic,heteromorphism,inflated,insertion,interpetalar,leathery,lilac,lower,marking,mature,membranous,modification,monochasial,multicellular,needle-like,none,odour,orientation,paired,pattern,pink,placement,plurifoliate,pore,position,present,present-pair,radially,rhizome,rotate,rounded,scale,simple,smell,spot,staman,stellate,stone,structure,swollen,symmetric,symmetry,sympodial,system,tissue,trichome,tuber,unit,vegetative,xylopodia,zygomorphy	38.0	103.0	78.0	absent,anther,apex,base,berry,branch,calyx,cell,colour,corolla,distal,filament,forked,form,fruit,fruiting,green,growth,herb,inflorescence,interjected,leaf,leaflet,length,margin,mm,ovoid,pedicel,petiole,prickle,pseudostipule,purple,shape,stem,surface,terminal,texture,type	.2,.5,0.7-3.2,1-2,1.5-5,12-14,2-5,2-6.7,2-7,3-10.5,3-6.5,3-9,3.5-9.5,30-60,4-5,5,6.5-18.5,7-8,\u201chair-like\u201d,acuminate,appearance,arrangement,articulated,axillary,bark,brownish,bud,capitate,characteristic,chartaceous,cm,condition,conical,connivent,corrugation,covering,densely,diameter,drying,elliptic-lanceolate,exertion,fresh,generally,giving,glabrous,glabrousnes,green-white,greenish,half,height,history,lanceolate,lateral,life,light,lobe,lobing,long,make,middle,midpoint,minute,mottled,mucilaginous,na,new,number,obtuse,odd-pinnate,ovary,ovate,peduncle,per,plant,primary,proximal,pubescent,ray,ripe,round,seed,size,stigma,style,subtending,testal,thick,thicknes,third,throughout,tube,unwinged,usually,value,variation,vein,wall,wet,whitish,wide,width,x,ye	1.0,1/2,1/4-1/2,7.0,acute,appressed,articulation,basal,blue,bract,branching,breeding,broad-based,compound-entire,connective,cuneate,distinct,eglandular,elliptic-oblong,elongating,enlarged,flat,fleshy,fork,fully,glandular,hair,hermaphroditic,heteromorphism,inflated,insertion,interpetalar,leathery,lilac,lower,marking,mature,membranous,modification,monochasial,multicellular,needle-like,none,odour,orientation,paired,pattern,pink,placement,plurifoliate,pore,position,present,present-pair,radially,rhizome,rotate,rounded,scale,simple,smell,spot,staman,stellate,stone,structure,swollen,symmetric,symmetry,sympodial,system,tissue,trichome,tuber,unit,vegetative,xylopodia,zygomorphy
387	wfo-0001030420	invalid_json_followup	NA	37	NA	34	99	74	anther,apex,base,calyx,colour,cordate,corolla,eglandular,filament,forked,form,fruit,fruiting,growth,inflorescence,interjected,leaf,leaflet,length,margin,mm,pedicel,petiole,prickle,pseudostipule,purple,shape,simple,stem,surface,texture,tree,type,unbranched	-pubescent,0.5-1,0.5-1-1.5,0.5-4,0.5-8,1-2,1-3,1-4,1-7.5,1.5-5,10-15-25-30,2-14.5,2-3-lobed,2-9,4-7,5-15-20,acuminate,acute,also,appearance,arrangement,bark,basal,beyond,border,branch,bud,characteristic,chartaceous,cm,connivent,corrugation,deltate,densely,diameter,distal,drying,eglandular-pilose,ellipsoidal,elongated,entire,exertion,exserted,flower,giving,glabrate,glabrous,glabrousnes,glandular-,height,history,lanceolate,lateral,life,lobe,lobed,lobing,long,midpoint,moderately,na,narrowly,new,number,obtuse,often,ovary,peduncle,per,pinnately,plant,primary,puberulent,pubescent-pilose,rarely,ray,seed,shrub,size,small,sparsely,stamen,stigma,style,subcoriaceous,terminal,thicknes,tip,triangular,truncate,tube,unknown,unlobed,value,variation,vein,width,x,yellow							6.0-7.0,absent,appressed,articulation,berry,blue,bract,branching,breeding,broad-based,cell,connective,coriaceous,dendritic,discrete,distinct,ellipsoid,enlarged,flat,fleshy,fully,glandular,green,hair,hermaphroditic,heteromorphism,inflated,insertion,internodal,interpetalar,leathery,lilac,lower,marking,mature,membranous,modification,multicellular,near-basal,needle-like,none,odour,orientation,paired,pattern,pink,placement,plurifoliate,pore,position,present,radially,rhizome,scale,simple-entire,smell,spot,staman,stellate,stone,structure,swollen,symmetric,symmetry,sympodial,system,tapered-lanceolate,tissue,trichome,tuber,unit,vegetative,xylopodia,zygomorphy	34.0	99.0	74.0	anther,apex,base,calyx,colour,cordate,corolla,eglandular,filament,forked,form,fruit,fruiting,growth,inflorescence,interjected,leaf,leaflet,length,margin,mm,pedicel,petiole,prickle,pseudostipule,purple,shape,simple,stem,surface,texture,tree,type,unbranched	-pubescent,0.5-1,0.5-1-1.5,0.5-4,0.5-8,1-2,1-3,1-4,1-7.5,1.5-5,10-15-25-30,2-14.5,2-3-lobed,2-9,4-7,5-15-20,acuminate,acute,also,appearance,arrangement,bark,basal,beyond,border,branch,bud,characteristic,chartaceous,cm,connivent,corrugation,deltate,densely,diameter,distal,drying,eglandular-pilose,ellipsoidal,elongated,entire,exertion,exserted,flower,giving,glabrate,glabrous,glabrousnes,glandular-,height,history,lanceolate,lateral,life,lobe,lobed,lobing,long,midpoint,moderately,na,narrowly,new,number,obtuse,often,ovary,peduncle,per,pinnately,plant,primary,puberulent,pubescent-pilose,rarely,ray,seed,shrub,size,small,sparsely,stamen,stigma,style,subcoriaceous,terminal,thicknes,tip,triangular,truncate,tube,unknown,unlobed,value,variation,vein,width,x,yellow	6.0-7.0,absent,appressed,articulation,berry,blue,bract,branching,breeding,broad-based,cell,connective,coriaceous,dendritic,discrete,distinct,ellipsoid,enlarged,flat,fleshy,fully,glandular,green,hair,hermaphroditic,heteromorphism,inflated,insertion,internodal,interpetalar,leathery,lilac,lower,marking,mature,membranous,modification,multicellular,near-basal,needle-like,none,odour,orientation,paired,pattern,pink,placement,plurifoliate,pore,position,present,radially,rhizome,scale,simple-entire,smell,spot,staman,stellate,stone,structure,swollen,symmetric,symmetry,sympodial,system,tapered-lanceolate,tissue,trichome,tuber,unit,vegetative,xylopodia,zygomorphy
388	wfo-0001030426	success	40	40	9	36	103	77	absent,anther,apex,base,branch,calyx,cell,colour,corolla,distal,filament,form,fruit,green,growth,inflorescence,interjected,leaf,leaflet,length,margin,mm,monochasial,ovoid,pedicel,petiole,prickle,pseudostipule,shape,spot,stem,surface,terminal,texture,type,white	0.3-7,0.3-8,0.4-0.7,1-4,1-4.2,1.5-3,1.7-3.2,10,15-25-30,2,2.5-4,2.5-6,3-4,3-6,4-6.5,6-11.5,6-8,9,acute,apical,apically,apiculate,appearance,arrangement,articulate,bark,border,branched,bud,caudate,characteristic,cm,connate,corrugation,covering,cyme,dehiscent,diameter,dichasial,dichasially,drying,ebracteate,elliptic-lanceolate,exceeding,exertion,giving,glabrousnes,glandular,globose,green-white,hair-like,heart-shaped,height,herbaceous,history,introrse,lanceolate,lateral,life,linear,lobe,lobing,long,make,maturing,midpoint,mucilaginous,na,new,number,oblique,oblong,odd-pinnate,often,ovary,peduncle,per,perennial,pilose,plant,poricidally,primary,ray,rounded,seed,short,size,slit,stamen,stigma,straight,style,testal,thick,thicknes,tube,variation,vein,wall,wet,wide,width,yellow							1.0-4.0,1/2,1/4-1/2,6.0-8.0,appressed,articulation,asymmetric,attenuate,basal,berry,bract,branching,breeding,broad-based,compound-entire,connective,distinct,eglandular,elliptic-oblong,elongating,enlarged,flat,fleshy,fork,forked,fruiting,fully,hair,herb,hermaphroditic,heteromorphism,inflated,insertion,interpetalar,leathery,lower,marking,mature,membranous,modification,multi-branched,multicellular,needle-like,none,odour,orientation,paired,pattern,placement,plurifoliate,pore,position,present,present-pair,radially,rhizome,round,scale,simple,smell,staman,stellate,stone,structure,swollen,symmetric,symmetry,sympodial,system,tissue,trichome,trifoliate,tuber,unit,vegetative,xylopodia,zygomorphy	8.0	73.0	105.0	absent,cell,green,mm,monochasial,ovoid,spot,white	0.3-7,0.3-8,0.4-0.7,1-4,1-4.2,1.5-3,1.7-3.2,10,15-25-30,2,2.5-4,2.5-6,3-4,3-6,4-6.5,6-11.5,6-8,9,acute,apical,apically,apiculate,articulate,branched,caudate,cm,connate,covering,cyme,dehiscent,diameter,dichasial,dichasially,ebracteate,elliptic-lanceolate,exceeding,glandular,globose,green-white,hair-like,heart-shaped,herbaceous,introrse,lanceolate,lateral,linear,lobe,long,make,maturing,mucilaginous,na,oblique,oblong,odd-pinnate,often,perennial,pilose,poricidally,rounded,seed,short,slit,stamen,stigma,straight,style,testal,thick,wall,wet,wide,yellow	1.0-4.0,1/2,1/4-1/2,6.0-8.0,anther,apex,appressed,articulation,asymmetric,attenuate,basal,base,berry,bract,branch,branching,breeding,broad-based,calyx,colour,compound-entire,connective,corolla,distal,distinct,eglandular,elliptic-oblong,elongating,enlarged,filament,flat,fleshy,fork,forked,form,fruit,fruiting,fully,growth,hair,herb,hermaphroditic,heteromorphism,inflated,inflorescence,insertion,interjected,interpetalar,leaf,leaflet,leathery,length,lower,margin,marking,mature,membranous,modification,multi-branched,multicellular,needle-like,none,odour,orientation,paired,pattern,pedicel,petiole,placement,plurifoliate,pore,position,present,present-pair,prickle,pseudostipule,radially,rhizome,round,scale,shape,simple,smell,staman,stellate,stem,stone,structure,surface,swollen,symmetric,symmetry,sympodial,system,terminal,texture,tissue,trichome,trifoliate,tuber,type,unit,vegetative,xylopodia,zygomorphy
389	wfo-0001030430	success	39	39	7	37	101	76	anther,apex,base,blue,calyx,colour,corolla,filament,fleshy,form,fruit,fruiting,green,growth,hair,inflorescence,interjected,leaf,leaflet,length,margin,mm,multicellular,pedicel,petiole,prickle,pseudostipule,purple,shape,shrub,simple,stem,surface,terminal,texture,type,white	.2,0.25,0.5–12,0.8–3.0,0.8–5.6,0–20,1.0–1.2,1.0–2.0,1.3–8.0,1.4–1.5,1.6–1.8,12–20,2–3,30–200,3–17,3–4,3–5,3–8,5–10,5–6,acute,anthesi,appearance,arrangement,axillary,blade,border,borne,branched,brittle,brown,bud,capitate,characteristic,clavate,cm,connivent,corrugation,decurrent,densely,diameter,distal,drying,equal,exertion,few-seeded,flattened,giving,glabrous,glabrousnes,globose,height,history,indumentum,lateral,life,lobe,lobed,lobing,long,midpoint,moderately,na,new,number,oblong,occasionally,ovary,pair,pale,peduncle,pentagonal,per,perennial,pitted,plant,poricidal,primary,pubescent,ray,regularly,rounded,seed,shallowly,shoot,size,stigma,style,subglabrous,thicknes,time,tip,tube,uniseriate,variation,vein,violet,width,woody,x,yellow							1.0-2.0,3.0-4.5,absent,appressed,articulation,attenuate,basal,berry,bract,branch,branching,breeding,broad-based,cell,connective,cuneate,distinct,eglandular,elliptic-oblong,elongating,enlarged,flat,fork,forked,fully,hermaphroditic,heteromorphism,inflated,insertion,interpetalar,leathery,lilac,lower,marking,mature,modification,monochasial,multi-branched,needle-like,none,odour,orientation,paired,pattern,pink,placement,pore,position,present,radially,rhizome,rotate,round,scale,simple-lobed,simple-toothed,smell,spot,staman,stellate,stone,structure,swollen,symmetric,symmetry,sympodial,system,tissue,trichome,tuber,unifoliate,unit,vegetative,winged,xylopodia,zygomorphy	13.0	68.0	100.0	blue,fleshy,fruit,green,hair,leaf,mm,multicellular,purple,shrub,simple,terminal,white	.2,0.25,0.5–12,0.8–3.0,0.8–5.6,0–20,1.0–1.2,1.0–2.0,1.3–8.0,1.4–1.5,1.6–1.8,12–20,2–3,30–200,3–17,3–4,3–5,3–8,5–10,5–6,acute,anthesi,axillary,blade,borne,branched,brittle,brown,capitate,clavate,cm,connivent,decurrent,densely,diameter,equal,few-seeded,flattened,glabrous,globose,indumentum,lobe,lobed,long,moderately,na,oblong,occasionally,pair,pale,pentagonal,perennial,pitted,poricidal,pubescent,regularly,rounded,shallowly,shoot,subglabrous,time,tip,tube,uniseriate,violet,woody,x,yellow	1.0-2.0,3.0-4.5,absent,anther,apex,appressed,articulation,attenuate,basal,base,berry,bract,branch,branching,breeding,broad-based,calyx,cell,colour,connective,corolla,cuneate,distinct,eglandular,elliptic-oblong,elongating,enlarged,filament,flat,fork,forked,form,fruiting,fully,growth,hermaphroditic,heteromorphism,inflated,inflorescence,insertion,interjected,interpetalar,leaflet,leathery,length,lilac,lower,margin,marking,mature,modification,monochasial,multi-branched,needle-like,none,odour,orientation,paired,pattern,pedicel,petiole,pink,placement,pore,position,present,prickle,pseudostipule,radially,rhizome,rotate,round,scale,shape,simple-lobed,simple-toothed,smell,spot,staman,stellate,stem,stone,structure,surface,swollen,symmetric,symmetry,sympodial,system,texture,tissue,trichome,tuber,type,unifoliate,unit,vegetative,winged,xylopodia,zygomorphy
390	wfo-0001030441	invalid_json	NA	39	NA	40	100	75	0.5-0.75,acute,anther,apex,base,berry,calyx,cell,colour,corolla,filament,form,fruit,fruiting,glandular,growth,hair,inflorescence,leaf,length,margin,membranous,mm,pedicel,petiole,red,shape,shrub,simple,spot,stellate,stem,surface,terminal,texture,trichome,type,vine,white,woody	+,.5,0.5,0.5-1,0.5-3,1,1-1.4,1-2-celled,1.2-1.4,10-40,2,2-10,2-5.5,2.5,30,5-7.5,6-11,<,>,abaxial,acuminate,adaxial,along,anthesi,arrangement,attenuate,bark,branched,bright,brown,bud,c.,capitate,characteristic,cm,decurrent,diameter,ellipsoid,elliptic,entire,exerted,exertion,eye,flattened,flexuous,flower,glabrous,glabrousnes,globose,green,height,history,lateral,life,lobe,lobed,lobing,long,making,many,midvein,minutely,narrowly,new,number,occasionally,onto,open,ovary,pale,papillate,peduncle,per,perennial,plant,poricidal,pubescent,reniform,ridged,ripe,seed,size,slightly,spreading,stigma,strongly,style,thin,time,tip,tube,undulate,uniseriate,usually,value,violet,wall,way,wide,yellow							3.0-4.0,absent,appressed,articulation,basal,blue,bract,branch,branching,breeding,broad-based,connective,cup-shaped,distinct,elliptic-oblong,elongating,enlarged,fleshy,fork,forked,fully,hermaphroditic,heteromorphism,inflated,insertion,interjected,internodal,interpetalar,leaflet,leathery,lilac,lower,marking,mature,modification,monochasial,multi-branched,multicellular,nectar,needle-like,none,odour,orange,orientation,paired,pattern,pink,placement,plurifoliate,pore,position,prickle,pseudostipule,purple,radially,rhizome,round,scale,simple-entire,smell,staman,stone,structure,swollen,symmetric,symmetry,sympodial,system,tissue,tuber,unit,vegetative,winged,xylopodia,zygomorphy	40.0	100.0	75.0	0.5-0.75,acute,anther,apex,base,berry,calyx,cell,colour,corolla,filament,form,fruit,fruiting,glandular,growth,hair,inflorescence,leaf,length,margin,membranous,mm,pedicel,petiole,red,shape,shrub,simple,spot,stellate,stem,surface,terminal,texture,trichome,type,vine,white,woody	+,.5,0.5,0.5-1,0.5-3,1,1-1.4,1-2-celled,1.2-1.4,10-40,2,2-10,2-5.5,2.5,30,5-7.5,6-11,<,>,abaxial,acuminate,adaxial,along,anthesi,arrangement,attenuate,bark,branched,bright,brown,bud,c.,capitate,characteristic,cm,decurrent,diameter,ellipsoid,elliptic,entire,exerted,exertion,eye,flattened,flexuous,flower,glabrous,glabrousnes,globose,green,height,history,lateral,life,lobe,lobed,lobing,long,making,many,midvein,minutely,narrowly,new,number,occasionally,onto,open,ovary,pale,papillate,peduncle,per,perennial,plant,poricidal,pubescent,reniform,ridged,ripe,seed,size,slightly,spreading,stigma,strongly,style,thin,time,tip,tube,undulate,uniseriate,usually,value,violet,wall,way,wide,yellow	3.0-4.0,absent,appressed,articulation,basal,blue,bract,branch,branching,breeding,broad-based,connective,cup-shaped,distinct,elliptic-oblong,elongating,enlarged,fleshy,fork,forked,fully,hermaphroditic,heteromorphism,inflated,insertion,interjected,internodal,interpetalar,leaflet,leathery,lilac,lower,marking,mature,modification,monochasial,multi-branched,multicellular,nectar,needle-like,none,odour,orange,orientation,paired,pattern,pink,placement,plurifoliate,pore,position,prickle,pseudostipule,purple,radially,rhizome,round,scale,simple-entire,smell,staman,stone,structure,swollen,symmetric,symmetry,sympodial,system,tissue,tuber,unit,vegetative,winged,xylopodia,zygomorphy
391	wfo-0001030444	invalid_json_followup	NA	40	NA	43	109	70	acute,anther,apex,base,berry,blue,branch,calyx,cell,colour,coriaceous,corolla,distal,filament,forked,form,fruit,fruiting,green,growth,herb,inflorescence,interjected,leaf,leaflet,length,lilac,margin,mm,ovoid,pedicel,petiole,prickle,pseudostipule,purple,rounded,shape,stem,surface,terminal,texture,type,white	0-24,0.15-0.8,0.8-2,1,1-10,1-2,1.1-2.7,1.2-1.8,11-45,2.3-3.6,2.4-3.8,3-10,3.7-6.8,4-17,4-39,4-7,5.3-9,6.1-12.8,9.4-20.1,abaxially,acuminate,adaxially,apparently,arrangement,attenuate,axe,axillary,bark,brownish,bud,capitate,cayx,characteristic,ciliate,clavate,cm,condition,corrugation,covering,dark,deep,diameter,dot,drying,elliptic,exertion,flower,fresh,generally,glabrous,glabrousnes,green-white,greenish,hair-like,half,height,history,lanceolate,lateral,life,light,lobe,lobing,long,make,medium,midpoint,mucilaginous,na,narrow,new,number,odd-pinnate,ovary,ovate,peduncle,per,perfect,petiolulate,plant,primary,ray,ripe,rough,seed,size,sometimes,stigma,style,subtending,testal,thick,thicknes,throughout,touch,tube,typically,unwinged,usually,value,variation,vein,wall,wet,whitish,wide,width,wing,x							1.0-2.0,1/2,4.0-7.0,absent,appressed,articulation,asymmetric,bract,branching,breeding,broad-based,compound-entire,connective,cuneate,distinct,elliptic-oblong,elongating,enlarged,flat,fleshy,fork,fully,hair,hermaphroditic,heteromorphism,inflated,insertion,interpetalar,leathery,lower,marking,mature,modification,monochasial,needle-like,none,odour,orientation,paired,pattern,pink,placement,plurifoliate,pore,position,present,present-pair,radially,rhizome,rotate,scale,smell,spot,staman,stellate,stone,structure,swollen,symmetric,symmetry,sympodial,system,tissue,trichome,trifoliate,tuber,unit,vegetative,xylopodia,zygomorphy	43.0	109.0	70.0	acute,anther,apex,base,berry,blue,branch,calyx,cell,colour,coriaceous,corolla,distal,filament,forked,form,fruit,fruiting,green,growth,herb,inflorescence,interjected,leaf,leaflet,length,lilac,margin,mm,ovoid,pedicel,petiole,prickle,pseudostipule,purple,rounded,shape,stem,surface,terminal,texture,type,white	0-24,0.15-0.8,0.8-2,1,1-10,1-2,1.1-2.7,1.2-1.8,11-45,2.3-3.6,2.4-3.8,3-10,3.7-6.8,4-17,4-39,4-7,5.3-9,6.1-12.8,9.4-20.1,abaxially,acuminate,adaxially,apparently,arrangement,attenuate,axe,axillary,bark,brownish,bud,capitate,cayx,characteristic,ciliate,clavate,cm,condition,corrugation,covering,dark,deep,diameter,dot,drying,elliptic,exertion,flower,fresh,generally,glabrous,glabrousnes,green-white,greenish,hair-like,half,height,history,lanceolate,lateral,life,light,lobe,lobing,long,make,medium,midpoint,mucilaginous,na,narrow,new,number,odd-pinnate,ovary,ovate,peduncle,per,perfect,petiolulate,plant,primary,ray,ripe,rough,seed,size,sometimes,stigma,style,subtending,testal,thick,thicknes,throughout,touch,tube,typically,unwinged,usually,value,variation,vein,wall,wet,whitish,wide,width,wing,x	1.0-2.0,1/2,4.0-7.0,absent,appressed,articulation,asymmetric,bract,branching,breeding,broad-based,compound-entire,connective,cuneate,distinct,elliptic-oblong,elongating,enlarged,flat,fleshy,fork,fully,hair,hermaphroditic,heteromorphism,inflated,insertion,interpetalar,leathery,lower,marking,mature,modification,monochasial,needle-like,none,odour,orientation,paired,pattern,pink,placement,plurifoliate,pore,position,present,present-pair,radially,rhizome,rotate,scale,smell,spot,staman,stellate,stone,structure,swollen,symmetric,symmetry,sympodial,system,tissue,trichome,trifoliate,tuber,unit,vegetative,xylopodia,zygomorphy
392	wfo-0001030445	invalid_json	NA	37	NA	28	90	77	anther,apex,base,berry,branch,calyx,colour,corolla,filament,form,fruit,green,growth,inflorescence,leaf,length,margin,mm,pedicel,petiole,shape,shrub,stem,surface,texture,tree,type,white	0.2-0.4,0.2-0.5,0.6-2.2,1-1.3,1-7,1.3,1.3-2,1.7-2.4,10-14,14,15-35,3-5.4,4.1-8.7,4.2-10,5.9-15,6.1-9.1,7.5-16,8.1-10,abaxially,acuminate,adaxially,arrangement,bark,black,blunt-tipped,branched,bud,capitate,characteristic,cm,decurrent,deltoid-reniform,diameter,drying,elliptic,elliptical,elongated,entire,exertion,exserted,ferruginous-tomentose,flower,glabrate,glabrous,glabrousnes,globose,greyish-tan,height,history,life,lobing,long,many,midrib,new,oblong,oblong-lanceolate,obovate,obtuse,orangish-tan,orbicular,ovary,ovate,ovate-lanceolate,peduncle,perennial,plant,primary,pseudoterminal,reniform,reticulate-punctate,seed,semi-spherical,side,simple,size,slightly,small,soon,stigma,style,sulcate,time,tomentose,unarmed,value,vein,x,yellowish,yellowish-tan							1.3-2.0,3.5-4.2,absent,acute,appressed,articulation,basal,bract,branching,breeding,broad-based,cell,connective,cuneate,distinct,eglandular,elliptic-oblong,elongating,enlarged,flat,fleshy,fork,fruiting,fully,hair,hermaphroditic,heteromorphism,inflated,insertion,interjected,interpetalar,leaflet,leathery,lower,marking,mature,membranous,modification,multi-branched,needle-like,none,odour,orientation,paired,pattern,placement,plurifoliate,pore,position,present,prickle,pseudostipule,radially,rhizome,round,scale,simple-entire,smell,spot,staman,stellate,stone,structure,swollen,symmetric,symmetry,sympodial,system,terminal,tissue,trichome,tuber,unit,vegetative,xylopodia,yellow,zygomorphy	28.0	90.0	77.0	anther,apex,base,berry,branch,calyx,colour,corolla,filament,form,fruit,green,growth,inflorescence,leaf,length,margin,mm,pedicel,petiole,shape,shrub,stem,surface,texture,tree,type,white	0.2-0.4,0.2-0.5,0.6-2.2,1-1.3,1-7,1.3,1.3-2,1.7-2.4,10-14,14,15-35,3-5.4,4.1-8.7,4.2-10,5.9-15,6.1-9.1,7.5-16,8.1-10,abaxially,acuminate,adaxially,arrangement,bark,black,blunt-tipped,branched,bud,capitate,characteristic,cm,decurrent,deltoid-reniform,diameter,drying,elliptic,elliptical,elongated,entire,exertion,exserted,ferruginous-tomentose,flower,glabrate,glabrous,glabrousnes,globose,greyish-tan,height,history,life,lobing,long,many,midrib,new,oblong,oblong-lanceolate,obovate,obtuse,orangish-tan,orbicular,ovary,ovate,ovate-lanceolate,peduncle,perennial,plant,primary,pseudoterminal,reniform,reticulate-punctate,seed,semi-spherical,side,simple,size,slightly,small,soon,stigma,style,sulcate,time,tomentose,unarmed,value,vein,x,yellowish,yellowish-tan	1.3-2.0,3.5-4.2,absent,acute,appressed,articulation,basal,bract,branching,breeding,broad-based,cell,connective,cuneate,distinct,eglandular,elliptic-oblong,elongating,enlarged,flat,fleshy,fork,fruiting,fully,hair,hermaphroditic,heteromorphism,inflated,insertion,interjected,interpetalar,leaflet,leathery,lower,marking,mature,membranous,modification,multi-branched,needle-like,none,odour,orientation,paired,pattern,placement,plurifoliate,pore,position,present,prickle,pseudostipule,radially,rhizome,round,scale,simple-entire,smell,spot,staman,stellate,stone,structure,swollen,symmetric,symmetry,sympodial,system,terminal,tissue,trichome,tuber,unit,vegetative,xylopodia,yellow,zygomorphy
393	wfo-0001030447	success	52	44	7	39	119	83	anther,apex,base,berry,calyx,cell,colour,corolla,cuneate,filament,flat,form,fruit,fruiting,growth,inflorescence,leaf,length,lower,margin,mm,orange,pedicel,petiole,prickle,purple,rounded,shape,shrub,simple,stellate,stem,straight,surface,texture,trichome,type,unbranched,white	.2,.3,.5,/5,0,0.4-0.9,0.5-0.65,0.5-10,0.7-1,0.8-1.7,0.8-3.5,1.8-2.5,1/3,1/3-2/3,2-4,2.2-2.8,2.5-10,2.5-6.5,3,3-5,30-45°,6-10,6-7,6.5-9,7-8,abaxially,acute,always,apparently,armed,arrangement,bark,branch,branched,bud,characteristic,chartaceous,clavate,cm,cupular,curved,development,diameter,discolorous,drying,exertion,flattened,flattened-reniform,flower,glabrescent,glabrous,glabrousnes,globose,height,history,irregular,lateral,life,lobed,lobing,long,long-ovoid,long-styled,maturity,midvein,moderately,narrow-deltate,new,number,obconical,oblique,oblong,often,opening,orange-brown,orange-red,outline,ovary,ovate,pair,pale,papillose,peduncle,per,perennial,pit,plant,porrect,primary,pubescent,raised,red-brown,seed,sessile,shallowly,short-styled,shortly,size,small,sometimes,somewhat,sparsely,spherical,spreading,stalked,stellate-pubescent,stigma,straw-yellow,style,tapering,throughout,translucent,tube,unarmed,vein,weakly,yellow,yellow-orange,×							0.4-0.7,4.0-4.5,absent,absent-inflorescence,andromonoecious,appressed,articulation,asymmetric,basal,blue,bract,branching,breeding,broad-based,connective,dichasial,difoliate,discrete,distinct,eglandular,elongating,enlarged,fleshy,fully,geminate,hair,hermaphroditic,heteromorphism,inflated,insertion,interjected,internodal,interpetalar,leaflet,leathery,lilac,marking,mature,membranous,modification,multicellular,needle-like,none,odour,orientation,paired,pattern,pink,placement,pore,position,present,present-leaf,present-stem,pseudostipule,radially,recurved,red,rhizome,round,scale,simple-lobed,simple-toothed,smell,spot,staman,stone,structure,swollen,symmetric,symmetry,sympodial,system,tapered-lanceolate,tissue,triangular,tuber,unit,vegetative,vine,woody,xylopodia,zygomorphy	19.0	96.0	103.0	base,berry,cell,cuneate,flat,length,lower,mm,orange,prickle,purple,rounded,shrub,simple,stellate,straight,trichome,unbranched,white	.2,.3,.5,/5,0,0.4-0.9,0.5-0.65,0.5-10,0.7-1,0.8-1.7,0.8-3.5,1.8-2.5,1/3,1/3-2/3,2-4,2.2-2.8,2.5-10,2.5-6.5,3,3-5,30-45°,6-10,6-7,6.5-9,7-8,abaxially,acute,always,apparently,armed,branched,chartaceous,clavate,cm,cupular,curved,development,diameter,discolorous,drying,flattened,flattened-reniform,flower,glabrescent,glabrous,globose,irregular,lateral,lobed,long,long-ovoid,long-styled,maturity,midvein,moderately,narrow-deltate,obconical,oblique,oblong,often,opening,orange-brown,orange-red,outline,ovate,pair,pale,papillose,per,perennial,pit,porrect,pubescent,raised,red-brown,sessile,shallowly,short-styled,shortly,small,sometimes,somewhat,sparsely,spherical,spreading,stalked,stellate-pubescent,straw-yellow,tapering,throughout,translucent,unarmed,weakly,yellow,yellow-orange,×	0.4-0.7,4.0-4.5,absent,absent-inflorescence,andromonoecious,anther,apex,appressed,articulation,asymmetric,basal,blue,bract,branching,breeding,broad-based,calyx,colour,connective,corolla,dichasial,difoliate,discrete,distinct,eglandular,elongating,enlarged,filament,fleshy,form,fruit,fruiting,fully,geminate,growth,hair,hermaphroditic,heteromorphism,inflated,inflorescence,insertion,interjected,internodal,interpetalar,leaf,leaflet,leathery,lilac,margin,marking,mature,membranous,modification,multicellular,needle-like,none,odour,orientation,paired,pattern,pedicel,petiole,pink,placement,pore,position,present,present-leaf,present-stem,pseudostipule,radially,recurved,red,rhizome,round,scale,shape,simple-lobed,simple-toothed,smell,spot,staman,stem,stone,structure,surface,swollen,symmetric,symmetry,sympodial,system,tapered-lanceolate,texture,tissue,triangular,tuber,type,unit,vegetative,vine,woody,xylopodia,zygomorphy
394	wfo-0001030453	success	30	38	4	28	73	72	anther,apex,base,calyx,colour,corolla,filament,flat,form,fruit,fruiting,growth,inflorescence,leaf,length,margin,mm,pedicel,petiole,shape,shrub,stem,surface,texture,trichome,type,unifoliate,white	.25,/4,0.8-1.5,1-1.3,1.5-1.6,4-5,9-12,9-14,acuminate,acute,arachnoid,arachnoid-pubescent,arrangement,attenuate,bark,broadly,bud,characteristic,clavate,cm,corrugation,cup-shaped,dark,densely,diameter,drying,ellipsoid,elliptic,exertion,exserted,glabrate,glabrous,glabrousnes,height,history,later,lateral,life,lobing,long,main,na,narrowly,nearly,new,number,ovary,pair,peduncle,per,plant,primary,pubescent,reddish,reddish-brown,rounded,seed,shaped,shiny,simple,size,soon,sparsely,stigma,strongly,style,tall,tear-drop,tube,vein,way,wide,young							0.25,3.0-3.5,absent,appressed,articulation,basal,berry,bract,branched,branching,breeding,broad-based,cell,connective,cuneate,dendritic,discrete,distinct,elliptic-oblong,enlarged,fleshy,green,hair,heteromorphism,inflated,insertion,interjected,interpetalar,leaf-opposed,leaflet,leathery,lower,marking,mature,membranous,modification,monochasial,needle-like,none,odour,orientation,paired,pattern,placement,pore,position,present,prickle,pseudostipule,radially,rhizome,round,scale,simple-entire,smell,spot,staman,stellate,stone,structure,swollen,symmetric,symmetry,sympodial,system,tissue,tuber,unbranched,unit,vegetative,xylopodia,zygomorphy	8.0	49.0	92.0	base,calyx,flat,mm,shrub,trichome,unifoliate,white	.25,/4,0.8-1.5,1-1.3,1.5-1.6,4-5,9-12,9-14,acuminate,acute,arachnoid,arachnoid-pubescent,attenuate,broadly,clavate,cm,cup-shaped,dark,densely,ellipsoid,elliptic,exserted,glabrate,glabrous,later,lateral,long,main,na,narrowly,nearly,pair,pubescent,reddish,reddish-brown,rounded,shaped,shiny,simple,soon,sparsely,strongly,tall,tear-drop,tube,vein,way,wide,young	0.25,3.0-3.5,absent,anther,apex,appressed,articulation,basal,berry,bract,branched,branching,breeding,broad-based,cell,colour,connective,corolla,cuneate,dendritic,discrete,distinct,elliptic-oblong,enlarged,filament,fleshy,form,fruit,fruiting,green,growth,hair,heteromorphism,inflated,inflorescence,insertion,interjected,interpetalar,leaf,leaf-opposed,leaflet,leathery,length,lower,margin,marking,mature,membranous,modification,monochasial,needle-like,none,odour,orientation,paired,pattern,pedicel,petiole,placement,pore,position,present,prickle,pseudostipule,radially,rhizome,round,scale,shape,simple-entire,smell,spot,staman,stellate,stem,stone,structure,surface,swollen,symmetric,symmetry,sympodial,system,texture,tissue,tuber,type,unbranched,unit,vegetative,xylopodia,zygomorphy
395	wfo-0001030486	success	41	38	7	31	78	71	acute,anther,apex,basal,base,berry,calyx,colour,corolla,filament,fleshy,form,fruit,fruiting,green,growth,inflorescence,leaf,length,margin,mm,pedicel,petiole,pore,shape,shrub,stem,surface,texture,type,white	.5,1-1.5,1-5,1.1-1.4,1.7-2,10-12,10-14.5,2-3,3-3.5,3/4,4-4.5,4-6.5,5-8-flowered,6-7,arrangement,bark,beneath,brown,bud,characteristic,clavate,cm,completely,dark,dia,diameter,dry,drying,ellipsoid,elliptic,erect,exertion,exserted,f,fresh,glabrous,globose,height,history,later,lateral,life,lobed,lobing,long,main,material,minutely,ovary,ovoid-reniform,pair,pale,papillose,perennial,pitted,plant,poricidal,primary,reddish,seed,shaped,shiny,simple,size,slightly,stigma,stout,style,tan,tapering,tear-drop,thickened,tip,tube,vein,way,x,yellow-green							0.5,4.5-5.0,absent,appressed,articulation,bract,branching,breeding,broad-based,cell,connective,difoliate,discrete,distinct,elliptic-oblong,enlarged,flat,geminate,hair,heteromorphism,inflated,insertion,interjected,internodal,interpetalar,leaf-opposed,leaflet,leathery,lower,marking,mature,membranous,modification,monochasial,needle-like,none,odour,orientation,paired,pattern,placement,position,present,prickle,pseudostipule,radially,rhizome,round,scale,simple-entire,smell,spot,staman,stellate,stone,structure,swollen,symmetric,symmetry,sympodial,system,tissue,tree,trichome,tuber,unbranched,unit,vegetative,xylopodia,yellow,zygomorphy	11.0	61.0	91.0	acute,basal,base,berry,calyx,fleshy,green,mm,pore,shrub,white	.5,1-1.5,1-5,1.1-1.4,1.7-2,10-12,10-14.5,2-3,3-3.5,3/4,4-4.5,4-6.5,5-8-flowered,6-7,beneath,brown,clavate,cm,completely,dark,dia,dry,drying,ellipsoid,elliptic,erect,exserted,f,fresh,glabrous,globose,later,lateral,lobed,long,main,material,minutely,ovoid-reniform,pair,pale,papillose,perennial,pitted,poricidal,reddish,shaped,shiny,simple,slightly,stout,tan,tapering,tear-drop,thickened,tip,tube,vein,way,x,yellow-green	0.5,4.5-5.0,absent,anther,apex,appressed,articulation,bract,branching,breeding,broad-based,cell,colour,connective,corolla,difoliate,discrete,distinct,elliptic-oblong,enlarged,filament,flat,form,fruit,fruiting,geminate,growth,hair,heteromorphism,inflated,inflorescence,insertion,interjected,internodal,interpetalar,leaf,leaf-opposed,leaflet,leathery,length,lower,margin,marking,mature,membranous,modification,monochasial,needle-like,none,odour,orientation,paired,pattern,pedicel,petiole,placement,position,present,prickle,pseudostipule,radially,rhizome,round,scale,shape,simple-entire,smell,spot,staman,stellate,stem,stone,structure,surface,swollen,symmetric,symmetry,sympodial,system,texture,tissue,tree,trichome,tuber,type,unbranched,unit,vegetative,xylopodia,yellow,zygomorphy
396	wfo-0001030489	success	46	39	7	27	89	84	1.6-2.1,anther,apex,base,berry,calyx,colour,corolla,filament,form,fruit,growth,inflorescence,leaf,length,margin,mm,pedicel,petiole,shape,shrub,stem,surface,texture,type,white,yellow	0.5-3,0.9-1.1,1-1.3,1-3,1.2-1.6,1.7-2,1.9-2.6,1/3-1/2,2.5-2.8,3-6,3-8,4-8,4.5-9,5,5-6.5,7-15,abaxial,abruptly,adaxial,apart,appressed-pubescent,arrangement,attenuate,bark,becoming,blunt-tipped,broadly,brown,bud,characteristic,chartaceous,cinereous,cm,conical,continued,deltoid,diameter,due,elliptic,elongate,entire,flower,glabrate,glabrous,globose,greenish,height,history,honeycombed,lateral,life,lobing,long-acuminate,minutely,na,narrowly,oblong,ovary,ovate-lanceolate,peduncle,perennial,plant,probably,pseud-terminal,pubescent,rachi,reniform,reticulate-punctate,ripe,seed,short,simple,size,somewhat,spacing,stellate-pubescent,stigma,style,subcampanulate,subcapitate,subglobose,suborbicular,thicknes,tomentose,tube,unarmed,way,x,yellowish							2.1-2.9,absent,acute,appressed,articulation,basal,blue,bract,branch,branching,breeding,broad-based,cell,connective,dichasial,distinct,eglandular,elliptic-oblong,elongating,enlarged,flat,fleshy,fork,fruiting,fully,green,hair,hermaphroditic,heteromorphism,inflated,insertion,interjected,internodal,interpetalar,leaflet,leathery,lilac,lower,marking,mature,membranous,modification,multi-branched,needle-like,none,odour,orientation,paired,pattern,pink,placement,plurifoliate,pore,position,present,prickle,pseudostipule,purple,radially,rhizome,rotate,round,scale,simple-entire,smell,spot,staman,stellate,stone,structure,swollen,symmetric,symmetry,sympodial,system,terminal,tissue,tree,trichome,tuber,unit,vegetative,xylopodia,zygomorphy	9.0	66.0	102.0	1.6-2.1,base,berry,growth,mm,shrub,stem,white,yellow	0.5-3,0.9-1.1,1-1.3,1-3,1.2-1.6,1.7-2,1.9-2.6,1/3-1/2,2.5-2.8,3-6,3-8,4-8,4.5-9,5,5-6.5,7-15,abruptly,apart,appressed-pubescent,attenuate,becoming,blunt-tipped,broadly,brown,chartaceous,cinereous,cm,conical,continued,deltoid,due,elliptic,elongate,entire,glabrate,glabrous,globose,greenish,honeycombed,lateral,long-acuminate,minutely,na,narrowly,oblong,ovate-lanceolate,perennial,probably,pseud-terminal,pubescent,reniform,reticulate-punctate,ripe,short,simple,somewhat,stellate-pubescent,subcampanulate,subcapitate,subglobose,suborbicular,tomentose,unarmed,way,x,yellowish	2.1-2.9,absent,acute,anther,apex,appressed,articulation,basal,blue,bract,branch,branching,breeding,broad-based,calyx,cell,colour,connective,corolla,dichasial,distinct,eglandular,elliptic-oblong,elongating,enlarged,filament,flat,fleshy,fork,form,fruit,fruiting,fully,green,hair,hermaphroditic,heteromorphism,inflated,inflorescence,insertion,interjected,internodal,interpetalar,leaf,leaflet,leathery,length,lilac,lower,margin,marking,mature,membranous,modification,multi-branched,needle-like,none,odour,orientation,paired,pattern,pedicel,petiole,pink,placement,plurifoliate,pore,position,present,prickle,pseudostipule,purple,radially,rhizome,rotate,round,scale,shape,simple-entire,smell,spot,staman,stellate,stone,structure,surface,swollen,symmetric,symmetry,sympodial,system,terminal,texture,tissue,tree,trichome,tuber,type,unit,vegetative,xylopodia,zygomorphy
397	wfo-0001030509	invalid_json_followup	NA	43	NA	44	134	78	anther,apex,base,berry,branch,calyx,colour,corolla,cuneate,filament,form,fruit,fruiting,growth,herb,inflated,inflorescence,interjected,leaf,leaflet,length,lower,margin,marking,mm,orange,pedicel,petiole,prickle,pseudostipule,purple,rounded,shape,shrub,stellate,stem,straight,surface,terminal,texture,trichome,type,unbranched,yellow	-6,0,0-10,0-100,0-3,0-5,0.1-0.2,0.2,0.3-2.5,0.5-1.5,0.6-1,0.8-1.2,0.8-4,1-1.5,1-2,1-3,1-4,1.3-2,1.7-2,1/4,2-2.5,2-3,2-4.2,2-4.5,2-6,2.8-3,2/3-3/4,3-10,3-4,4.5-12,4.5-8,7-9,8-16,apart,apically,apparently,arrangement,articulated,bark,brown,bud,characteristic,cm,connivent,cordate,cream,curved,dark,densely,diameter,distal,entire,erect,exertion,flattened-reniform,flower,glabrous,glabrousnes,gland,globular,gray,green,half,height,history,lateral,life,lobe,lobed,lobing,long,long-acuminate,long-styled,maturity,mauve,midpoint,moderately,na,narrow-deltate,narrow-oblong,new,number,obtuse,occasional,occasionally,often,one,open,orange-brown,ovary,ovate,pair,pale,peduncle,per,perennial,perpendicular,plant,poricidal,porrect,prickly,primary,ray,reduced,seed,shorter,simple,size,sometimes,spaced,sparsely,spherical,stalk,stalked,stellate-pubescent,stigma,style,tapering,thicknes,time,tip,tube,unarmed,upper,value,variation,variously,vein,way,weakly,wide,width,yellow-green,young							1.7-2.0,4.5-8.0,absent,absent-inflorescence,absent-leaf,andromonoecious,appressed,articulation,basal,blue,bract,branching,breeding,broad-based,cell,connective,dichasial,difoliate,discrete,distinct,eglandular,enlarged,flat,fleshy,fork,glandular,hair,heteromorphism,insertion,internodal,interpetalar,leathery,lilac,mature,membranous,modification,needle-like,non-geminate,none,odour,orientation,paired,pattern,pink,placement,pore,position,present,present-inflorescence,present-leaf,present-stem,radially,recurved,red,rhizome,round,scale,simple-entire,simple-lobed,simple-toothed,smell,spot,staman,stone,structure,swollen,symmetric,symmetry,sympodial,system,tapered-lanceolate,tissue,triangular,tuber,unit,vegetative,xylopodia,zygomorphy	44.0	134.0	78.0	anther,apex,base,berry,branch,calyx,colour,corolla,cuneate,filament,form,fruit,fruiting,growth,herb,inflated,inflorescence,interjected,leaf,leaflet,length,lower,margin,marking,mm,orange,pedicel,petiole,prickle,pseudostipule,purple,rounded,shape,shrub,stellate,stem,straight,surface,terminal,texture,trichome,type,unbranched,yellow	-6,0,0-10,0-100,0-3,0-5,0.1-0.2,0.2,0.3-2.5,0.5-1.5,0.6-1,0.8-1.2,0.8-4,1-1.5,1-2,1-3,1-4,1.3-2,1.7-2,1/4,2-2.5,2-3,2-4.2,2-4.5,2-6,2.8-3,2/3-3/4,3-10,3-4,4.5-12,4.5-8,7-9,8-16,apart,apically,apparently,arrangement,articulated,bark,brown,bud,characteristic,cm,connivent,cordate,cream,curved,dark,densely,diameter,distal,entire,erect,exertion,flattened-reniform,flower,glabrous,glabrousnes,gland,globular,gray,green,half,height,history,lateral,life,lobe,lobed,lobing,long,long-acuminate,long-styled,maturity,mauve,midpoint,moderately,na,narrow-deltate,narrow-oblong,new,number,obtuse,occasional,occasionally,often,one,open,orange-brown,ovary,ovate,pair,pale,peduncle,per,perennial,perpendicular,plant,poricidal,porrect,prickly,primary,ray,reduced,seed,shorter,simple,size,sometimes,spaced,sparsely,spherical,stalk,stalked,stellate-pubescent,stigma,style,tapering,thicknes,time,tip,tube,unarmed,upper,value,variation,variously,vein,way,weakly,wide,width,yellow-green,young	1.7-2.0,4.5-8.0,absent,absent-inflorescence,absent-leaf,andromonoecious,appressed,articulation,basal,blue,bract,branching,breeding,broad-based,cell,connective,dichasial,difoliate,discrete,distinct,eglandular,enlarged,flat,fleshy,fork,glandular,hair,heteromorphism,insertion,internodal,interpetalar,leathery,lilac,mature,membranous,modification,needle-like,non-geminate,none,odour,orientation,paired,pattern,pink,placement,pore,position,present,present-inflorescence,present-leaf,present-stem,radially,recurved,red,rhizome,round,scale,simple-entire,simple-lobed,simple-toothed,smell,spot,staman,stone,structure,swollen,symmetric,symmetry,sympodial,system,tapered-lanceolate,tissue,triangular,tuber,unit,vegetative,xylopodia,zygomorphy
398	wfo-0001030516	invalid_json	NA	40	NA	29	64	88	acute,anther,branching,calyx,colour,corolla,forked,form,fruit,green,growth,inflorescence,interjected,leaf,leaflet,length,mm,monochasial,ovoid,pedicel,petiole,pseudostipule,rotate,shape,stem,surface,terminal,texture,type	0.4-1.5,1-7,1.1-3.5,1.1-4.1,1.5-2,1.8-2.4,2-12,2-21,2-3,3-8,3-9.8,4-22,4-6,4-7,4.2-10.7,6-15,8-9,9-22,arrangement,branched,characteristic,cm,cyme,darker,diameter,dichasial,dichasially,ebracteate,gland,globose,green-white,height,herbaceous,history,lateral,life,light,lobe,long,long-attenuate,mucilaginous,odd-pinnate,ovary,peduncle,pentagonal,perennial,pilose,plant,puberulent,pubescent,seed,short-stalked,size,slightly,sometimes,stripe,style,throughout,triangular,value,wet,wide,width,yellow							1.0-4.0,1/2,1/4-1/2,4.0-6.0,absent,apex,appressed,articulation,asymmetric,basal,base,berry,bract,branch,breeding,broad-based,cell,compound-entire,connective,cuneate,distal,distinct,elliptic-oblong,elongating,enlarged,filament,flat,fleshy,fork,fruiting,fully,glandular,hair,herb,hermaphroditic,heteromorphism,inflated,insertion,interpetalar,leathery,lower,margin,marking,mature,membranous,modification,multi-branched,multicellular,needle-like,none,odour,orientation,paired,pattern,placement,plurifoliate,pore,position,present,present-pair,prickle,radially,rhizome,round,rounded,scale,simple,smell,spot,staman,stellate,stone,structure,swollen,symmetric,symmetry,sympodial,system,tissue,trichome,trifoliate,truncate,tuber,unit,vegetative,white,xylopodia,zygomorphy	29.0	64.0	88.0	acute,anther,branching,calyx,colour,corolla,forked,form,fruit,green,growth,inflorescence,interjected,leaf,leaflet,length,mm,monochasial,ovoid,pedicel,petiole,pseudostipule,rotate,shape,stem,surface,terminal,texture,type	0.4-1.5,1-7,1.1-3.5,1.1-4.1,1.5-2,1.8-2.4,2-12,2-21,2-3,3-8,3-9.8,4-22,4-6,4-7,4.2-10.7,6-15,8-9,9-22,arrangement,branched,characteristic,cm,cyme,darker,diameter,dichasial,dichasially,ebracteate,gland,globose,green-white,height,herbaceous,history,lateral,life,light,lobe,long,long-attenuate,mucilaginous,odd-pinnate,ovary,peduncle,pentagonal,perennial,pilose,plant,puberulent,pubescent,seed,short-stalked,size,slightly,sometimes,stripe,style,throughout,triangular,value,wet,wide,width,yellow	1.0-4.0,1/2,1/4-1/2,4.0-6.0,absent,apex,appressed,articulation,asymmetric,basal,base,berry,bract,branch,breeding,broad-based,cell,compound-entire,connective,cuneate,distal,distinct,elliptic-oblong,elongating,enlarged,filament,flat,fleshy,fork,fruiting,fully,glandular,hair,herb,hermaphroditic,heteromorphism,inflated,insertion,interpetalar,leathery,lower,margin,marking,mature,membranous,modification,multi-branched,multicellular,needle-like,none,odour,orientation,paired,pattern,placement,plurifoliate,pore,position,present,present-pair,prickle,radially,rhizome,round,rounded,scale,simple,smell,spot,staman,stellate,stone,structure,swollen,symmetric,symmetry,sympodial,system,tissue,trichome,trifoliate,truncate,tuber,unit,vegetative,white,xylopodia,zygomorphy
399	wfo-0001030551	success	29	37	5	37	94	79	anther,apex,base,blue,branch,calyx,colour,cordate,corolla,filament,form,fruit,fruiting,growth,hair,inflorescence,interjected,leaf,leaflet,length,margin,mm,ovoid,pedicel,petiole,prickle,pseudostipule,shape,shrub,simple,stem,surface,terminal,texture,truncate,type,unbranched	0-2,0.5-1,0.6-1.5,1-2,1-2.5,1-3.5,1-4,1.5-2.5,10-20,20-25-30,3-12,3-8,4-10-40,4-5-6,acuminate,acute,adaxially,adpressed,also,appearance,arrangement,bark,basal,bilobed,border,bud,caylx,characteristic,chartaceous,cm,concave,corrugation,densely,dia,diameter,distal,drying,ellipsoidal,entire,exertion,fading,flower,giving,glabrousnes,glandular-puberulent,globose,height,history,lanceolate,lateral,life,lobe,lobing,long,midpoint,moderately,na,narrowly,new,number,oblong-fusiform,obtuse,often,ovary,ovate,ovate-elliptic,peduncle,per,perennial,perfect,pilose,plant,primary,puberulent,pubescent-pilose,ray,seed,size,sparsely,stigma,style,subcoriaceous,thicknes,tip,triangular,triangular-elliptic,tube,unknown,variation,vein,violet,width,x,yellowish							4.0-5.0,absent,appressed,articulation,berry,bract,branching,breeding,broad-based,campanulate,cell,connective,coriaceous,dendritic,discrete,distinct,eglandular,ellipsoid,enlarged,flat,fleshy,fork,fully,fusiform,green,hermaphroditic,heteromorphism,inflated,insertion,internodal,interpetalar,leathery,lilac,lower,marking,mature,membranous,modification,multicellular,near-basal,needle-like,none,odour,orientation,paired,pattern,pink,placement,plurifoliate,pore,position,present,purple,radially,rhizome,round,scale,simple-entire,smell,spot,staman,stellate,stone,structure,swollen,symmetric,symmetry,sympodial,system,tapered-lanceolate,tissue,trichome,tuber,unit,vegetative,white,xylopodia,yellow,zygomorphy	12.0	58.0	104.0	apex,base,blue,cordate,fruit,hair,mm,ovoid,shrub,simple,truncate,unbranched	0-2,0.5-1,0.6-1.5,1-2,1-2.5,1-3.5,1-4,1.5-2.5,10-20,20-25-30,3-12,3-8,4-10-40,4-5-6,acuminate,acute,adaxially,adpressed,also,basal,bilobed,chartaceous,cm,concave,densely,dia,ellipsoidal,entire,fading,flower,glandular-puberulent,globose,lanceolate,lobe,long,moderately,na,narrowly,oblong-fusiform,obtuse,often,ovate,ovate-elliptic,perennial,perfect,pilose,puberulent,pubescent-pilose,sparsely,style,subcoriaceous,tip,triangular,triangular-elliptic,unknown,violet,x,yellowish	4.0-5.0,absent,anther,appressed,articulation,berry,bract,branch,branching,breeding,broad-based,calyx,campanulate,cell,colour,connective,coriaceous,corolla,dendritic,discrete,distinct,eglandular,ellipsoid,enlarged,filament,flat,fleshy,fork,form,fruiting,fully,fusiform,green,growth,hermaphroditic,heteromorphism,inflated,inflorescence,insertion,interjected,internodal,interpetalar,leaf,leaflet,leathery,length,lilac,lower,margin,marking,mature,membranous,modification,multicellular,near-basal,needle-like,none,odour,orientation,paired,pattern,pedicel,petiole,pink,placement,plurifoliate,pore,position,present,prickle,pseudostipule,purple,radially,rhizome,round,scale,shape,simple-entire,smell,spot,staman,stellate,stem,stone,structure,surface,swollen,symmetric,symmetry,sympodial,system,tapered-lanceolate,terminal,texture,tissue,trichome,tuber,type,unit,vegetative,white,xylopodia,yellow,zygomorphy
400	wfo-0001030570	invalid_json_followup	NA	36	NA	41	101	75	anther,apex,base,branch,calyx,colour,cordate,corolla,eglandular,filament,forked,form,fruit,fruiting,green,growth,hair,inflorescence,interjected,leaf,leaflet,length,margin,mm,pedicel,petiole,prickle,pseudostipule,rounded,shape,simple,stem,surface,terminal,texture,tree,truncate,type,unbranched,white,yellow	0-1-3,0.3-0.5,1-3,1-4,1-8,1.5,10-25,15-35,2-3,2-5,2-7-lobed,2-8,2.5-22,20-30,3-10,3-5,4-25,4-5,4-7,abaxially,acuminate,acute,adaxially,apiculate,arrangement,bark,basal,beyond,bud,characteristic,cm,connivent,corrugation,cylindrical,diameter,dilated,distal,distally,drying,ellipsoidal,entire,exertion,exserted,flattened,flower,glabrous,glabrousnes,glandular-puberulent,globose,height,history,lanceolate,lateral,life,lobe,lobed,lobing,long,midpoint,na,narrowly,new,number,obtuse,occasionally,often,ovary,ovoid,peduncle,per,pilose,pinnately,plant,primary,pubescent,purplish,rarely,ray,rugose,seed,size,slightly,sometimes,sparsely,stamen,stigma,style,subcoriaceous,submarginally,thicknes,tip,triangular,tube,unequal,unknown,unlobed,value,variation,vein,width,x							3.5-5.5,absent,appressed,articulation,berry,black,blue,bract,branching,breeding,broad-based,campanulate,cell,connective,coriaceous,discrete,distinct,ellipsoid,enlarged,flat,fleshy,fork,fully,glandular,hermaphroditic,heteromorphism,inflated,insertion,interpetalar,leathery,lilac,lower,marking,mature,modification,multicellular,near-basal,needle-like,none,odour,orientation,paired,pattern,pink,placement,plurifoliate,pore,position,present,purple,radially,rhizome,round,scale,simple-entire,simple-lobed,smell,spot,staman,stellate,stone,structure,swollen,symmetric,symmetry,sympodial,system,tapered-lanceolate,tissue,trichome,tuber,unit,vegetative,xylopodia,zygomorphy	41.0	101.0	75.0	anther,apex,base,branch,calyx,colour,cordate,corolla,eglandular,filament,forked,form,fruit,fruiting,green,growth,hair,inflorescence,interjected,leaf,leaflet,length,margin,mm,pedicel,petiole,prickle,pseudostipule,rounded,shape,simple,stem,surface,terminal,texture,tree,truncate,type,unbranched,white,yellow	0-1-3,0.3-0.5,1-3,1-4,1-8,1.5,10-25,15-35,2-3,2-5,2-7-lobed,2-8,2.5-22,20-30,3-10,3-5,4-25,4-5,4-7,abaxially,acuminate,acute,adaxially,apiculate,arrangement,bark,basal,beyond,bud,characteristic,cm,connivent,corrugation,cylindrical,diameter,dilated,distal,distally,drying,ellipsoidal,entire,exertion,exserted,flattened,flower,glabrous,glabrousnes,glandular-puberulent,globose,height,history,lanceolate,lateral,life,lobe,lobed,lobing,long,midpoint,na,narrowly,new,number,obtuse,occasionally,often,ovary,ovoid,peduncle,per,pilose,pinnately,plant,primary,pubescent,purplish,rarely,ray,rugose,seed,size,slightly,sometimes,sparsely,stamen,stigma,style,subcoriaceous,submarginally,thicknes,tip,triangular,tube,unequal,unknown,unlobed,value,variation,vein,width,x	3.5-5.5,absent,appressed,articulation,berry,black,blue,bract,branching,breeding,broad-based,campanulate,cell,connective,coriaceous,discrete,distinct,ellipsoid,enlarged,flat,fleshy,fork,fully,glandular,hermaphroditic,heteromorphism,inflated,insertion,interpetalar,leathery,lilac,lower,marking,mature,modification,multicellular,near-basal,needle-like,none,odour,orientation,paired,pattern,pink,placement,plurifoliate,pore,position,present,purple,radially,rhizome,round,scale,simple-entire,simple-lobed,smell,spot,staman,stellate,stone,structure,swollen,symmetric,symmetry,sympodial,system,tapered-lanceolate,tissue,trichome,tuber,unit,vegetative,xylopodia,zygomorphy
401	wfo-0001030581	invalid_json_followup	NA	39	NA	37	121	75	1.5,acute,anther,apex,appressed,basal,base,berry,black,calyx,colour,corolla,filament,form,fruit,fruiting,green,growth,herb,inflorescence,leaf,leaflet,length,margin,mm,pedicel,petiole,prickle,pseudostipule,shape,simple,stem,surface,texture,trichome,type,white	0.2-0.8,0.4-1.6,0.5-2.5,0.6-0.7,0.9-1,1-2-celled,1-2.5,1-4-celled,1.2-1.5,1.8-8,15,20-50,3-4,3-5,35-45,4-7,4-9,4.5-12,5,5-6,5-8,9,abaxial,adaxial,along,angle,angled,anthesi,appearance,arrangement,articulated,bark,branch,bud,capitate,central,characteristic,clustered,cm,conical,corrugation,decurrent,densely,denser,diameter,distal,drying,ellipsoid,elliptic,entire,exertion,exserted,flattened-reniform,flower,giving,glabrousnes,globose,halfway,height,history,intermodal,lateral,less,life,like,lobe,lobing,long,maturity,midpoint,minute,minutely,na,near,new,number,occasionally,often,once-branched,ovary,ovate,pair,papillate,peduncle,per,perennial,pitted,plant,portion,primary,pubescent,purplish,ray,ridge,ripe,seed,shallow,size,slightly,somewhat,sparsely,spreading,stigma,straight,style,terete,terminal,thicknes,third,translucent,tube,turning,uniseriate,upper,value,variation,vein,wide,width,yellow,yellowish							1.0,absent,articulation,blue,bract,branching,breeding,broad-based,cell,connective,difoliate,eglandular,elliptic-oblong,elongating,enlarged,flat,fleshy,forked,fully,hair,hermaphroditic,heteromorphism,inflated,insertion,interjected,internodal,interpetalar,leathery,lilac,lower,marking,mature,membranous,modification,monochasial,multicellular,needle-like,non-geminate,none,odour,orientation,paired,pattern,pink,placement,pore,position,present,purple,radially,rhizome,round,scale,shrub,simple-entire,simple-toothed,smell,spot,staman,stellate,stone,structure,swollen,symmetric,symmetry,sympodial,system,tissue,tuber,unbranched,unit,vegetative,winged,xylopodia,zygomorphy	37.0	121.0	75.0	1.5,acute,anther,apex,appressed,basal,base,berry,black,calyx,colour,corolla,filament,form,fruit,fruiting,green,growth,herb,inflorescence,leaf,leaflet,length,margin,mm,pedicel,petiole,prickle,pseudostipule,shape,simple,stem,surface,texture,trichome,type,white	0.2-0.8,0.4-1.6,0.5-2.5,0.6-0.7,0.9-1,1-2-celled,1-2.5,1-4-celled,1.2-1.5,1.8-8,15,20-50,3-4,3-5,35-45,4-7,4-9,4.5-12,5,5-6,5-8,9,abaxial,adaxial,along,angle,angled,anthesi,appearance,arrangement,articulated,bark,branch,bud,capitate,central,characteristic,clustered,cm,conical,corrugation,decurrent,densely,denser,diameter,distal,drying,ellipsoid,elliptic,entire,exertion,exserted,flattened-reniform,flower,giving,glabrousnes,globose,halfway,height,history,intermodal,lateral,less,life,like,lobe,lobing,long,maturity,midpoint,minute,minutely,na,near,new,number,occasionally,often,once-branched,ovary,ovate,pair,papillate,peduncle,per,perennial,pitted,plant,portion,primary,pubescent,purplish,ray,ridge,ripe,seed,shallow,size,slightly,somewhat,sparsely,spreading,stigma,straight,style,terete,terminal,thicknes,third,translucent,tube,turning,uniseriate,upper,value,variation,vein,wide,width,yellow,yellowish	1.0,absent,articulation,blue,bract,branching,breeding,broad-based,cell,connective,difoliate,eglandular,elliptic-oblong,elongating,enlarged,flat,fleshy,forked,fully,hair,hermaphroditic,heteromorphism,inflated,insertion,interjected,internodal,interpetalar,leathery,lilac,lower,marking,mature,membranous,modification,monochasial,multicellular,needle-like,non-geminate,none,odour,orientation,paired,pattern,pink,placement,pore,position,present,purple,radially,rhizome,round,scale,shrub,simple-entire,simple-toothed,smell,spot,staman,stellate,stone,structure,swollen,symmetric,symmetry,sympodial,system,tissue,tuber,unbranched,unit,vegetative,winged,xylopodia,zygomorphy
402	wfo-0001030583	invalid_json_followup	NA	38	NA	34	104	69	acute,anther,apex,base,berry,calyx,colour,corolla,dendritic,enlarged,filament,form,fruit,fruiting,growth,inflorescence,interjected,leaf,leaflet,length,margin,mm,pedicel,petiole,prickle,pseudostipule,shape,shrub,stem,surface,texture,trichome,type,white	.5,0.1-0.5,0.2-1,0.3-1,0.5-1,0.7-4.5,0.8-1,1,1-1.5,1-8,1/2,2.5,2.5-3,2.5-9,3-4,3/4,4-6,5-6,5-7,alternate,arrangement,bark,branch,brown,bud,characteristic,cm,corrugation,crisped,cultivar,deep,deflexed,densely,dia,diameter,distal,drying,ellipsoid,elliptic,exertion,flattened-reniform,flower,giving,glabrous,glabrousnes,globose,golden,green,height,history,immature,included,incrassate,irregular,lateral,life,lobe,lobed,lobing,long,main,midpoint,minutely,na,narrowly,new,number,often,orange-red,ovary,pair,pale,peduncle,per,perennial,pitted,plant,primary,prostrate,pubescent,ray,ripe,rounded,seed,shaped,simple,size,small-capitate,stigma,stout,style,tall,tan,tear-drop,terminal,thicknes,tube,value,variation,vein,way,width,x,yellow							0.5-1.0,3.0-4.0,absent,appressed,articulation,basal,bract,branched,branching,breeding,broad-based,cell,connective,difoliate,discrete,distinct,elliptic-oblong,flat,fleshy,geminate,hair,heteromorphism,inflated,insertion,interpetalar,leaf-opposed,leathery,lower,marking,mature,membranous,modification,monochasial,needle-like,none,odour,orange,orientation,paired,pattern,placement,plurifoliate,pore,position,present,radially,red,rhizome,round,scale,simple-entire,smell,spot,staman,stellate,stone,structure,swollen,symmetric,symmetry,sympodial,system,tissue,tuber,unbranched,unit,vegetative,xylopodia,zygomorphy	34.0	104.0	69.0	acute,anther,apex,base,berry,calyx,colour,corolla,dendritic,enlarged,filament,form,fruit,fruiting,growth,inflorescence,interjected,leaf,leaflet,length,margin,mm,pedicel,petiole,prickle,pseudostipule,shape,shrub,stem,surface,texture,trichome,type,white	.5,0.1-0.5,0.2-1,0.3-1,0.5-1,0.7-4.5,0.8-1,1,1-1.5,1-8,1/2,2.5,2.5-3,2.5-9,3-4,3/4,4-6,5-6,5-7,alternate,arrangement,bark,branch,brown,bud,characteristic,cm,corrugation,crisped,cultivar,deep,deflexed,densely,dia,diameter,distal,drying,ellipsoid,elliptic,exertion,flattened-reniform,flower,giving,glabrous,glabrousnes,globose,golden,green,height,history,immature,included,incrassate,irregular,lateral,life,lobe,lobed,lobing,long,main,midpoint,minutely,na,narrowly,new,number,often,orange-red,ovary,pair,pale,peduncle,per,perennial,pitted,plant,primary,prostrate,pubescent,ray,ripe,rounded,seed,shaped,simple,size,small-capitate,stigma,stout,style,tall,tan,tear-drop,terminal,thicknes,tube,value,variation,vein,way,width,x,yellow	0.5-1.0,3.0-4.0,absent,appressed,articulation,basal,bract,branched,branching,breeding,broad-based,cell,connective,difoliate,discrete,distinct,elliptic-oblong,flat,fleshy,geminate,hair,heteromorphism,inflated,insertion,interpetalar,leaf-opposed,leathery,lower,marking,mature,membranous,modification,monochasial,needle-like,none,odour,orange,orientation,paired,pattern,placement,plurifoliate,pore,position,present,radially,red,rhizome,round,scale,simple-entire,smell,spot,staman,stellate,stone,structure,swollen,symmetric,symmetry,sympodial,system,tissue,tuber,unbranched,unit,vegetative,xylopodia,zygomorphy
403	wfo-0001030605	invalid_json_followup	NA	38	NA	38	115	66	0.1,anther,apex,base,berry,branched,calyx,colour,corolla,difoliate,filament,form,fruit,fruiting,geminate,green,growth,inflorescence,interjected,internodal,leaf,leaflet,length,margin,mm,pedicel,petiole,prickle,pseudostipule,shape,shrub,stem,surface,texture,trichome,type,unifoliate,white	.4,.5,0.3-0.5,1,1-4,1.5-2,1.5-5.5,1.7,12-19-flowered,2,2-3,2.5,5-12.5,7,acute,adaxially,almost,anthesi,apical,area,arrangement,attenuate,bark,branch,brown,bud,characteristic,cinereous,cm,commonly,conical,coriaceous,corrugation,covered,cylindrical,dark,dendritic-echinoid,densely,dia,diameter,distal,dry,drying,ellipsoid,exerted,exertion,glabrate,glabrous,glabrousnes,globose,gold,height,history,lateral,less,life,light,lobe,lobing,long,material,midpoint,minutely,na,nearly,new,number,obovate,obtuse,occasionally,olive,opposite,ovary,ovoid-reniform,papillose,peduncle,per,pitted,plant,primary,pubescent,rarely,ray,reflexed,revolute,rounded,scattered,seed,shaped,shiny,simple,size,slender,slightly,smooth,soon,sparesly,sparsely,stigma,style,tear-drop,terminal,thickened,thicknes,tinged,tip,tube,value,variation,vein,way,width,woody,x,yellow							2.0-3.0,absent,appressed,articulation,basal,bract,branching,breeding,broad-based,cell,connective,cuneate,dendritic,discrete,distinct,elliptic-oblong,enlarged,flat,fleshy,forked,hair,heteromorphism,inflated,insertion,interpetalar,leaf-opposed,leathery,lower,marking,mature,membranous,modification,monochasial,needle-like,none,odour,orientation,paired,pattern,placement,pore,position,present,radially,rhizome,round,scale,simple-entire,smell,spot,staman,stellate,stone,structure,swollen,symmetric,symmetry,sympodial,system,tissue,tuber,unbranched,unit,vegetative,xylopodia,zygomorphy	38.0	115.0	66.0	0.1,anther,apex,base,berry,branched,calyx,colour,corolla,difoliate,filament,form,fruit,fruiting,geminate,green,growth,inflorescence,interjected,internodal,leaf,leaflet,length,margin,mm,pedicel,petiole,prickle,pseudostipule,shape,shrub,stem,surface,texture,trichome,type,unifoliate,white	.4,.5,0.3-0.5,1,1-4,1.5-2,1.5-5.5,1.7,12-19-flowered,2,2-3,2.5,5-12.5,7,acute,adaxially,almost,anthesi,apical,area,arrangement,attenuate,bark,branch,brown,bud,characteristic,cinereous,cm,commonly,conical,coriaceous,corrugation,covered,cylindrical,dark,dendritic-echinoid,densely,dia,diameter,distal,dry,drying,ellipsoid,exerted,exertion,glabrate,glabrous,glabrousnes,globose,gold,height,history,lateral,less,life,light,lobe,lobing,long,material,midpoint,minutely,na,nearly,new,number,obovate,obtuse,occasionally,olive,opposite,ovary,ovoid-reniform,papillose,peduncle,per,pitted,plant,primary,pubescent,rarely,ray,reflexed,revolute,rounded,scattered,seed,shaped,shiny,simple,size,slender,slightly,smooth,soon,sparesly,sparsely,stigma,style,tear-drop,terminal,thickened,thicknes,tinged,tip,tube,value,variation,vein,way,width,woody,x,yellow	2.0-3.0,absent,appressed,articulation,basal,bract,branching,breeding,broad-based,cell,connective,cuneate,dendritic,discrete,distinct,elliptic-oblong,enlarged,flat,fleshy,forked,hair,heteromorphism,inflated,insertion,interpetalar,leaf-opposed,leathery,lower,marking,mature,membranous,modification,monochasial,needle-like,none,odour,orientation,paired,pattern,placement,pore,position,present,radially,rhizome,round,scale,simple-entire,smell,spot,staman,stellate,stone,structure,swollen,symmetric,symmetry,sympodial,system,tissue,tuber,unbranched,unit,vegetative,xylopodia,zygomorphy
404	wfo-0001030624	success	46	38	8	34	86	71	acute,anther,apex,base,berry,calyx,colour,corolla,filament,form,fruit,fruiting,glandular,green,growth,inflorescence,interjected,leaf,leaflet,length,margin,mm,pedicel,petiole,prickle,pseudostipule,shape,shrub,simple,stem,surface,texture,type,white	.5,0.9-1,1.2-1.8,1.2-2,1.5-2,2-10,2.5-5.5,3-3.5,3.5-4,6-13,7-9,alternate,appearance,arrangement,attenuate,bark,border,branch,bud,characteristic,clavate,cm,corrugation,dia,diameter,distal,drying,ellipsoid,elliptic,exertion,exserted,falcate,flattened-reniform,furcate,giving,glabrate,glabrous,glabrousnes,globose,height,history,hyaline,later,lateral,life,lobe,lobing,main,midpoint,minutely,na,narrowly,nearly,new,number,occasionally,ovary,pair,pale,peduncle,per,pitted,plant,primary,puberulent,ray,seed,size,slender,small,soon,stigma,straight,style,tapering,terminal,thicknes,tree,tube,variation,vein,width,x,yellow,yellowish,yellowish-green							0.5-1.5,2.0-3.5,absent,appressed,articulation,basal,bract,branching,breeding,broad-based,cell,connective,difoliate,discrete,distinct,eglandular,elliptic-oblong,enlarged,flat,fleshy,forked,geminate,hair,heteromorphism,inflated,insertion,interpetalar,leaf-opposed,leathery,lower,marking,mature,membranous,modification,monochasial,multicellular,needle-like,none,odour,orientation,paired,pattern,placement,pore,position,present,radially,rhizome,round,scale,simple-entire,smell,spot,staman,stellate,stone,structure,swollen,symmetric,symmetry,sympodial,system,tissue,trichome,tuber,unbranched,unit,vegetative,winged,xylopodia,zygomorphy	10.0	50.0	95.0	acute,base,berry,calyx,glandular,green,mm,shrub,simple,white	.5,0.9-1,1.2-1.8,1.2-2,1.5-2,2-10,2.5-5.5,3-3.5,3.5-4,6-13,7-9,alternate,attenuate,clavate,cm,dia,ellipsoid,elliptic,exserted,falcate,flattened-reniform,furcate,glabrate,glabrous,globose,hyaline,later,lateral,main,minutely,na,narrowly,nearly,occasionally,pair,pale,pitted,puberulent,slender,small,soon,straight,tapering,tree,tube,vein,x,yellow,yellowish,yellowish-green	0.5-1.5,2.0-3.5,absent,anther,apex,appressed,articulation,basal,bract,branching,breeding,broad-based,cell,colour,connective,corolla,difoliate,discrete,distinct,eglandular,elliptic-oblong,enlarged,filament,flat,fleshy,forked,form,fruit,fruiting,geminate,growth,hair,heteromorphism,inflated,inflorescence,insertion,interjected,interpetalar,leaf,leaf-opposed,leaflet,leathery,length,lower,margin,marking,mature,membranous,modification,monochasial,multicellular,needle-like,none,odour,orientation,paired,pattern,pedicel,petiole,placement,pore,position,present,prickle,pseudostipule,radially,rhizome,round,scale,shape,simple-entire,smell,spot,staman,stellate,stem,stone,structure,surface,swollen,symmetric,symmetry,sympodial,system,texture,tissue,trichome,tuber,type,unbranched,unit,vegetative,winged,xylopodia,zygomorphy
405	wfo-0001030638	success	38	38	7	35	98	69	acute,anther,apex,base,berry,calyx,colour,corolla,difoliate,filament,form,fruit,fruiting,geminate,glandular,green,growth,inflorescence,leaf,length,margin,mm,pedicel,petiole,shape,shrub,simple,stem,surface,sympodial,texture,trichome,type,unit,white	0.1,0.5-0.7,0.5-1,0.5-1.5,0.7-1.5,1-1.2,1-1.5,1.4-1.7,1.6-2.2,2-3,2-5,2-7-flowered,3-10,3-13,8,8-11,8-9,along,anthesi,apically,arrangement,axi,bark,branch,branched,broadly,bud,characteristic,cm,corrugation,cup-shaped,deflexed,densely,dia,diameter,drying,elliptic,exertion,flattened,glabrate,glabrous,glabrousnes,globose,grey,height,history,later,lateral,less,life,lobed,lobing,long,main,minutely,na,nearly,new,number,obovate,occasionally,often,older,open,opposite,ovary,ovoid,pair,pale,papillae,papillose,peduncle,per,persistent,plant,poricidal,primary,red,red-glandular,reddish,roundish,rugose,seed,size,soon,stigma,style,tapering,terminal,thickening,tip,tree,tube,uniseriate,usually,vein,x,young							0.5-1.0,4.0-6.0,absent,appressed,articulation,basal,bract,branching,breeding,broad-based,cell,connective,discrete,distinct,eglandular,elliptic-oblong,enlarged,flat,fleshy,hair,heteromorphism,inflated,insertion,interjected,interpetalar,leaf-opposed,leaflet,leathery,lower,marking,mature,membranous,modification,monochasial,multicellular,needle-like,non-geminate,none,odour,orientation,paired,pattern,placement,pore,position,present,prickle,pseudostipule,radially,rhizome,round,scale,simple-entire,smell,spot,staman,stellate,stone,structure,swollen,symmetric,symmetry,system,tissue,tuber,unbranched,vegetative,xylopodia,zygomorphy	18.0	74.0	86.0	acute,base,berry,calyx,difoliate,geminate,glandular,green,leaf,mm,shrub,simple,stem,surface,sympodial,trichome,unit,white	0.1,0.5-0.7,0.5-1,0.5-1.5,0.7-1.5,1-1.2,1-1.5,1.4-1.7,1.6-2.2,2-3,2-5,2-7-flowered,3-10,3-13,8,8-11,8-9,along,anthesi,apically,axi,branched,broadly,cm,cup-shaped,deflexed,densely,dia,elliptic,flattened,glabrate,glabrous,globose,grey,later,lateral,less,lobed,long,main,minutely,na,nearly,obovate,occasionally,often,older,open,opposite,ovoid,pair,pale,papillae,papillose,persistent,poricidal,red,red-glandular,reddish,roundish,rugose,soon,style,tapering,terminal,thickening,tip,tree,tube,uniseriate,usually,vein,x,young	0.5-1.0,4.0-6.0,absent,anther,apex,appressed,articulation,basal,bract,branching,breeding,broad-based,cell,colour,connective,corolla,discrete,distinct,eglandular,elliptic-oblong,enlarged,filament,flat,fleshy,form,fruit,fruiting,growth,hair,heteromorphism,inflated,inflorescence,insertion,interjected,interpetalar,leaf-opposed,leaflet,leathery,length,lower,margin,marking,mature,membranous,modification,monochasial,multicellular,needle-like,non-geminate,none,odour,orientation,paired,pattern,pedicel,petiole,placement,pore,position,present,prickle,pseudostipule,radially,rhizome,round,scale,shape,simple-entire,smell,spot,staman,stellate,stone,structure,swollen,symmetric,symmetry,system,texture,tissue,tuber,type,unbranched,vegetative,xylopodia,zygomorphy
406	wfo-0001030661	invalid_json_followup	NA	39	NA	42	116	72	anther,apex,attenuate,base,berry,branch,calyx,colour,corolla,filament,form,fruit,fruiting,growth,inflorescence,insertion,interjected,leaf,leaflet,length,margin,mature,membranous,mm,pedicel,petiole,prickle,pseudostipule,red,shape,shrub,simple,stellate,stem,surface,terminal,texture,tree,trichome,type,white,winged	.5,0,0.5-0.6,0.5-0.75,0.5-2,0.7-0.8,1-1.2,1-1.2-7,1-1.4,1-1.5,1-5,1.5-2,1.5-7,12-16-24,2-2.5,2-3-20,3-3.5,4-15,5-5.5,50-100+,acute,anthesi,arrangement,articulated,bark,branched,brown,bud,capitate,cayx,characteristic,cm,conical,connivent,corrugation,denser,diameter,distal,drying,ellipsoid,elliptic,entire,erect,exertion,exserted,flattened,flower,glabrescent,glabrous,glabrousnes,globose,height,history,lateral,life,lobe,lobed,lobing,long,loosely,many,midpoint,minute,minutely,na,narrowly,near,new,nodding,number,occasionally,onto,ovary,pair,pale,papillose,peduncle,per,pitted,plant,point,poricidal,primary,pubescent,ray,reddish,reniform,scattered,seed,size,sleeve,slender,slightly,small,sparsely,stigma,strongly,style,thicknes,time,tinged,tip,tube,uniseriate,value,variation,vein,violet,way,width,woody,x,yellow,yellowish,½,¾							1.0-1.5,1.5-2.0,absent,appressed,articulation,basal,blue,bract,branching,breeding,broad-based,cell,connective,cup-shaped,distinct,eglandular,elliptic-oblong,elongating,enlarged,fleshy,fork,forked,fully,hair,hermaphroditic,heteromorphism,inflated,internodal,interpetalar,leathery,lilac,lower,marking,modification,monochasial,multi-branched,multicellular,needle-like,none,odour,orange,orientation,paired,pattern,pink,placement,plurifoliate,pore,position,present,purple,radially,rhizome,round,scale,simple-entire,smell,spot,staman,stone,structure,swollen,symmetric,symmetry,sympodial,system,tissue,tuber,unit,vegetative,xylopodia,zygomorphy	42.0	116.0	72.0	anther,apex,attenuate,base,berry,branch,calyx,colour,corolla,filament,form,fruit,fruiting,growth,inflorescence,insertion,interjected,leaf,leaflet,length,margin,mature,membranous,mm,pedicel,petiole,prickle,pseudostipule,red,shape,shrub,simple,stellate,stem,surface,terminal,texture,tree,trichome,type,white,winged	.5,0,0.5-0.6,0.5-0.75,0.5-2,0.7-0.8,1-1.2,1-1.2-7,1-1.4,1-1.5,1-5,1.5-2,1.5-7,12-16-24,2-2.5,2-3-20,3-3.5,4-15,5-5.5,50-100+,acute,anthesi,arrangement,articulated,bark,branched,brown,bud,capitate,cayx,characteristic,cm,conical,connivent,corrugation,denser,diameter,distal,drying,ellipsoid,elliptic,entire,erect,exertion,exserted,flattened,flower,glabrescent,glabrous,glabrousnes,globose,height,history,lateral,life,lobe,lobed,lobing,long,loosely,many,midpoint,minute,minutely,na,narrowly,near,new,nodding,number,occasionally,onto,ovary,pair,pale,papillose,peduncle,per,pitted,plant,point,poricidal,primary,pubescent,ray,reddish,reniform,scattered,seed,size,sleeve,slender,slightly,small,sparsely,stigma,strongly,style,thicknes,time,tinged,tip,tube,uniseriate,value,variation,vein,violet,way,width,woody,x,yellow,yellowish,½,¾	1.0-1.5,1.5-2.0,absent,appressed,articulation,basal,blue,bract,branching,breeding,broad-based,cell,connective,cup-shaped,distinct,eglandular,elliptic-oblong,elongating,enlarged,fleshy,fork,forked,fully,hair,hermaphroditic,heteromorphism,inflated,internodal,interpetalar,leathery,lilac,lower,marking,modification,monochasial,multi-branched,multicellular,needle-like,none,odour,orange,orientation,paired,pattern,pink,placement,plurifoliate,pore,position,present,purple,radially,rhizome,round,scale,simple-entire,smell,spot,staman,stone,structure,swollen,symmetric,symmetry,sympodial,system,tissue,tuber,unit,vegetative,xylopodia,zygomorphy
407	wfo-0001030676	success	44	38	8	35	108	72	acute,anther,apex,base,berry,branch,calyx,colour,corolla,filament,fleshy,form,fruit,green,growth,inflorescence,interjected,leaf,leaflet,length,margin,mm,pedicel,petiole,prickle,pseudostipule,shape,shrub,stem,surface,terminal,texture,type,white,yellow	0.4,1-1.2,1.1-1.4,1.2-1.3,1.7-2,16,19-35,2.1-2.6,2.2-5.7,3-3.9,3-6,4-6,7-8,7-9,8-10,8-12,abaxially,abruptly,adaxially,angled,anthesi,appearance,appressed-tomentose,arrangement,bark,becoming,blunt-tipped,border,branched,brown,bud,characteristic,cm,conical,continued,deltoid,diameter,dichotomously,distal,due,elongate,entire,exertion,exserted,finely,giving,glabrousnes,globose,granular-tomentose,greenish,grooved,height,history,honeycombed,lateral,life,lobe,lobing,longitudinally,midpoint,midvein,minutely,na,new,number,oblique,oblong,oblong-elliptic,often,openly,ovary,ovate-lanceolate,peduncle,per,perennial,plant,primary,probably,pseud-terminal,pulverulent,ray,reniform,reticulate-punctate,ripe,scabrous,seed,short-attenuate,side,simple,size,somewhat,stigma,strongly,style,subcampanulate,subcapitate,subglobose,suborbicular,terete,thicknes,unarmed,variation,vein,velutinous,whitish,width,x,yellowish							1.0-1.2,3.0-3.9,absent,appressed,articulation,asymmetric,basal,bract,branching,breeding,broad-based,cell,connective,dichasial,distinct,eglandular,elliptic-oblong,elongating,enlarged,flat,fork,fruiting,fully,hair,hermaphroditic,heteromorphism,inflated,insertion,internodal,interpetalar,leathery,lower,marking,mature,membranous,modification,multi-branched,needle-like,none,odour,orientation,paired,pattern,placement,plurifoliate,pore,position,radially,rhizome,round,rounded,scale,simple-entire,smell,spot,staman,stellate,stone,structure,swollen,symmetric,symmetry,sympodial,system,tissue,tree,trichome,tuber,unit,vegetative,xylopodia,zygomorphy	12.0	76.0	95.0	acute,apex,berry,calyx,fleshy,green,growth,mm,shrub,stem,white,yellow	0.4,1-1.2,1.1-1.4,1.2-1.3,1.7-2,16,19-35,2.1-2.6,2.2-5.7,3-3.9,3-6,4-6,7-8,7-9,8-10,8-12,abaxially,abruptly,adaxially,angled,anthesi,appressed-tomentose,becoming,blunt-tipped,branched,brown,cm,conical,continued,deltoid,diameter,dichotomously,due,elongate,entire,exserted,finely,globose,granular-tomentose,greenish,grooved,honeycombed,lateral,longitudinally,midvein,minutely,na,oblique,oblong,oblong-elliptic,often,openly,ovate-lanceolate,perennial,probably,pseud-terminal,pulverulent,reniform,reticulate-punctate,ripe,scabrous,short-attenuate,side,simple,somewhat,strongly,subcampanulate,subcapitate,subglobose,suborbicular,terete,unarmed,velutinous,whitish,x,yellowish	1.0-1.2,3.0-3.9,absent,anther,appressed,articulation,asymmetric,basal,base,bract,branch,branching,breeding,broad-based,cell,colour,connective,corolla,dichasial,distinct,eglandular,elliptic-oblong,elongating,enlarged,filament,flat,fork,form,fruit,fruiting,fully,hair,hermaphroditic,heteromorphism,inflated,inflorescence,insertion,interjected,internodal,interpetalar,leaf,leaflet,leathery,length,lower,margin,marking,mature,membranous,modification,multi-branched,needle-like,none,odour,orientation,paired,pattern,pedicel,petiole,placement,plurifoliate,pore,position,prickle,pseudostipule,radially,rhizome,round,rounded,scale,shape,simple-entire,smell,spot,staman,stellate,stone,structure,surface,swollen,symmetric,symmetry,sympodial,system,terminal,texture,tissue,tree,trichome,tuber,type,unit,vegetative,xylopodia,zygomorphy
408	wfo-0001030686	success	44	37	7	34	91	74	acute,anther,apex,base,berry,calyx,colour,corolla,filament,form,fruit,fruiting,growth,inflorescence,internodal,leaf,leaf-opposed,length,lepidote,lilac,margin,mm,orange,pedicel,petiole,pore,purple,shape,stem,surface,texture,tree,type,yellow	.5,1-1.1,1-1.2,1-2,1.2-1.5,1.5-4.5,1.6-3,15,2-2.5,2-3,2-6.5,2.5-8,3-3.5,5-12,5-25,5-30,5-6,8-9,abruptly,acuminate,age,arrangement,bark,bifid,black,branched,brown,bud,c.,centre,characteristic,cm,conical,dark,darker,deeply,densely,diameter,drying,elliptic,entire,erect,exerted,exertion,flattened,flower,glabrescent,glabrous,glabrousnes,globose,golden,height,history,lengthening,life,lobe,lobing,long,maturity,na,new,oblique,ovary,pair,pale,peduncle,pitted,plant,poricidal,primary,pubescent,seed,shallow,shallowly,shiny,simple,size,slit,sparsely,spreading,stigma,strongly,style,time,tip,tube,uniformly,usually,vein,way,x							1.0-2.0,2.5-4.0,absent,appressed,articulation,asymmetric,basal,blue,bract,branching,breeding,broad-based,cell,connective,difoliate,distinct,elliptic-oblong,elongating,enlarged,flat,fleshy,forked,fully,hair,hermaphroditic,heteromorphism,inflated,insertion,interjected,interpetalar,leaflet,leathery,lower,marking,mature,membranous,modification,multi-branched,needle-like,non-geminate,none,odour,orientation,paired,pattern,pink,placement,position,prickle,pseudostipule,radially,red,rhizome,round,scale,simple-entire,smell,spot,staman,stellate,stone,structure,swollen,symmetric,symmetry,sympodial,system,tissue,trichome,tuber,unit,vegetative,xylopodia,zygomorphy	16.0	71.0	92.0	acute,base,berry,calyx,form,internodal,leaf-opposed,lepidote,lilac,mm,orange,pore,purple,surface,tree,yellow	.5,1-1.1,1-1.2,1-2,1.2-1.5,1.5-4.5,1.6-3,15,2-2.5,2-3,2-6.5,2.5-8,3-3.5,5-12,5-25,5-30,5-6,8-9,abruptly,acuminate,age,bifid,black,branched,brown,bud,c.,centre,cm,conical,dark,darker,deeply,densely,diameter,elliptic,entire,erect,exerted,flattened,flower,glabrescent,glabrous,globose,golden,lengthening,lobe,long,maturity,na,oblique,pair,pale,pitted,poricidal,pubescent,shallow,shallowly,shiny,simple,slit,sparsely,spreading,strongly,time,tip,tube,uniformly,usually,way,x	1.0-2.0,2.5-4.0,absent,anther,apex,appressed,articulation,asymmetric,basal,blue,bract,branching,breeding,broad-based,cell,colour,connective,corolla,difoliate,distinct,elliptic-oblong,elongating,enlarged,filament,flat,fleshy,forked,fruit,fruiting,fully,growth,hair,hermaphroditic,heteromorphism,inflated,inflorescence,insertion,interjected,interpetalar,leaf,leaflet,leathery,length,lower,margin,marking,mature,membranous,modification,multi-branched,needle-like,non-geminate,none,odour,orientation,paired,pattern,pedicel,petiole,pink,placement,position,prickle,pseudostipule,radially,red,rhizome,round,scale,shape,simple-entire,smell,spot,staman,stellate,stem,stone,structure,swollen,symmetric,symmetry,sympodial,system,texture,tissue,trichome,tuber,type,unit,vegetative,xylopodia,zygomorphy
409	wfo-0001030709	success	53	44	7	36	116	84	anther,apex,base,berry,branch,calyx,colour,cordate,corolla,filament,form,fruit,fruiting,growth,inflorescence,leaf,length,margin,mature,mm,pedicel,petiole,prickle,purple,shape,shrub,spreading,stem,straight,surface,terminal,texture,trichome,truncate,type,yellow	-9,0-2-8,0-30,0.7-1,0.9-1.5,1-1.2,1-1.6,1-4.5,1-6,1.3-1.4,1.4-2,1.6-2.1,1.9-2.8,1/2-2/3,1/3-1/2,1/4,10-14,2-6,2.3-3,3-5-9,5-20,5-6,6-21,6-7,7-9,8-11,8-15,abaxially,acuminate,acute,almost,apart,apically,apparently,appearance,arrangement,articulated,bark,border,branched,bright,brown,characteristic,chartaceous,cm,conical,connivent,diameter,discolorous,drying,dull,elliptic,elongating,erect,exertion,finely,flattened-reniform,giving,glabrous,glabrousnes,height,history,lateral,life,lobe,lobed,lobing,long,long-acuminate,maturity,mauve,middle,moderately,na,narrow-deltate,new,number,orange-brown,ovary,pair,peduncle,per,perennial,perpendicular,pitted,plant,poricidal,porrect,prickly,primary,red-green,red-orange,seed,side,simple,size,smooth,spaced,sparsely,spherical,stalked,stellate-pubescent,style,tapering,terete,tip,tube,unarmed,upper,variously,vein,way,weakly,wide,width,yellow-green							1.0,6.0-7.0,absent,acicular,andromonoecious,appressed,articulation,backward,basal,blue,bract,branching,breeding,broad-based,cell,connective,dichasial,discrete,distinct,eglandular,enlarged,flat,fleshy,fork,fully,hair,hermaphroditic,heteromorphism,inflated,insertion,interjected,internodal,interpetalar,leaflet,leathery,lilac,lower,marking,membranous,modification,needle-like,none,odour,orientation,paired,pattern,pink,placement,plurifoliate,pointing,pore,position,present,present-inflorescence,present-leaf,present-stem,pseudostipule,radially,random,retrorse,rhizome,round,scale,simple-lobed,smell,spot,staman,stellate,stone,structure,swollen,symmetric,symmetry,sympodial,system,tapered-lanceolate,tissue,triangular,tuber,unbranched,unit,vegetative,xylopodia,zygomorphy	17.0	93.0	103.0	base,berry,cordate,fruit,length,mature,mm,prickle,purple,shrub,spreading,stem,straight,terminal,trichome,truncate,yellow	-9,0-2-8,0-30,0.7-1,0.9-1.5,1-1.2,1-1.6,1-4.5,1-6,1.3-1.4,1.4-2,1.6-2.1,1.9-2.8,1/2-2/3,1/3-1/2,1/4,10-14,2-6,2.3-3,3-5-9,5-20,5-6,6-21,6-7,7-9,8-11,8-15,abaxially,acuminate,acute,almost,apart,apically,apparently,articulated,branched,bright,brown,chartaceous,cm,conical,connivent,diameter,discolorous,drying,dull,elliptic,elongating,erect,finely,flattened-reniform,glabrous,lateral,lobe,lobed,long,long-acuminate,maturity,mauve,middle,moderately,na,narrow-deltate,orange-brown,pair,per,perennial,perpendicular,pitted,poricidal,porrect,prickly,red-green,red-orange,seed,side,simple,smooth,spaced,sparsely,spherical,stalked,stellate-pubescent,tapering,terete,tip,unarmed,upper,variously,way,weakly,wide,yellow-green	1.0,6.0-7.0,absent,acicular,andromonoecious,anther,apex,appressed,articulation,backward,basal,blue,bract,branch,branching,breeding,broad-based,calyx,cell,colour,connective,corolla,dichasial,discrete,distinct,eglandular,enlarged,filament,flat,fleshy,fork,form,fruiting,fully,growth,hair,hermaphroditic,heteromorphism,inflated,inflorescence,insertion,interjected,internodal,interpetalar,leaf,leaflet,leathery,lilac,lower,margin,marking,membranous,modification,needle-like,none,odour,orientation,paired,pattern,pedicel,petiole,pink,placement,plurifoliate,pointing,pore,position,present,present-inflorescence,present-leaf,present-stem,pseudostipule,radially,random,retrorse,rhizome,round,scale,shape,simple-lobed,smell,spot,staman,stellate,stone,structure,surface,swollen,symmetric,symmetry,sympodial,system,tapered-lanceolate,texture,tissue,triangular,tuber,type,unbranched,unit,vegetative,xylopodia,zygomorphy
410	wfo-0001030714	invalid_json_followup	NA	39	NA	44	128	71	anther,apex,base,berry,blue,branch,branching,calyx,colour,cordate,corolla,distal,filament,form,fruit,fruiting,growth,herbaceous,inflorescence,interjected,leaf,leaf-opposed,leaflet,length,margin,membranous,mm,pedicel,petiole,pore,prickle,pseudostipule,shape,simple,stellate,stem,surface,terminal,texture,trichome,truncate,type,vine,woody	.2,/3,0.1-0.3,0.5,0.5-0.8,0.5-1.9-3,0.7-0.8,1-1.2,1-2.5,1.2-1.5,1.2-4,1.4-3.5,1/3,2-2.5,2-2.6,20,3-3.5,3-7,5-100,5-6,7-17,>,acuminate,acute,adaxially,age,aid,along,arrangement,articulating,bark,basal,becoming,beneath,blue-black,bud,characteristic,clavate,climbing,cm,conical,corrugation,dark,denser,diameter,drying,ellipsoid,elliptic,entire,especially,except,exertion,exserted,flattened,flower,glabrous,glabrousnes,globose,gradually,green,greyish,height,history,joined,lateral,leaving,lengthening,liana,life,like,lobed,lobing,long,many,midpoint,midrib,minute,minutely,na,narrowly,new,node,number,ob-ellipsoid,ob-elliptic,oblique,occasionally,ovary,overall,pair,pale,papillate,peduncle,peg,per,pitted,plant,poricidal,primary,prominent,pubescent,ray,reniform,ripe,seed,size,slightly,slit,sparsely,stigma,strongly,style,submarginal,tapering,thicknes,time,tip,tube,twining,uniseriate,value,variation,vein,violet,way,width,x,yellow							1.5,1/2,3.0-3.5,absent,appressed,articulation,asymmetric,black,bract,breeding,broad-based,cell,connective,cup-shaped,distinct,eglandular,elliptic-oblong,elongating,enlarged,fleshy,fork,forked,fully,hair,hermaphroditic,heteromorphism,inflated,insertion,interpetalar,leathery,lilac,lower,marking,mature,modification,monochasial,multi-branched,multicellular,needle-like,none,odour,orientation,paired,pattern,pink,placement,plurifoliate,position,present,purple,radially,rhizome,round,scale,simple-entire,smell,spot,staman,stone,structure,swollen,symmetric,symmetry,sympodial,system,tissue,tuber,unit,vegetative,xylopodia,zygomorphy	44.0	128.0	71.0	anther,apex,base,berry,blue,branch,branching,calyx,colour,cordate,corolla,distal,filament,form,fruit,fruiting,growth,herbaceous,inflorescence,interjected,leaf,leaf-opposed,leaflet,length,margin,membranous,mm,pedicel,petiole,pore,prickle,pseudostipule,shape,simple,stellate,stem,surface,terminal,texture,trichome,truncate,type,vine,woody	.2,/3,0.1-0.3,0.5,0.5-0.8,0.5-1.9-3,0.7-0.8,1-1.2,1-2.5,1.2-1.5,1.2-4,1.4-3.5,1/3,2-2.5,2-2.6,20,3-3.5,3-7,5-100,5-6,7-17,>,acuminate,acute,adaxially,age,aid,along,arrangement,articulating,bark,basal,becoming,beneath,blue-black,bud,characteristic,clavate,climbing,cm,conical,corrugation,dark,denser,diameter,drying,ellipsoid,elliptic,entire,especially,except,exertion,exserted,flattened,flower,glabrous,glabrousnes,globose,gradually,green,greyish,height,history,joined,lateral,leaving,lengthening,liana,life,like,lobed,lobing,long,many,midpoint,midrib,minute,minutely,na,narrowly,new,node,number,ob-ellipsoid,ob-elliptic,oblique,occasionally,ovary,overall,pair,pale,papillate,peduncle,peg,per,pitted,plant,poricidal,primary,prominent,pubescent,ray,reniform,ripe,seed,size,slightly,slit,sparsely,stigma,strongly,style,submarginal,tapering,thicknes,time,tip,tube,twining,uniseriate,value,variation,vein,violet,way,width,x,yellow	1.5,1/2,3.0-3.5,absent,appressed,articulation,asymmetric,black,bract,breeding,broad-based,cell,connective,cup-shaped,distinct,eglandular,elliptic-oblong,elongating,enlarged,fleshy,fork,forked,fully,hair,hermaphroditic,heteromorphism,inflated,insertion,interpetalar,leathery,lilac,lower,marking,mature,modification,monochasial,multi-branched,multicellular,needle-like,none,odour,orientation,paired,pattern,pink,placement,plurifoliate,position,present,purple,radially,rhizome,round,scale,simple-entire,smell,spot,staman,stone,structure,swollen,symmetric,symmetry,sympodial,system,tissue,tuber,unit,vegetative,xylopodia,zygomorphy
411	wfo-0001030733	success	40	38	7	36	93	66	0.5,acute,anther,apex,base,berry,calyx,colour,coriaceous,corolla,filament,form,fruit,fruiting,green,growth,inflorescence,interjected,leaf,leaflet,length,margin,mm,pedicel,petiole,prickle,pseudostipule,shape,shrub,simple,stem,surface,texture,type,unifoliate,white	/4,1-1.2,1-1.5,1-2,1.5-5,1.7-2.7,2-2.5,3-4,3-5,4-15,4.5-5,5-8-flowered,6-7,6-9,abaxially,acuminate,adaxially,appearance,arrangement,bark,bi-lobed,border,branch,broadly,brown,bud,capitate,characteristic,cm,conical,corrugation,dark,decurrent,densely,dia,diameter,distal,drying,ellipsoid,elliptic,erect,exertion,exserted,giving,glabrous,glabrousnes,globose,grayish-brown,height,history,later,lateral,life,lobe,lobing,long,main,midpoint,minutely,moderately,na,narrowly,new,number,onto,ovary,ovoid-reniform,pair,peduncle,per,plant,primary,pubescent,ray,seed,shaped,size,smooth,somewhat,stigma,strongly,style,tear-drop,terminal,thick,thicknes,treelet,tube,variation,vein,way,width,x							4.5-5.0,absent,appressed,articulation,basal,bract,branching,breeding,broad-based,cell,connective,discrete,distinct,eglandular,elliptic-oblong,enlarged,flat,fleshy,hair,heteromorphism,inflated,insertion,interpetalar,leaf-opposed,leathery,lower,marking,mature,modification,monochasial,multicellular,needle-like,none,odour,orientation,paired,pattern,placement,pore,position,present,radially,rhizome,round,scale,simple-entire,smell,spot,staman,stellate,stone,structure,swollen,symmetric,symmetry,sympodial,system,tissue,trichome,tuber,unbranched,unit,vegetative,winged,xylopodia,zygomorphy	13.0	57.0	89.0	0.5,acute,base,berry,calyx,coriaceous,green,mm,petiole,shrub,simple,unifoliate,white	/4,1-1.2,1-1.5,1-2,1.5-5,1.7-2.7,2-2.5,3-4,3-5,4-15,4.5-5,5-8-flowered,6-7,6-9,abaxially,acuminate,adaxially,bi-lobed,broadly,brown,capitate,cm,conical,dark,decurrent,densely,dia,ellipsoid,elliptic,erect,exserted,glabrous,globose,grayish-brown,later,lateral,long,main,minutely,moderately,na,narrowly,onto,ovoid-reniform,pair,pubescent,shaped,smooth,somewhat,strongly,tear-drop,thick,treelet,tube,vein,way,x	4.5-5.0,absent,anther,apex,appressed,articulation,basal,bract,branching,breeding,broad-based,cell,colour,connective,corolla,discrete,distinct,eglandular,elliptic-oblong,enlarged,filament,flat,fleshy,form,fruit,fruiting,growth,hair,heteromorphism,inflated,inflorescence,insertion,interjected,interpetalar,leaf,leaf-opposed,leaflet,leathery,length,lower,margin,marking,mature,modification,monochasial,multicellular,needle-like,none,odour,orientation,paired,pattern,pedicel,placement,pore,position,present,prickle,pseudostipule,radially,rhizome,round,scale,shape,simple-entire,smell,spot,staman,stellate,stem,stone,structure,surface,swollen,symmetric,symmetry,sympodial,system,texture,tissue,trichome,tuber,type,unbranched,unit,vegetative,winged,xylopodia,zygomorphy
412	wfo-0001030772	success	44	38	7	30	91	72	0.25-0.5,anther,apex,base,berry,calyx,colour,corolla,filament,form,fruit,fruiting,green,growth,inflorescence,leaf,length,margin,mm,pedicel,petiole,pore,shape,shrub,simple,stem,surface,texture,type,white	.2,.25,.5,0.2-0.8-2,0.9-1,1-2,1-2.5,1.4-1.6,3-3.5,3-5,4.2-6.5,5-10-flowered,5-6,8-10,9-15,acuminate,alternate,anthesi,arching,arrangement,attenuate,bark,becoming,beneath,branch,bud,capitate,characteristic,cm,corrugation,dark,deflexed,dia,diameter,drying,ellipsoid,elliptic,exertion,extreme,gently,glabrous,glabrousnes,globose,grey,height,history,impressed,later,lateral,life,lobed,lobing,long,long-acuminate,main,minutely,na,nearly,new,number,occasionally,ovary,ovoid-reniform,pair,pale,paler,papillose,peduncle,per,pitted,plant,poricidal,primary,prominent,reflexed,seed,shaped,shining,size,slender,soon,stigma,style,tan,tapering,tear-drop,tip,tube,vein,x,young							1.5-2.0,absent,acute,appressed,articulation,basal,bract,branching,breeding,broad-based,cell,connective,difoliate,discrete,distinct,eglandular,elliptic-oblong,enlarged,flat,fleshy,geminate,hair,heteromorphism,inflated,insertion,interjected,interpetalar,leaf-opposed,leaflet,leathery,lower,marking,mature,membranous,modification,monochasial,multicellular,needle-like,none,odour,orientation,paired,pattern,placement,position,present,prickle,pseudostipule,radially,rhizome,round,scale,simple-entire,smell,spot,staman,stellate,stone,structure,swollen,symmetric,symmetry,sympodial,system,tissue,trichome,tuber,unbranched,unit,vegetative,xylopodia,zygomorphy	10.0	67.0	92.0	0.25-0.5,base,berry,calyx,green,mm,pore,shrub,simple,white	.2,.25,.5,0.2-0.8-2,0.9-1,1-2,1-2.5,1.4-1.6,3-3.5,3-5,4.2-6.5,5-10-flowered,5-6,8-10,9-15,acuminate,alternate,anthesi,arching,attenuate,becoming,beneath,bud,capitate,cm,dark,deflexed,dia,ellipsoid,elliptic,extreme,gently,glabrous,globose,grey,impressed,later,lateral,lobed,long,long-acuminate,main,minutely,na,nearly,occasionally,ovoid-reniform,pair,pale,paler,papillose,pitted,poricidal,prominent,reflexed,shaped,shining,slender,soon,tan,tapering,tear-drop,tip,tube,vein,x,young	1.5-2.0,absent,acute,anther,apex,appressed,articulation,basal,bract,branching,breeding,broad-based,cell,colour,connective,corolla,difoliate,discrete,distinct,eglandular,elliptic-oblong,enlarged,filament,flat,fleshy,form,fruit,fruiting,geminate,growth,hair,heteromorphism,inflated,inflorescence,insertion,interjected,interpetalar,leaf,leaf-opposed,leaflet,leathery,length,lower,margin,marking,mature,membranous,modification,monochasial,multicellular,needle-like,none,odour,orientation,paired,pattern,pedicel,petiole,placement,position,present,prickle,pseudostipule,radially,rhizome,round,scale,shape,simple-entire,smell,spot,staman,stellate,stem,stone,structure,surface,swollen,symmetric,symmetry,sympodial,system,texture,tissue,trichome,tuber,type,unbranched,unit,vegetative,xylopodia,zygomorphy
413	wfo-0001030781	invalid_json_followup	NA	40	NA	41	118	74	anther,apex,base,berry,branch,calyx,cell,colour,corolla,distal,filament,forked,form,fruit,fruiting,green,growth,hair,herb,inflorescence,interjected,leaf,leaflet,length,margin,membranous,mm,ovoid,pedicel,petiole,prickle,pseudostipule,purple,shape,simple,stem,surface,terminal,texture,type,white	0-5,0.2-4,0.5-6,0.5-8,1-2,1-8,1.5-12,1.5-2,1.5-9,1.6-2.2,10-40,15-35,2-20,2.5-14,2.5-3.5,3-4,5-6,5-7,7.5-9,\u201chair-like\u201d,abaxially,adaxially,apiculate,arrangement,axillary,bark,brownish,bud,capitate,characteristic,chartaceous,cm,condition,connivent,corrugation,covering,dark,decurrent,deep,diameter,dot,drying,exertion,fresh,generally,glabrous,glabrousnes,glandular,globose,gray-green,green-white,greenish,half,height,history,lanceolate,lateral,life,light,like,lobe,lobing,long,make,midpoint,mucilaginous,na,new,number,odd-pinnate,ovary,ovate,ovate-lanceolate,papillose,peduncle,per,petiolulate,pilose,plant,pointed,primary,pubescent,rachi,rarely,ray,rounded,scattered,seed,sessile,short,size,slightly,small,sometimes,somewhat,sparsely,stigma,style,subovoid,subtending,testal,thick,thicknes,throughout,tube,typically,unwinged,usually,value,variation,vein,violet,wall,wet,whitish,wide,width,x							1.0-2.0,1/2,5.0-6.0,absent,appressed,articulation,blue,bract,branching,breeding,broad-based,compound-entire,connective,cuneate,distinct,eglandular,elliptic-oblong,elongating,enlarged,flat,fleshy,fork,fully,hermaphroditic,heteromorphism,inflated,insertion,interpetalar,leathery,lilac,lower,marking,mature,modification,monochasial,multicellular,needle-like,none,odour,orientation,paired,pattern,pink,placement,plurifoliate,pore,position,present,present-pair,radially,rhizome,rotate,round,scale,simple-entire,smell,spot,staman,stellate,stone,structure,swollen,symmetric,symmetry,sympodial,system,tissue,trichome,trifoliate,tuber,unit,vegetative,xylopodia,zygomorphy	41.0	118.0	74.0	anther,apex,base,berry,branch,calyx,cell,colour,corolla,distal,filament,forked,form,fruit,fruiting,green,growth,hair,herb,inflorescence,interjected,leaf,leaflet,length,margin,membranous,mm,ovoid,pedicel,petiole,prickle,pseudostipule,purple,shape,simple,stem,surface,terminal,texture,type,white	0-5,0.2-4,0.5-6,0.5-8,1-2,1-8,1.5-12,1.5-2,1.5-9,1.6-2.2,10-40,15-35,2-20,2.5-14,2.5-3.5,3-4,5-6,5-7,7.5-9,\u201chair-like\u201d,abaxially,adaxially,apiculate,arrangement,axillary,bark,brownish,bud,capitate,characteristic,chartaceous,cm,condition,connivent,corrugation,covering,dark,decurrent,deep,diameter,dot,drying,exertion,fresh,generally,glabrous,glabrousnes,glandular,globose,gray-green,green-white,greenish,half,height,history,lanceolate,lateral,life,light,like,lobe,lobing,long,make,midpoint,mucilaginous,na,new,number,odd-pinnate,ovary,ovate,ovate-lanceolate,papillose,peduncle,per,petiolulate,pilose,plant,pointed,primary,pubescent,rachi,rarely,ray,rounded,scattered,seed,sessile,short,size,slightly,small,sometimes,somewhat,sparsely,stigma,style,subovoid,subtending,testal,thick,thicknes,throughout,tube,typically,unwinged,usually,value,variation,vein,violet,wall,wet,whitish,wide,width,x	1.0-2.0,1/2,5.0-6.0,absent,appressed,articulation,blue,bract,branching,breeding,broad-based,compound-entire,connective,cuneate,distinct,eglandular,elliptic-oblong,elongating,enlarged,flat,fleshy,fork,fully,hermaphroditic,heteromorphism,inflated,insertion,interpetalar,leathery,lilac,lower,marking,mature,modification,monochasial,multicellular,needle-like,none,odour,orientation,paired,pattern,pink,placement,plurifoliate,pore,position,present,present-pair,radially,rhizome,rotate,round,scale,simple-entire,smell,spot,staman,stellate,stone,structure,swollen,symmetric,symmetry,sympodial,system,tissue,trichome,trifoliate,tuber,unit,vegetative,xylopodia,zygomorphy
414	wfo-0001030782	invalid_json_followup	NA	40	NA	43	110	73	acute,anther,apex,base,berry,branch,calyx,cell,colour,coriaceous,corolla,distal,filament,forked,form,fruit,fruiting,green,growth,hair,herb,inflorescence,interjected,leaf,leaflet,length,lilac,margin,mm,ovoid,pedicel,petiole,prickle,pseudostipule,purple,rounded,shape,stem,surface,terminal,texture,type,white	0-1,0-7,0.4-1.5,1-2,1.2-3.9,1.3-1.6,1.5-2,1.5-7.5,1.6-4.6,11-47,13-22,15,2,2.2-4,2.4-11.5,3-10,4-11.6,4.6-26,5-20,6-8,\u201chair-like\u201d,abaxially,acumen,acuminate,adaxially,arrangement,attenuate,axillary,bark,broadly,brownish,bud,cal,capitate,characteristic,clavate,cm,condition,connivent,corrugation,covering,dark,deep,diameter,drying,elliptic,exertion,fresh,generally,glabrescent,glabrous,glabrousnes,globose,green-white,greenish,half,height,history,lanceolate,lateral,life,light,lobe,lobing,long,make,medium,midpoint,mottled,mucilaginous,na,new,number,odd-pinnate,ovary,ovate,peduncle,per,petiolulate,plant,poricidal,primary,ray,ripe,scarce,seed,sessile,short,size,stigma,style,subtending,testal,thick,thicknes,throughout,tip,tube,usually,value,variation,vein,wall,wet,whitish,wide,width,winged,x,yellow							1.0-2.0,1/2,6.0-8.0,absent,appressed,articulation,asymmetric,blue,bract,branching,breeding,broad-based,compound-entire,connective,distinct,eglandular,elliptic-oblong,elongating,enlarged,flat,fleshy,fork,fully,hermaphroditic,heteromorphism,inflated,insertion,interpetalar,leathery,lower,marking,mature,modification,monochasial,multicellular,needle-like,none,odour,orientation,paired,pattern,pink,placement,plurifoliate,pore,position,present,present-pair,radially,rhizome,rotate,round,scale,simple,smell,spot,staman,stellate,stone,structure,swollen,symmetric,symmetry,sympodial,system,tissue,trichome,trifoliate,tuber,unit,vegetative,xylopodia,zygomorphy	43.0	110.0	73.0	acute,anther,apex,base,berry,branch,calyx,cell,colour,coriaceous,corolla,distal,filament,forked,form,fruit,fruiting,green,growth,hair,herb,inflorescence,interjected,leaf,leaflet,length,lilac,margin,mm,ovoid,pedicel,petiole,prickle,pseudostipule,purple,rounded,shape,stem,surface,terminal,texture,type,white	0-1,0-7,0.4-1.5,1-2,1.2-3.9,1.3-1.6,1.5-2,1.5-7.5,1.6-4.6,11-47,13-22,15,2,2.2-4,2.4-11.5,3-10,4-11.6,4.6-26,5-20,6-8,\u201chair-like\u201d,abaxially,acumen,acuminate,adaxially,arrangement,attenuate,axillary,bark,broadly,brownish,bud,cal,capitate,characteristic,clavate,cm,condition,connivent,corrugation,covering,dark,deep,diameter,drying,elliptic,exertion,fresh,generally,glabrescent,glabrous,glabrousnes,globose,green-white,greenish,half,height,history,lanceolate,lateral,life,light,lobe,lobing,long,make,medium,midpoint,mottled,mucilaginous,na,new,number,odd-pinnate,ovary,ovate,peduncle,per,petiolulate,plant,poricidal,primary,ray,ripe,scarce,seed,sessile,short,size,stigma,style,subtending,testal,thick,thicknes,throughout,tip,tube,usually,value,variation,vein,wall,wet,whitish,wide,width,winged,x,yellow	1.0-2.0,1/2,6.0-8.0,absent,appressed,articulation,asymmetric,blue,bract,branching,breeding,broad-based,compound-entire,connective,distinct,eglandular,elliptic-oblong,elongating,enlarged,flat,fleshy,fork,fully,hermaphroditic,heteromorphism,inflated,insertion,interpetalar,leathery,lower,marking,mature,modification,monochasial,multicellular,needle-like,none,odour,orientation,paired,pattern,pink,placement,plurifoliate,pore,position,present,present-pair,radially,rhizome,rotate,round,scale,simple,smell,spot,staman,stellate,stone,structure,swollen,symmetric,symmetry,sympodial,system,tissue,trichome,trifoliate,tuber,unit,vegetative,xylopodia,zygomorphy
415	wfo-0001030802	invalid_json_followup	NA	39	NA	39	115	68	anther,apex,base,berry,calyx,colour,cordate,corolla,difoliate,filament,form,fruit,fruiting,glandular,growth,inflorescence,interjected,internodal,leaf,leaflet,length,margin,mm,pedicel,petiole,prickle,pseudostipule,red,shape,shrub,simple,stem,surface,texture,trichome,type,unifoliate,white,yellow	.3,.5,.5mm,0,0.5-0.75,0.5-1,0.5-1.5,0.7-1,0.9-1,1,1-1.1,1-1.2,1-1.5,2-3,2-5,2.5-3,3-4,3-6,4-5,4-6,5-10-flowered,abrupt,acuminate,acute,anthesi,appearing,arrangement,bark,beneath,branch,brown,bud,characteristic,cm,corrugation,deeply,densely,dia,diameter,distal,dry,drying,ellipsoid,evenly,exerted,exertion,exudate,filiform,flattened-reniform,geminate,glabrous,glabrousnes,gland,globose,halfway,hanging,heart-shaped,height,history,lamina,lateral,life,lobe,lobed,lobing,long,main,material,midpoint,minutely,na,new,number,obconic,older,ovary,ovoid,pair,pale,papillate,peduncle,per,pitted,plant,primary,pubescent,raised,ray,reddish,seed,shaped,single-celled,size,slender,somewhat,soon,specimen,stigma,style,subshrub,tapering,tear-drop,terminal,thicknes,tipped,tube,uniseriate,value,variable,variation,vein,width,x,yellowish,young							0.5,3.0-3.5,absent,appressed,articulation,basal,bract,branching,breeding,broad-based,cell,connective,distinct,elliptic-oblong,elongating,enlarged,flat,fleshy,fully,hair,herb,hermaphroditic,heteromorphism,inflated,insertion,interpetalar,leathery,lower,marking,mature,membranous,modification,monochasial,multicellular,needle-like,non-geminate,none,odour,orange,orientation,paired,pattern,placement,pore,position,radially,rhizome,round,scale,simple-entire,smell,spot,staman,stellate,stone,structure,swollen,symmetric,symmetry,sympodial,system,tissue,tuber,unbranched,unit,vegetative,xylopodia,zygomorphy	39.0	115.0	68.0	anther,apex,base,berry,calyx,colour,cordate,corolla,difoliate,filament,form,fruit,fruiting,glandular,growth,inflorescence,interjected,internodal,leaf,leaflet,length,margin,mm,pedicel,petiole,prickle,pseudostipule,red,shape,shrub,simple,stem,surface,texture,trichome,type,unifoliate,white,yellow	.3,.5,.5mm,0,0.5-0.75,0.5-1,0.5-1.5,0.7-1,0.9-1,1,1-1.1,1-1.2,1-1.5,2-3,2-5,2.5-3,3-4,3-6,4-5,4-6,5-10-flowered,abrupt,acuminate,acute,anthesi,appearing,arrangement,bark,beneath,branch,brown,bud,characteristic,cm,corrugation,deeply,densely,dia,diameter,distal,dry,drying,ellipsoid,evenly,exerted,exertion,exudate,filiform,flattened-reniform,geminate,glabrous,glabrousnes,gland,globose,halfway,hanging,heart-shaped,height,history,lamina,lateral,life,lobe,lobed,lobing,long,main,material,midpoint,minutely,na,new,number,obconic,older,ovary,ovoid,pair,pale,papillate,peduncle,per,pitted,plant,primary,pubescent,raised,ray,reddish,seed,shaped,single-celled,size,slender,somewhat,soon,specimen,stigma,style,subshrub,tapering,tear-drop,terminal,thicknes,tipped,tube,uniseriate,value,variable,variation,vein,width,x,yellowish,young	0.5,3.0-3.5,absent,appressed,articulation,basal,bract,branching,breeding,broad-based,cell,connective,distinct,elliptic-oblong,elongating,enlarged,flat,fleshy,fully,hair,herb,hermaphroditic,heteromorphism,inflated,insertion,interpetalar,leathery,lower,marking,mature,membranous,modification,monochasial,multicellular,needle-like,non-geminate,none,odour,orange,orientation,paired,pattern,placement,pore,position,radially,rhizome,round,scale,simple-entire,smell,spot,staman,stellate,stone,structure,swollen,symmetric,symmetry,sympodial,system,tissue,tuber,unbranched,unit,vegetative,xylopodia,zygomorphy
416	wfo-0001030809	success	33	38	6	34	68	73	acute,anther,apex,base,berry,branch,calyx,colour,corolla,filament,form,fruit,fruiting,green,growth,inflorescence,interjected,leaf,leaflet,length,margin,mm,pedicel,petiole,prickle,pseudostipule,shape,stem,surface,terminal,texture,tree,type,white	0.5,1,1.2-1.4,1.4-1.5,1.5-3.5,2-2.5,4.5-5,6-8,8,9.9-12,appearance,arrangement,bark,border,bud,characteristic,clavate,cm,corrugation,dark-papillose,dia,diameter,distal,drying,ellipsoid,elliptic,erect,exertion,exserted,falcate,giving,glabrous,glabrousnes,globose,height,history,lateral,life,lobe,lobed,lobing,midpoint,na,nearly,new,number,ovary,ovate,peduncle,per,plant,primary,pubescent,ray,seed,size,soon,stigma,style,tapering,thicknes,tomentose,tube,variation,vein,width,x,yellow-brown							1.5,2.0-2.5,absent,appressed,articulation,basal,bract,branching,breeding,broad-based,cell,connective,difoliate,discrete,distinct,eglandular,elliptic-oblong,enlarged,flat,fleshy,fork,forked,geminate,hair,heteromorphism,inflated,insertion,interpetalar,leaf-opposed,leathery,lower,marking,mature,membranous,modification,monochasial,multi-branched,multicellular,needle-like,none,odour,orientation,paired,pattern,placement,pore,position,present,radially,rhizome,round,scale,simple,simple-entire,smell,spot,staman,stellate,stone,structure,swollen,symmetric,symmetry,sympodial,system,tissue,trichome,tuber,unbranched,unit,vegetative,xylopodia,zygomorphy	7.0	31.0	100.0	acute,base,berry,green,mm,tree,white	0.5,1,1.2-1.4,1.4-1.5,1.5-3.5,2-2.5,4.5-5,6-8,8,9.9-12,clavate,cm,dark-papillose,dia,ellipsoid,elliptic,erect,exserted,falcate,glabrous,globose,lobed,na,nearly,ovate,pubescent,soon,tapering,tomentose,x,yellow-brown	1.5,2.0-2.5,absent,anther,apex,appressed,articulation,basal,bract,branch,branching,breeding,broad-based,calyx,cell,colour,connective,corolla,difoliate,discrete,distinct,eglandular,elliptic-oblong,enlarged,filament,flat,fleshy,fork,forked,form,fruit,fruiting,geminate,growth,hair,heteromorphism,inflated,inflorescence,insertion,interjected,interpetalar,leaf,leaf-opposed,leaflet,leathery,length,lower,margin,marking,mature,membranous,modification,monochasial,multi-branched,multicellular,needle-like,none,odour,orientation,paired,pattern,pedicel,petiole,placement,pore,position,present,prickle,pseudostipule,radially,rhizome,round,scale,shape,simple,simple-entire,smell,spot,staman,stellate,stem,stone,structure,surface,swollen,symmetric,symmetry,sympodial,system,terminal,texture,tissue,trichome,tuber,type,unbranched,unit,vegetative,xylopodia,zygomorphy
417	wfo-0001030810	success	33	39	6	31	90	82	0.6-1.0,anther,apex,base,blue,calyx,colour,corolla,filament,fleshy,form,fruit,growth,inflorescence,interjected,leaf,leaflet,length,margin,mm,pedicel,petiole,prickle,pseudostipule,shape,shrub,stem,surface,terminal,texture,type	0.2-0.3,0.8-5.5,1-2,1.1-2.2,1.2-1.5,1.5-1.9,20-100,3,3.3-5.5,3.3-8.5,4-14,4-5,4-7,5-32,7-10,8-10,abaxial,adaxial,appearance,arrangement,axillary,bipinnate,border,borne,branched,brown,characteristic,clavate,cm,dark,decreasing,densely,diameter,distal,divided,elliptic,elliptical,flattened,giving,glabrous,glabrousnes,globose,green,greyish,height,history,lateral,leafy,life,lobe,lobing,long,midpoint,moderately,na,new,number,oblong,opposed,ovary,pair,pale,peduncle,pentagonal,per,pinnae,pinnate,pitted,plant,primary,pubescent,ray,seed,shallowly,shiny,shoot,size,stigma,style,subglabrous,thicknes,time,tomentose,unknown,variation,vein,violet,width,woody,x							3.5-4.6,absent,appressed,articulation,attenuate,basal,berry,black,bract,branch,branching,breeding,broad-based,cell,compound-entire,compound-lobed,connective,distinct,eglandular,elliptic-oblong,elongating,enlarged,flat,fork,forked,fruiting,fully,hair,hermaphroditic,heteromorphism,inflated,insertion,interpetalar,leathery,lilac,lower,marking,mature,modification,monochasial,multi-branched,multicellular,needle-like,none,odour,orientation,paired,pattern,pink,pinnatifid,placement,plurifoliate,pore,position,present,purple,radially,rhizome,rotate,round,scale,simple,simple-pinnatifid,smell,spot,staman,stellate,stone,structure,swollen,symmetric,symmetry,sympodial,system,tissue,trichome,tuber,unit,vegetative,winged,xylopodia,zygomorphy	9.0	60.0	104.0	0.6-1.0,apex,base,blue,fleshy,leaf,mm,shrub,surface	0.2-0.3,0.8-5.5,1-2,1.1-2.2,1.2-1.5,1.5-1.9,20-100,3,3.3-5.5,3.3-8.5,4-14,4-5,4-7,5-32,7-10,8-10,axillary,bipinnate,borne,branched,brown,clavate,cm,dark,decreasing,densely,diameter,divided,elliptic,elliptical,flattened,glabrous,globose,green,greyish,leafy,long,moderately,na,oblong,opposed,pair,pale,pentagonal,pinnae,pinnate,pitted,primary,pubescent,shallowly,shiny,shoot,size,subglabrous,time,tomentose,unknown,violet,woody,x	3.5-4.6,absent,anther,appressed,articulation,attenuate,basal,berry,black,bract,branch,branching,breeding,broad-based,calyx,cell,colour,compound-entire,compound-lobed,connective,corolla,distinct,eglandular,elliptic-oblong,elongating,enlarged,filament,flat,fork,forked,form,fruit,fruiting,fully,growth,hair,hermaphroditic,heteromorphism,inflated,inflorescence,insertion,interjected,interpetalar,leaflet,leathery,length,lilac,lower,margin,marking,mature,modification,monochasial,multi-branched,multicellular,needle-like,none,odour,orientation,paired,pattern,pedicel,petiole,pink,pinnatifid,placement,plurifoliate,pore,position,present,prickle,pseudostipule,purple,radially,rhizome,rotate,round,scale,shape,simple,simple-pinnatifid,smell,spot,staman,stellate,stem,stone,structure,swollen,symmetric,symmetry,sympodial,system,terminal,texture,tissue,trichome,tuber,type,unit,vegetative,winged,xylopodia,zygomorphy
418	wfo-0001030822	success	47	38	7	33	78	72	acute,anther,apex,base,berry,calyx,colour,corolla,filament,form,fruit,fruiting,green,growth,inflorescence,interjected,internodal,leaf,leaflet,length,margin,mm,pedicel,petiole,prickle,pseudostipule,shape,shrub,stem,surface,texture,type,white	0.1-0.2,0.5-1.5,0.8-1,0.9-1,1-1.2,1-1.5,11-15.5,2-2.5,3-3.5,3.5-7,5-6,8-9,alternate,appearance,arrangement,attenuate,bark,border,branch,bud,characteristic,clavate,cm,corrugation,diameter,distal,drying,elliptic-obovate,exertion,exserted,filiform,flattened-reniform,giving,glabrous,glabrousnes,globose,height,history,lateral,life,lobe,lobed,lobing,main,midpoint,minutely,na,new,number,ovary,pair,pale,peduncle,per,pitted,plant,primary,ray,revolute,seed,shaped,shiny,size,stigma,strongly,style,tan,tear-drop,terminal,thicknes,tube,usually,variation,vein,width,x,yellowish,yellowish-brown							0.2,3.0-3.5,absent,appressed,articulation,basal,bract,branching,breeding,broad-based,cell,connective,depressed,difoliate,discrete,distinct,eglandular,elliptic-oblong,enlarged,flat,fleshy,geminate,hair,heteromorphism,inflated,insertion,interpetalar,leaf-opposed,leathery,lower,marking,mature,membranous,modification,monochasial,multicellular,needle-like,none,odour,orientation,paired,pattern,placement,pore,position,present,radially,rhizome,round,scale,simple,simple-entire,smell,spot,staman,stellate,stone,structure,swollen,symmetric,symmetry,sympodial,system,tissue,trichome,tuber,unbranched,unit,vegetative,winged,xylopodia,zygomorphy	7.0	41.0	98.0	acute,berry,green,internodal,mm,shrub,white	0.1-0.2,0.5-1.5,0.8-1,0.9-1,1-1.2,1-1.5,11-15.5,2-2.5,3-3.5,3.5-7,5-6,8-9,alternate,attenuate,clavate,cm,elliptic-obovate,exserted,filiform,flattened-reniform,glabrous,globose,lateral,lobed,main,minutely,na,pair,pale,pitted,revolute,shaped,shiny,strongly,tan,tear-drop,usually,vein,x,yellowish,yellowish-brown	0.2,3.0-3.5,absent,anther,apex,appressed,articulation,basal,base,bract,branching,breeding,broad-based,calyx,cell,colour,connective,corolla,depressed,difoliate,discrete,distinct,eglandular,elliptic-oblong,enlarged,filament,flat,fleshy,form,fruit,fruiting,geminate,growth,hair,heteromorphism,inflated,inflorescence,insertion,interjected,interpetalar,leaf,leaf-opposed,leaflet,leathery,length,lower,margin,marking,mature,membranous,modification,monochasial,multicellular,needle-like,none,odour,orientation,paired,pattern,pedicel,petiole,placement,pore,position,present,prickle,pseudostipule,radially,rhizome,round,scale,shape,simple,simple-entire,smell,spot,staman,stellate,stem,stone,structure,surface,swollen,symmetric,symmetry,sympodial,system,texture,tissue,trichome,tuber,type,unbranched,unit,vegetative,winged,xylopodia,zygomorphy
419	wfo-0001030871	invalid_json	NA	40	NA	39	137	78	0.6-1.5,acute,anther,apex,appressed,base,berry,branch,calyx,colour,corolla,filament,fleshy,form,fruit,fruiting,green,growth,hair,inflorescence,leaf,length,margin,mm,pedicel,petiole,pore,purple,shape,shrub,simple,stem,surface,terminal,texture,tree,type,white,yellow	0-120,0.2-0.4,0.3-4,0.7-1.3,1-18,1.3-2,1.5-3,1.8-2.6,1/2-3/4,11,2-8,3-32,3-5,3-6,3.5-14,30,4.5-6.5,4.8-9.5,6-40,9-13,abaxially,abruptly,acuminate,adaxial,adaxially,age,along,anthesi,apical-lateral,arrangement,attenuate,bark,becoming,blade,blunt-tipped,branched,brown,bud,campanulate,capitate,characteristic,chartaceous,cm,conical,continued,dark,decurrent,dehiscing,deltoid,densely,diameter,drying,due,early,echinoid,elongate,entire,equal,erect,exertion,exserted,extend,flower,free,glabrescent,glabrous,glabrousnes,granular-tomentose,greenish,height,history,honeycombed,introrse,large,lateral,life,lobing,long,longer,longitudinal,midvein,mostly,na,narrowly,nearly,new,nodding,number,oblong,obtuse,often,orbicular,ovary,ovate,ovate-lanceolate,pale,peduncle,per,perennial,plant,primary,probably,prominent,pubescent,reflexed,reniform,reticulate-punctate,ripe,scabridulous,seed,sessile,short,short-stalked,side,size,slit,sometimes,sparingly,stamen,stigma,strongly,style,subglobose,suborbicular,sulcate,terete,time,tomentose,tube,unarmed,value,vein,velutinous,violet,way,x,yellowish							2-locular,3.0-4.4,absent,articulation,basal,blue,bract,branching,breeding,broad-based,cell,connective,coriaceous,cuneate,dendritic,dichasial,distinct,elliptic-oblong,elongating,enlarged,flat,fork,fully,glandular,hermaphroditic,heteromorphism,inflated,insertion,interjected,interpetalar,leaflet,leathery,lilac,lower,marking,mature,modification,multi-branched,needle-like,none,odour,orange,orientation,paired,pattern,pink,placement,plurifoliate,position,present,present-single,prickle,pseudostipule,radially,red,rhizome,round,scale,simple-entire,smell,spot,staman,stellate,stone,structure,swollen,symmetric,symmetry,sympodial,system,tissue,trichome,tuber,unit,vegetative,winged,xylopodia,zygomorphy	39.0	137.0	78.0	0.6-1.5,acute,anther,apex,appressed,base,berry,branch,calyx,colour,corolla,filament,fleshy,form,fruit,fruiting,green,growth,hair,inflorescence,leaf,length,margin,mm,pedicel,petiole,pore,purple,shape,shrub,simple,stem,surface,terminal,texture,tree,type,white,yellow	0-120,0.2-0.4,0.3-4,0.7-1.3,1-18,1.3-2,1.5-3,1.8-2.6,1/2-3/4,11,2-8,3-32,3-5,3-6,3.5-14,30,4.5-6.5,4.8-9.5,6-40,9-13,abaxially,abruptly,acuminate,adaxial,adaxially,age,along,anthesi,apical-lateral,arrangement,attenuate,bark,becoming,blade,blunt-tipped,branched,brown,bud,campanulate,capitate,characteristic,chartaceous,cm,conical,continued,dark,decurrent,dehiscing,deltoid,densely,diameter,drying,due,early,echinoid,elongate,entire,equal,erect,exertion,exserted,extend,flower,free,glabrescent,glabrous,glabrousnes,granular-tomentose,greenish,height,history,honeycombed,introrse,large,lateral,life,lobing,long,longer,longitudinal,midvein,mostly,na,narrowly,nearly,new,nodding,number,oblong,obtuse,often,orbicular,ovary,ovate,ovate-lanceolate,pale,peduncle,per,perennial,plant,primary,probably,prominent,pubescent,reflexed,reniform,reticulate-punctate,ripe,scabridulous,seed,sessile,short,short-stalked,side,size,slit,sometimes,sparingly,stamen,stigma,strongly,style,subglobose,suborbicular,sulcate,terete,time,tomentose,tube,unarmed,value,vein,velutinous,violet,way,x,yellowish	2-locular,3.0-4.4,absent,articulation,basal,blue,bract,branching,breeding,broad-based,cell,connective,coriaceous,cuneate,dendritic,dichasial,distinct,elliptic-oblong,elongating,enlarged,flat,fork,fully,glandular,hermaphroditic,heteromorphism,inflated,insertion,interjected,interpetalar,leaflet,leathery,lilac,lower,marking,mature,modification,multi-branched,needle-like,none,odour,orange,orientation,paired,pattern,pink,placement,plurifoliate,position,present,present-single,prickle,pseudostipule,radially,red,rhizome,round,scale,simple-entire,smell,spot,staman,stellate,stone,structure,swollen,symmetric,symmetry,sympodial,system,tissue,trichome,tuber,unit,vegetative,winged,xylopodia,zygomorphy
420	wfo-0001030872	success	40	38	8	34	102	69	acute,anther,apex,base,berry,calyx,colour,corolla,filament,fleshy,form,fruit,fruiting,green,growth,inflorescence,interjected,leaf,leaflet,length,margin,mm,pedicel,petiole,prickle,pseudostipule,shape,simple,stem,surface,texture,tree,type,white	.5,0.5,0.8-1,1-1.2,1-1.5,1.2-1.5,1.5-2,1.5-5,12-18,2-5,4-6,4-6-flowered,5-6,5.5-7,6-12.5,acuminate,alternate,appearance,area,arrangement,bark,black,border,branch,brown,bud,characteristic,closed,cm,completely,corrugation,dark,darker,deflexed,dia,diameter,distal,drying,ellipsoid-ovoid,elliptic,erect,exertion,exserted,giving,glabrate,glabrous,glabrousnes,globose,height,history,hooded,lateral,less,life,lobe,lobed,lobing,long,midpoint,minutely,na,nearly,new,number,oblique,one,opposite,ovary,ovate,pair,papillose,peduncle,per,perennial,plant,primary,puberulent,ray,red-glandular-puberulent,reddish-glandular,rest,seed,shaped,shining,size,small,soon,stigma,straight,strongly,style,tear-drop,terminal,thicknes,tip,treelet,tube,variation,vein,width,x,young							1.0,3.5,absent,appressed,articulation,asymmetric,basal,bract,branching,breeding,broad-based,cell,connective,difoliate,discrete,distinct,elliptic-oblong,enlarged,flat,geminate,glandular,hair,heteromorphism,inflated,insertion,interpetalar,leaf-opposed,leathery,lower,marking,mature,membranous,modification,monochasial,multicellular,needle-like,none,odour,orientation,paired,pattern,placement,pore,position,present,radially,rhizome,round,scale,simple-entire,smell,spot,staman,stellate,stone,structure,swollen,symmetric,symmetry,sympodial,system,tissue,trichome,tuber,unbranched,unit,vegetative,xylopodia,zygomorphy	11.0	65.0	92.0	acute,base,berry,calyx,fleshy,green,leaf,mm,simple,tree,white	.5,0.5,0.8-1,1-1.2,1-1.5,1.2-1.5,1.5-2,1.5-5,12-18,2-5,4-6,4-6-flowered,5-6,5.5-7,6-12.5,acuminate,alternate,area,black,brown,closed,cm,completely,dark,darker,deflexed,dia,ellipsoid-ovoid,elliptic,erect,exserted,glabrate,glabrous,globose,hooded,less,lobe,lobed,long,minutely,na,nearly,oblique,one,opposite,ovate,pair,papillose,perennial,puberulent,red-glandular-puberulent,reddish-glandular,rest,shaped,shining,small,soon,straight,strongly,style,tear-drop,tip,treelet,x,young	1.0,3.5,absent,anther,apex,appressed,articulation,asymmetric,basal,bract,branching,breeding,broad-based,cell,colour,connective,corolla,difoliate,discrete,distinct,elliptic-oblong,enlarged,filament,flat,form,fruit,fruiting,geminate,glandular,growth,hair,heteromorphism,inflated,inflorescence,insertion,interjected,interpetalar,leaf-opposed,leaflet,leathery,length,lower,margin,marking,mature,membranous,modification,monochasial,multicellular,needle-like,none,odour,orientation,paired,pattern,pedicel,petiole,placement,pore,position,present,prickle,pseudostipule,radially,rhizome,round,scale,shape,simple-entire,smell,spot,staman,stellate,stem,stone,structure,surface,swollen,symmetric,symmetry,sympodial,system,texture,tissue,trichome,tuber,type,unbranched,unit,vegetative,xylopodia,zygomorphy
421	wfo-0001030882	success	47	38	8	37	91	66	anther,apex,base,berry,calyx,colour,corolla,difoliate,filament,form,fruit,fruiting,geminate,green,growth,inflorescence,interjected,leaf,leaflet,length,margin,mm,pedicel,petiole,prickle,pseudostipule,shape,shrub,simple,stem,surface,sympodial,texture,tree,type,unit,white	.5,0.5-0.75,0.5-1,0.5-1.1,0.8-1.1,0.9-1.1,1-1.3,1-1.5,1-4,1.6-2,2,2.2-4.6,3-3.5,3/4,6.5-15.6,8-12,accrescent,acuminate,appearance,arrangement,attenuate,bark,border,branch,bud,capitate,characteristic,cm,corrugation,crenulate,deflexed,dia,diameter,distal,drying,elliptic,exertion,exserted,giving,glabrous,glabrousnes,globose,height,history,lateral,life,lightly,lobe,lobing,main,midpoint,minutely,na,narrowly,nearly,new,number,occasionally,ovary,ovoid,ovoid-reniform,pair,pale,papillose,peduncle,per,pitted,plant,primary,ray,seed,shaped,size,slightly,small,soon,stigma,style,tan,tapering,tear-drop,terminal,thicknes,truncate,tube,variation,vein,way,width,woody,x							0.1,3.0-3.5,absent,acute,appressed,articulation,basal,bract,branching,breeding,broad-based,cell,connective,discrete,distinct,eglandular,elliptic-oblong,enlarged,flat,fleshy,hair,heteromorphism,inflated,insertion,interpetalar,leaf-opposed,leathery,lower,marking,mature,membranous,modification,monochasial,multicellular,needle-like,none,odour,orientation,paired,pattern,placement,pore,position,present,radially,rhizome,round,scale,simple-entire,smell,spot,staman,stellate,stone,structure,swollen,symmetric,symmetry,system,tissue,trichome,tuber,unbranched,vegetative,xylopodia,zygomorphy	12.0	54.0	91.0	base,berry,difoliate,geminate,green,mm,shrub,simple,sympodial,tree,unit,white	.5,0.5-0.75,0.5-1,0.5-1.1,0.8-1.1,0.9-1.1,1-1.3,1-1.5,1-4,1.6-2,2,2.2-4.6,3-3.5,3/4,6.5-15.6,8-12,accrescent,acuminate,attenuate,capitate,cm,crenulate,deflexed,dia,elliptic,exserted,glabrous,globose,lateral,lightly,main,minutely,na,narrowly,nearly,occasionally,ovoid,ovoid-reniform,pair,pale,papillose,pitted,shaped,slightly,small,soon,tan,tapering,tear-drop,truncate,vein,way,woody,x	0.1,3.0-3.5,absent,acute,anther,apex,appressed,articulation,basal,bract,branching,breeding,broad-based,calyx,cell,colour,connective,corolla,discrete,distinct,eglandular,elliptic-oblong,enlarged,filament,flat,fleshy,form,fruit,fruiting,growth,hair,heteromorphism,inflated,inflorescence,insertion,interjected,interpetalar,leaf,leaf-opposed,leaflet,leathery,length,lower,margin,marking,mature,membranous,modification,monochasial,multicellular,needle-like,none,odour,orientation,paired,pattern,pedicel,petiole,placement,pore,position,present,prickle,pseudostipule,radially,rhizome,round,scale,shape,simple-entire,smell,spot,staman,stellate,stem,stone,structure,surface,swollen,symmetric,symmetry,system,texture,tissue,trichome,tuber,type,unbranched,vegetative,xylopodia,zygomorphy
422	wfo-0001030883	invalid_json_followup	NA	38	NA	37	122	68	1.5-3.5,acute,anther,apex,base,berry,calyx,cell,colour,corolla,filament,form,fruit,fruiting,glandular,green,growth,inflorescence,interjected,leaf,leaflet,length,margin,mm,pedicel,petiole,pore,prickle,pseudostipule,shape,shrub,stem,surface,texture,trichome,type,white	-3,.05,.1,.5,.5-2,0.5-3,0.5-5,1-1.1,1-1.2,1-1.3,1-4,1.5-2,10-18,18-44.5,2-5,20-50-flowered,3/4,5-6,9.5-27.5,acuminate,alternate,approximately,arching,arrangement,bark,branch,brown,bud,characteristic,clavate,cm,collapsed,corrugation,dark,dia,diameter,distal,dry,drying,elliptic,epidermal,exertion,finely,fleshy,furcate,glabrous,glabrousnes,globose,height,history,hollow,large,later,lateral,life,like,live,lobe,lobing,long,long-acuminate,massive,material,midpoint,midrib,minute,minutely,na,new,number,oblique,occasionally,older,opposite,ovary,ovate,ovoid-reniform,pair,pale,papillate,papillose,peduncle,per,perpendicular,petaloid,pitted,plant,poricidal,primary,puberulent,quite,ray,reticulate,russet,seed,shaped,size,slender,soon,stigma,stout,style,tan,tapering,tear-drop,terminal,thick,thicknes,time,tip,tube,uniseriate,upper,value,variation,vein,wall,way,width,woody,x,young							0.1,absent,appressed,articulation,asymmetric,basal,bract,branching,breeding,broad-based,connective,difoliate,discrete,distinct,eglandular,elliptic-oblong,enlarged,flat,forked,geminate,hair,hard,heteromorphism,inflated,insertion,interpetalar,leaf-opposed,lower,marking,mature,membranous,modification,monochasial,multi-branched,multicellular,needle-like,non-geminate,none,odour,orientation,paired,pattern,placement,position,present,radially,rhizome,round,scale,simple,simple-entire,smell,spot,staman,stellate,stone,structure,swollen,symmetric,symmetry,sympodial,system,tissue,tuber,unit,vegetative,xylopodia,zygomorphy	37.0	122.0	68.0	1.5-3.5,acute,anther,apex,base,berry,calyx,cell,colour,corolla,filament,form,fruit,fruiting,glandular,green,growth,inflorescence,interjected,leaf,leaflet,length,margin,mm,pedicel,petiole,pore,prickle,pseudostipule,shape,shrub,stem,surface,texture,trichome,type,white	-3,.05,.1,.5,.5-2,0.5-3,0.5-5,1-1.1,1-1.2,1-1.3,1-4,1.5-2,10-18,18-44.5,2-5,20-50-flowered,3/4,5-6,9.5-27.5,acuminate,alternate,approximately,arching,arrangement,bark,branch,brown,bud,characteristic,clavate,cm,collapsed,corrugation,dark,dia,diameter,distal,dry,drying,elliptic,epidermal,exertion,finely,fleshy,furcate,glabrous,glabrousnes,globose,height,history,hollow,large,later,lateral,life,like,live,lobe,lobing,long,long-acuminate,massive,material,midpoint,midrib,minute,minutely,na,new,number,oblique,occasionally,older,opposite,ovary,ovate,ovoid-reniform,pair,pale,papillate,papillose,peduncle,per,perpendicular,petaloid,pitted,plant,poricidal,primary,puberulent,quite,ray,reticulate,russet,seed,shaped,size,slender,soon,stigma,stout,style,tan,tapering,tear-drop,terminal,thick,thicknes,time,tip,tube,uniseriate,upper,value,variation,vein,wall,way,width,woody,x,young	0.1,absent,appressed,articulation,asymmetric,basal,bract,branching,breeding,broad-based,connective,difoliate,discrete,distinct,eglandular,elliptic-oblong,enlarged,flat,forked,geminate,hair,hard,heteromorphism,inflated,insertion,interpetalar,leaf-opposed,lower,marking,mature,membranous,modification,monochasial,multi-branched,multicellular,needle-like,non-geminate,none,odour,orientation,paired,pattern,placement,position,present,radially,rhizome,round,scale,simple,simple-entire,smell,spot,staman,stellate,stone,structure,swollen,symmetric,symmetry,sympodial,system,tissue,tuber,unit,vegetative,xylopodia,zygomorphy
423	wfo-0001030884	invalid_json_followup	NA	46	NA	39	120	75	acute,anther,apex,basal,base,berry,broad-based,calyx,colour,corolla,filament,form,fruit,fruiting,green,growth,inflorescence,interjected,leaf,leaflet,length,margin,mature,mm,pedicel,petiole,prickle,pseudostipule,shape,shrub,simple,stellate,stem,surface,texture,trichome,type,white,winged	0.4-3,0.5,0.5-1.2,0.8-1,1-1.2,1-1.5,1.5,1.5-2,1.5-2.5,10,100,2-5,4-13,4.5-5,5-30,5-6,6-25,9-11,>,abruptly,along,anthesi,armed,arrangement,bark,branch,brown,bud,c.,capitate,characteristic,cm,conical,corrugation,curved,dark,decurrent,densely,diameter,distal,drying,elliptic,exertion,flower,glabrous,glabrousnes,glandular,gray-tinged,greenish,half,height,history,lateral,life,like,lobe,lobed,lobing,long,long-styled,long-triangular,midpoint,minute,minutely,mixture,moderately,na,new,number,outline,ovary,ovoid-reniform,pair,pale,papillate,peduncle,per,perennial,plant,poricidal,porrect,prickly,primary,pubescent,ray,red,reddish,reflexed,rest,sagittate,seed,sessile,shallowly,short-stalked,short-styled,size,slender,sparsely,spherical,spreading,stigma,strongly,style,tannish,tapering,terminal,thicknes,tip,treelet,tube,u00b4,uniseriate,value,variation,vein,way,wide,width,wing,yellow							1.0-2.0,2-locular,6.5-7.0,absent,absent-leaf,andromonoecious,appressed,articulation,asymmetric,bract,branching,breeding,cell,connective,dendritic,depressed,discrete,eglandular,enlarged,flat,fleshy,hair,heteromorphism,inflated,insertion,internodal,interpetalar,leathery,lower,marking,membranous,modification,monochasial,needle-like,none,odour,orientation,paired,pattern,placement,plurifoliate,pore,position,present,present-leaf,present-stem,radially,recurved,rhizome,round,rounded,scale,simple-lobed,simple-toothed,smell,spot,staman,stone,straight,structure,swollen,symmetric,symmetry,sympodial,system,tapered-lanceolate,tissue,triangular,trifoliate,tuber,unbranched,unit,vegetative,xylopodia,zygomorphy	39.0	120.0	75.0	acute,anther,apex,basal,base,berry,broad-based,calyx,colour,corolla,filament,form,fruit,fruiting,green,growth,inflorescence,interjected,leaf,leaflet,length,margin,mature,mm,pedicel,petiole,prickle,pseudostipule,shape,shrub,simple,stellate,stem,surface,texture,trichome,type,white,winged	0.4-3,0.5,0.5-1.2,0.8-1,1-1.2,1-1.5,1.5,1.5-2,1.5-2.5,10,100,2-5,4-13,4.5-5,5-30,5-6,6-25,9-11,>,abruptly,along,anthesi,armed,arrangement,bark,branch,brown,bud,c.,capitate,characteristic,cm,conical,corrugation,curved,dark,decurrent,densely,diameter,distal,drying,elliptic,exertion,flower,glabrous,glabrousnes,glandular,gray-tinged,greenish,half,height,history,lateral,life,like,lobe,lobed,lobing,long,long-styled,long-triangular,midpoint,minute,minutely,mixture,moderately,na,new,number,outline,ovary,ovoid-reniform,pair,pale,papillate,peduncle,per,perennial,plant,poricidal,porrect,prickly,primary,pubescent,ray,red,reddish,reflexed,rest,sagittate,seed,sessile,shallowly,short-stalked,short-styled,size,slender,sparsely,spherical,spreading,stigma,strongly,style,tannish,tapering,terminal,thicknes,tip,treelet,tube,u00b4,uniseriate,value,variation,vein,way,wide,width,wing,yellow	1.0-2.0,2-locular,6.5-7.0,absent,absent-leaf,andromonoecious,appressed,articulation,asymmetric,bract,branching,breeding,cell,connective,dendritic,depressed,discrete,eglandular,enlarged,flat,fleshy,hair,heteromorphism,inflated,insertion,internodal,interpetalar,leathery,lower,marking,membranous,modification,monochasial,needle-like,none,odour,orientation,paired,pattern,placement,plurifoliate,pore,position,present,present-leaf,present-stem,radially,recurved,rhizome,round,rounded,scale,simple-lobed,simple-toothed,smell,spot,staman,stone,straight,structure,swollen,symmetric,symmetry,sympodial,system,tapered-lanceolate,tissue,triangular,trifoliate,tuber,unbranched,unit,vegetative,xylopodia,zygomorphy
424	wfo-0001030899	success	34	37	6	31	66	78	anther,apex,basal,base,calyx,colour,cordate,corolla,filament,form,fruit,fruiting,green,growth,inflorescence,leaf,length,margin,mm,pedicel,petiole,purple,shape,shrub,simple,stem,surface,texture,type,unbranched,yellow	0.3-0.5,10-20,2-3,2-3.5,20-25-45,3-12,3-4,3-5,3.5-4,4-5,5-6.5,6.5-31,7-27,8-11,acuminate,arrangement,bronze,bud,characteristic,chartaceous,cm,deeply,densely,desc,diameter,drying,ellipsoidal,end,entire,ex,exertion,flattened,glabrous,globose,height,history,inside,life,lobe,lobing,mucronate,na,number,oblong,outside,ovary,ovate,ovoid,peduncle,peltiform,per,perennial,plant,primary,puberulent,pubescent,seed,size,splotch,stigma,stripe,style,triangular,tube,vein,x							3.0-4.0,absent,appressed,articulation,berry,blue,bract,branch,branching,breeding,broad-based,cell,connective,dendritic,discrete,distinct,eglandular,ellipsoid,elliptic-oblong,enlarged,flat,fleshy,fork,fully,glandular,hair,hermaphroditic,heteromorphism,inflated,insertion,interjected,interpetalar,leaflet,leathery,lilac,lower,marking,mature,membranous,modification,multicellular,needle-like,none,odour,orientation,paired,pattern,pink,placement,pore,position,present,prickle,pseudostipule,radially,rhizome,scale,simple-entire,smell,spot,staman,stellate,stone,structure,swollen,symmetric,symmetry,sympodial,system,terminal,tissue,trichome,trifoliate,tuber,unit,vegetative,xylopodia,zygomorphy	9.0	44.0	100.0	basal,cordate,green,mm,purple,shrub,simple,unbranched,yellow	0.3-0.5,10-20,2-3,2-3.5,20-25-45,3-12,3-4,3-5,3.5-4,4-5,5-6.5,6.5-31,7-27,8-11,acuminate,bronze,chartaceous,cm,deeply,densely,desc,ellipsoidal,end,entire,ex,flattened,glabrous,globose,inside,lobe,mucronate,na,oblong,outside,ovate,ovoid,peltiform,perennial,puberulent,pubescent,splotch,stripe,triangular,x	3.0-4.0,absent,anther,apex,appressed,articulation,base,berry,blue,bract,branch,branching,breeding,broad-based,calyx,cell,colour,connective,corolla,dendritic,discrete,distinct,eglandular,ellipsoid,elliptic-oblong,enlarged,filament,flat,fleshy,fork,form,fruit,fruiting,fully,glandular,growth,hair,hermaphroditic,heteromorphism,inflated,inflorescence,insertion,interjected,interpetalar,leaf,leaflet,leathery,length,lilac,lower,margin,marking,mature,membranous,modification,multicellular,needle-like,none,odour,orientation,paired,pattern,pedicel,petiole,pink,placement,pore,position,present,prickle,pseudostipule,radially,rhizome,scale,shape,simple-entire,smell,spot,staman,stellate,stem,stone,structure,surface,swollen,symmetric,symmetry,sympodial,system,terminal,texture,tissue,trichome,trifoliate,tuber,type,unit,vegetative,xylopodia,zygomorphy
425	wfo-0001030902	success	37	36	7	39	89	73	anther,apex,base,calyx,colour,cordate,corolla,eglandular,filament,forked,form,fruit,fruiting,growth,hair,inflorescence,interjected,leaf,leaflet,length,margin,mature,mm,orange,pedicel,petiole,prickle,pseudostipule,purple,shape,simple,stem,surface,texture,tree,truncate,type,unbranched,yellow	-2,0.6-1.5,1-6,1.5-13,1.5-2.5,10-15,2,2-3,2-5,2.5-4,3-13,3.5-4,30-50,4-7,5-7,5-9,6-24,8-14,acuminate,acute,angled,apiculate,appearance,arrangement,bark,border,branch,branched,brown-pilose,bud,characteristic,cm,connivent,corrugation,dark,deltate,densely,diameter,distal,drying,ellipsoidal,entire,exertion,flattened,giving,glabrate,glabrescent,glabrous,glabrousnes,globose,height,history,lateral,life,lobe,lobing,long,midpoint,na,narrowly,new,number,oblong,occasionally,ovary,ovate,peduncle,per,perennial,plant,primary,rarely,ray,reddish,seed,size,stigma,style,subcapitate,subcoriaceous,terminal,thicknes,tip,triangular,tube,variation,vein,width,x							3.5-4.0,absent,appressed,articulation,axillary,berry,blue,bract,branching,breeding,broad-based,cell,connective,coriaceous,discrete,distinct,ellipsoid,enlarged,flat,fleshy,fully,glandular,hermaphroditic,heteromorphism,inflated,insertion,internodal,interpetalar,leathery,lilac,lower,marking,modification,multi-branched,multicellular,near-basal,needle-like,none,odour,orientation,paired,pattern,pink,placement,plurifoliate,pore,position,present,radially,red,rhizome,round,scale,simple-entire,smell,spot,staman,stellate,stone,structure,swollen,symmetric,symmetry,sympodial,system,tapered-lanceolate,tissue,trichome,tuber,unit,vegetative,xylopodia,zygomorphy	15.0	50.0	97.0	apex,base,cordate,eglandular,forked,hair,mature,mm,orange,purple,simple,tree,truncate,unbranched,yellow	-2,0.6-1.5,1-6,1.5-13,1.5-2.5,10-15,2,2-3,2-5,2.5-4,3-13,3.5-4,30-50,4-7,5-7,5-9,6-24,8-14,acuminate,acute,angled,apiculate,branched,brown-pilose,cm,connivent,dark,deltate,densely,ellipsoidal,entire,flattened,glabrate,glabrescent,glabrous,globose,long,na,narrowly,oblong,occasionally,ovate,perennial,rarely,reddish,subcapitate,subcoriaceous,tip,triangular,x	3.5-4.0,absent,anther,appressed,articulation,axillary,berry,blue,bract,branching,breeding,broad-based,calyx,cell,colour,connective,coriaceous,corolla,discrete,distinct,ellipsoid,enlarged,filament,flat,fleshy,form,fruit,fruiting,fully,glandular,growth,hermaphroditic,heteromorphism,inflated,inflorescence,insertion,interjected,internodal,interpetalar,leaf,leaflet,leathery,length,lilac,lower,margin,marking,modification,multi-branched,multicellular,near-basal,needle-like,none,odour,orientation,paired,pattern,pedicel,petiole,pink,placement,plurifoliate,pore,position,present,prickle,pseudostipule,radially,red,rhizome,round,scale,shape,simple-entire,smell,spot,staman,stellate,stem,stone,structure,surface,swollen,symmetric,symmetry,sympodial,system,tapered-lanceolate,texture,tissue,trichome,tuber,type,unit,vegetative,xylopodia,zygomorphy
426	wfo-0001030914	success	48	39	8	36	94	71	acute,anther,apex,base,berry,calyx,colour,corolla,filament,form,fruit,fruiting,growth,inflorescence,interjected,leaf,leaflet,length,margin,mm,pedicel,petiole,prickle,pseudostipule,shape,shrub,simple,stem,surface,texture,tree,trichome,type,white,winged,yellow	0-0.25,0.5-1,0.7-1,0.8-1.3,1-1.5,1.2-1.5,1.5-2,1.5-3,2-10,2-2.5,2.5-3,3-4,3.5-17,7-10,7-8,9-35,alternate,appearance,arrangement,attenuate,bark,border,branch,bud,campanulate,capitate,characteristic,cm,corrugation,dark,deflexed,diameter,distal,drying,elliptic,erect,exertion,exserted,furcate,giving,glabrous,glabrousnes,globose,green,height,history,lateral,lemon-yellow,life,lobe,lobed,lobing,main,many,midpoint,minutely,na,narowly,new,number,obovate,ovary,ovoid-reniform,pair,pale,peduncle,per,perennial,pitted,plant,primary,puberulent,ray,reddish-brown,seed,shaped,size,small,soon,stigma,straight,style,tan,tapering,tear-drop,terminal,thicknes,time,tube,uniseriate,variation,vein,width,x							0.0-0.25,3.0-4.0,absent,appressed,articulation,basal,bract,branching,breeding,broad-based,cell,connective,dendritic,difoliate,discrete,distinct,eglandular,elliptic-oblong,enlarged,flat,fleshy,forked,geminate,hair,heteromorphism,inflated,insertion,interpetalar,leaf-opposed,leathery,lower,marking,mature,membranous,modification,monochasial,multi-branched,multicellular,needle-like,none,odour,orientation,paired,pattern,placement,pore,position,present,radially,rhizome,round,scale,simple-entire,smell,spot,staman,stellate,stone,structure,swollen,symmetric,symmetry,sympodial,system,tissue,tuber,unbranched,unit,vegetative,xylopodia,zygomorphy	10.0	57.0	97.0	acute,berry,mm,shrub,simple,tree,trichome,white,winged,yellow	0-0.25,0.5-1,0.7-1,0.8-1.3,1-1.5,1.2-1.5,1.5-2,1.5-3,2-10,2-2.5,2.5-3,3-4,3.5-17,7-10,7-8,9-35,alternate,attenuate,campanulate,capitate,cm,dark,deflexed,elliptic,erect,exserted,furcate,glabrous,globose,green,lateral,lemon-yellow,lobed,main,many,minutely,na,narowly,obovate,ovoid-reniform,pair,pale,perennial,pitted,puberulent,reddish-brown,shaped,small,soon,straight,tan,tapering,tear-drop,time,uniseriate,vein,x	0.0-0.25,3.0-4.0,absent,anther,apex,appressed,articulation,basal,base,bract,branching,breeding,broad-based,calyx,cell,colour,connective,corolla,dendritic,difoliate,discrete,distinct,eglandular,elliptic-oblong,enlarged,filament,flat,fleshy,forked,form,fruit,fruiting,geminate,growth,hair,heteromorphism,inflated,inflorescence,insertion,interjected,interpetalar,leaf,leaf-opposed,leaflet,leathery,length,lower,margin,marking,mature,membranous,modification,monochasial,multi-branched,multicellular,needle-like,none,odour,orientation,paired,pattern,pedicel,petiole,placement,pore,position,present,prickle,pseudostipule,radially,rhizome,round,scale,shape,simple-entire,smell,spot,staman,stellate,stem,stone,structure,surface,swollen,symmetric,symmetry,sympodial,system,texture,tissue,tuber,type,unbranched,unit,vegetative,xylopodia,zygomorphy
427	wfo-0001030918	invalid_json_followup	NA	44	NA	40	108	81	0.3-1.5,acicular,anther,apex,base,berry,branch,calyx,cell,colour,corolla,cuneate,filament,form,fruit,fruiting,growth,inflorescence,interjected,leaf,leaflet,length,margin,mm,orange,pedicel,petiole,prickle,pseudostipule,purple,red,shape,shrub,stellate,stem,surface,terminal,texture,trichome,type	-5,-9,.5,0-25,0-4,0.2-0.4,0.25-0.45,0.5-0.7,0.6-2.5,0.7-1.2,0.7-1.7,1,1-1.5,1-1.8-2.3,1-2,1.5-2.5-3.2,1.5-5.5-6,2-2.5,2-25-40,2-7,2-8,2.8-3,3-4,abaxially,acute,apically,apparently,arrangement,articulated,bark,brown,bud,cal,caudate,characteristic,chartaceous,cm,corrugation,dark,diameter,distal,drying,dull,elliptic,erect,exertion,flattened,flattened-reniform,glabrous,glabrousnes,green-brown,height,history,lateral,life,lobe,lobed,lobing,long,mauve,midpoint,moderately,na,narrow-deltate,new,number,obtuse,orange-brown,outline,ovary,pair,pale,peduncle,per,perennial,perpendicular,pit,plant,poricidal,prickly,primary,raised,ray,red-brown,reflexed,seed,simple,size,small,smooth,sometimes,somewhat,sparsely,spherical,stellate-pubescent,stigma,style,tapering,thicknes,tip,tube,value,variation,vein,weakly,wide,width,yellow							5.5-7.0,absent,appressed,articulation,asymmetric,basal,blue,bract,branching,breeding,broad-based,connective,dichasial,difoliate,discrete,distinct,eglandular,enlarged,flat,fleshy,fork,fully,hair,hermaphroditic,heteromorphism,inflated,insertion,internodal,interpetalar,leathery,lilac,lower,marking,mature,membranous,modification,needle-like,non-geminate,none,odour,orientation,paired,pattern,pink,placement,pore,position,present,present-inflorescence,present-leaf,present-stem,radially,random,recurved,rhizome,round,scale,simple-lobed,smell,spot,spreading,staman,stone,straight,structure,swollen,symmetric,symmetry,sympodial,system,tapered-lanceolate,tissue,triangular,tuber,unbranched,unit,vegetative,vine,woody,xylopodia,zygomorphy	40.0	108.0	81.0	0.3-1.5,acicular,anther,apex,base,berry,branch,calyx,cell,colour,corolla,cuneate,filament,form,fruit,fruiting,growth,inflorescence,interjected,leaf,leaflet,length,margin,mm,orange,pedicel,petiole,prickle,pseudostipule,purple,red,shape,shrub,stellate,stem,surface,terminal,texture,trichome,type	-5,-9,.5,0-25,0-4,0.2-0.4,0.25-0.45,0.5-0.7,0.6-2.5,0.7-1.2,0.7-1.7,1,1-1.5,1-1.8-2.3,1-2,1.5-2.5-3.2,1.5-5.5-6,2-2.5,2-25-40,2-7,2-8,2.8-3,3-4,abaxially,acute,apically,apparently,arrangement,articulated,bark,brown,bud,cal,caudate,characteristic,chartaceous,cm,corrugation,dark,diameter,distal,drying,dull,elliptic,erect,exertion,flattened,flattened-reniform,glabrous,glabrousnes,green-brown,height,history,lateral,life,lobe,lobed,lobing,long,mauve,midpoint,moderately,na,narrow-deltate,new,number,obtuse,orange-brown,outline,ovary,pair,pale,peduncle,per,perennial,perpendicular,pit,plant,poricidal,prickly,primary,raised,ray,red-brown,reflexed,seed,simple,size,small,smooth,sometimes,somewhat,sparsely,spherical,stellate-pubescent,stigma,style,tapering,thicknes,tip,tube,value,variation,vein,weakly,wide,width,yellow	5.5-7.0,absent,appressed,articulation,asymmetric,basal,blue,bract,branching,breeding,broad-based,connective,dichasial,difoliate,discrete,distinct,eglandular,enlarged,flat,fleshy,fork,fully,hair,hermaphroditic,heteromorphism,inflated,insertion,internodal,interpetalar,leathery,lilac,lower,marking,mature,membranous,modification,needle-like,non-geminate,none,odour,orientation,paired,pattern,pink,placement,pore,position,present,present-inflorescence,present-leaf,present-stem,radially,random,recurved,rhizome,round,scale,simple-lobed,smell,spot,spreading,staman,stone,straight,structure,swollen,symmetric,symmetry,sympodial,system,tapered-lanceolate,tissue,triangular,tuber,unbranched,unit,vegetative,vine,woody,xylopodia,zygomorphy
428	wfo-0001030943	success	44	39	7	38	102	73	absent,acute,anther,apex,basal,base,berry,black,branch,branching,calyx,colour,corolla,dendritic,filament,form,fruit,fruiting,growth,inflorescence,leaf,length,margin,mm,monochasial,pedicel,petiole,plurifoliate,pore,shape,shrub,stem,surface,terminal,texture,tree,trichome,type	.5,0,0.5-1,1-1.2,1-1.5,1.1,1.5-2,1.8-2.2,1/2,12-15,2-6,3,3-4,3/4,4-4.5,7-13.5,7-8,8-10,abaxial,acuminate,adaxial,age,apical,arrangement,bark,becoming,bi-lobed,bud,characteristic,cm,conical,corrugation,dark,decurrent,densely,diameter,drying,echinoid,elliptic,elongate,exertion,exserted,flattened,glabrate,glabrous,glabrousnes,globose,golden,golden-yellow,height,history,im,large,lateral,lenticular,life,lobing,minute,minutely,na,narrowly,new,number,often,outline,ovary,overtopping,pair,pale,papillose,peduncle,per,pitted,plant,poricidal,primary,pubescent,purplish-black,reddish-brown,scattered,secondary,seed,shoot,size,slit-like,small,sparsely,stigma,strongly,style,tapering,time,tip,tree-like,tube,upper,vein,violet,way,x,yellow,yellowish-white							1.0,5.0,appressed,articulation,blue,bract,branched,breeding,broad-based,cell,connective,cup-shaped,distinct,elliptic-oblong,elongating,enlarged,fleshy,fork,forked,fully,hair,hermaphroditic,heteromorphism,inflated,insertion,interjected,internodal,interpetalar,leaflet,leathery,lilac,lower,marking,mature,membranous,modification,multi-branched,needle-like,none,odour,orientation,paired,pattern,pink,placement,position,present,prickle,pseudostipule,purple,radially,rhizome,rotate,round,scale,simple-entire,smell,spot,staman,stellate,stone,structure,swollen,symmetric,symmetry,sympodial,system,tissue,tuber,unit,vegetative,xylopodia,zygomorphy	20.0	81.0	91.0	absent,acute,apex,basal,base,berry,black,branching,calyx,dendritic,mm,monochasial,petiole,plurifoliate,pore,shrub,surface,terminal,tree,trichome	.5,0,0.5-1,1-1.2,1-1.5,1.1,1.5-2,1.8-2.2,1/2,12-15,2-6,3,3-4,3/4,4-4.5,7-13.5,7-8,8-10,abaxial,acuminate,adaxial,age,apical,becoming,bi-lobed,cm,conical,dark,decurrent,densely,diameter,drying,echinoid,elliptic,elongate,exserted,flattened,glabrate,glabrous,globose,golden,golden-yellow,im,large,lateral,lenticular,minute,minutely,na,narrowly,often,outline,overtopping,pair,pale,papillose,per,pitted,poricidal,pubescent,purplish-black,reddish-brown,scattered,secondary,shoot,slit-like,small,sparsely,strongly,tapering,time,tip,tree-like,tube,upper,vein,violet,way,x,yellow,yellowish-white	1.0,5.0,anther,appressed,articulation,blue,bract,branch,branched,breeding,broad-based,cell,colour,connective,corolla,cup-shaped,distinct,elliptic-oblong,elongating,enlarged,filament,fleshy,fork,forked,form,fruit,fruiting,fully,growth,hair,hermaphroditic,heteromorphism,inflated,inflorescence,insertion,interjected,internodal,interpetalar,leaf,leaflet,leathery,length,lilac,lower,margin,marking,mature,membranous,modification,multi-branched,needle-like,none,odour,orientation,paired,pattern,pedicel,pink,placement,position,present,prickle,pseudostipule,purple,radially,rhizome,rotate,round,scale,shape,simple-entire,smell,spot,staman,stellate,stem,stone,structure,swollen,symmetric,symmetry,sympodial,system,texture,tissue,tuber,type,unit,vegetative,xylopodia,zygomorphy
429	wfo-0001030959	success	42	37	4	28	66	83	anther,apex,base,calyx,colour,corolla,cuneate,filament,form,fruit,growth,hair,inflorescence,leaf,length,margin,membranous,mm,pedicel,petiole,prickle,shape,shrub,simple,stem,surface,texture,type	.8,/5,0.2,0.5-1.5,0.7-1.2,1-10,1-7,1.2-1.8,10-15,2.5-5,4-6,5-9,6-8,9-12,almost,apart,arrangement,bark,brown,brown-green,characteristic,cm,color,concolorous,deltate,diameter,drying,elliptic,erect,fresh,glabrous,glabrousnes,glandular,green-brown,height,history,known,lateral,life,lobing,long-acuminate,minute,na,new,ovary,pair,peduncle,perennial,plant,prickly,primary,scar,seed,size,spaced,straight,straw,style,subentire,tapering,toward,tube,vein,way,width,yellow							0.8,5.0-6.0,absent,acicular,appressed,articulation,basal,blue,bract,branching,breeding,broad-based,cell,connective,dichasial,difoliate,discrete,distinct,eglandular,enlarged,flat,fruiting,fully,hermaphroditic,heteromorphism,inflated,insertion,interjected,internodal,interpetalar,leaflet,lilac,lower,marking,mature,modification,multicellular,needle-like,non-geminate,none,odour,orientation,paired,pattern,pink,placement,pore,position,present,present-inflorescence,present-leaf,present-stem,pseudostipule,purple,radially,random,rhizome,round,scale,simple-entire,smell,spot,spreading,staman,stellate,stone,structure,symmetric,symmetry,sympodial,system,tapered-lanceolate,tissue,trichome,tuber,unbranched,unit,vegetative,vine,white,woody,xylopodia,zygomorphy	8.0	44.0	103.0	apex,base,cuneate,hair,membranous,mm,shrub,simple	.8,/5,0.2,0.5-1.5,0.7-1.2,1-10,1-7,1.2-1.8,10-15,2.5-5,4-6,5-9,6-8,9-12,almost,apart,brown,brown-green,cm,color,concolorous,deltate,elliptic,erect,fresh,glabrous,glandular,green-brown,known,lateral,long-acuminate,minute,na,pair,perennial,prickly,spaced,straight,straw,subentire,tapering,toward,way,yellow	0.8,5.0-6.0,absent,acicular,anther,appressed,articulation,basal,blue,bract,branching,breeding,broad-based,calyx,cell,colour,connective,corolla,dichasial,difoliate,discrete,distinct,eglandular,enlarged,filament,flat,form,fruit,fruiting,fully,growth,hermaphroditic,heteromorphism,inflated,inflorescence,insertion,interjected,internodal,interpetalar,leaf,leaflet,length,lilac,lower,margin,marking,mature,modification,multicellular,needle-like,non-geminate,none,odour,orientation,paired,pattern,pedicel,petiole,pink,placement,pore,position,present,present-inflorescence,present-leaf,present-stem,prickle,pseudostipule,purple,radially,random,rhizome,round,scale,shape,simple-entire,smell,spot,spreading,staman,stellate,stem,stone,structure,surface,symmetric,symmetry,sympodial,system,tapered-lanceolate,texture,tissue,trichome,tuber,type,unbranched,unit,vegetative,vine,white,woody,xylopodia,zygomorphy
430	wfo-0001030982	success	41	39	7	32	116	74	acute,anther,apex,base,berry,calyx,colour,corolla,cuneate,enlarged,filament,form,fruit,fruiting,green,growth,inflorescence,leaf,length,margin,mm,pedicel,petiole,shape,simple,stem,surface,texture,trichome,type,vegetative,white	-2-2.5,.1,.5,0.05,0.05-0.5,0.2-3,0.5,0.5-0.9,0.5-1,1-1.5,1.5,1.5-2,2/3,3-8,4-12,6-8,abaxial,abaxially,acuminate,adaxial,adaxially,angular,arrangement,broadly,brown,brownish,bud,caducous,capitate,channelled,characteristic,chartaceous,ciliate,cm,conic,conical,dark,diameter,dry,drying,ellipsoid,elliptic,entire,exerted,exertion,external,flattened-reniform,flower,fresh,glabrescent,glabrous,glabrousnes,globose,golden-green,height,history,impressed,inconspicuously,larger,later,less,life,lobing,long,material,maturity,minutely,mostly,near,new,oblique,obovate,occasionally,olive,opposite,ovary,ovate,pair,pale,papillate,papillose,peduncle,pitted,plant,poricidal,primary,prominent,puberulent,pubescent,reddish,reflexed,revolute,rhizomatous,sagittate,seed,shoot,sinuate,size,slightly,somewhat,sparsely,stigma,stripe,strongly,style,subshrub,tip,transverse,tube,uniseriate,vein,way,weakly,x,yellowish,young							0.1,4.0-5.0,absent,appressed,articulation,asymmetric,basal,bract,branching,breeding,broad-based,cell,connective,difoliate,distinct,eglandular,elliptic-oblong,elongating,flat,fleshy,fully,geminate,hair,hermaphroditic,heteromorphism,inflated,insertion,interjected,interpetalar,leaf-opposed,leaflet,leathery,lower,marking,mature,membranous,modification,monochasial,multicellular,needle-like,none,odour,orientation,paired,pattern,placement,pore,position,present,prickle,pseudostipule,radially,rhizome,round,scale,shrub,simple-entire,smell,spot,staman,stellate,stone,structure,swollen,symmetric,symmetry,sympodial,system,tissue,tuber,unbranched,unit,xylopodia,zygomorphy	15.0	95.0	91.0	acute,apex,base,berry,calyx,cuneate,enlarged,green,leaf,mm,simple,surface,trichome,vegetative,white	-2-2.5,.1,.5,0.05,0.05-0.5,0.2-3,0.5,0.5-0.9,0.5-1,1-1.5,1.5,1.5-2,2/3,3-8,4-12,6-8,abaxially,acuminate,adaxially,angular,broadly,brown,brownish,caducous,capitate,channelled,chartaceous,ciliate,cm,conic,conical,dark,dry,drying,ellipsoid,elliptic,entire,exerted,external,flattened-reniform,flower,fresh,glabrescent,glabrous,globose,golden-green,impressed,inconspicuously,larger,later,less,long,material,maturity,minutely,mostly,near,oblique,obovate,occasionally,olive,opposite,ovate,pair,pale,papillate,papillose,pitted,poricidal,prominent,puberulent,pubescent,reddish,reflexed,revolute,rhizomatous,sagittate,shoot,sinuate,slightly,somewhat,sparsely,stripe,strongly,subshrub,tip,transverse,tube,uniseriate,vein,way,weakly,x,yellowish,young	0.1,4.0-5.0,absent,anther,appressed,articulation,asymmetric,basal,bract,branching,breeding,broad-based,cell,colour,connective,corolla,difoliate,distinct,eglandular,elliptic-oblong,elongating,filament,flat,fleshy,form,fruit,fruiting,fully,geminate,growth,hair,hermaphroditic,heteromorphism,inflated,inflorescence,insertion,interjected,interpetalar,leaf-opposed,leaflet,leathery,length,lower,margin,marking,mature,membranous,modification,monochasial,multicellular,needle-like,none,odour,orientation,paired,pattern,pedicel,petiole,placement,pore,position,present,prickle,pseudostipule,radially,rhizome,round,scale,shape,shrub,simple-entire,smell,spot,staman,stellate,stem,stone,structure,swollen,symmetric,symmetry,sympodial,system,texture,tissue,tuber,type,unbranched,unit,xylopodia,zygomorphy
431	wfo-0001030989	invalid_json_followup	NA	40	NA	37	104	75	anther,apex,base,berry,branch,calyx,cell,colour,corolla,distal,filament,forked,form,fruit,fruiting,green,growth,herb,inflorescence,interjected,leaf,leaflet,length,margin,mm,ovoid,pedicel,petiole,prickle,pseudostipule,rotate,shape,stem,surface,terminal,texture,type	.5,0.5-1,1-1.5,1-2,12-15,15-27.5,2-3.5,3-4,3-5.5,3-7.5,4-8,5,5.5-7.9,6-13,6-6.5,9-10,\u201chair-like\u201d,abaxially,acuminate,adaxially,appearance,arrangement,articulated,axillary,bark,border,brownish,bud,capitate,characteristic,chartaceous,cm,condition,conical,connivent,corrugation,covering,densely,diameter,drying,erect,exertion,fresh,generally,giving,glabrous,glabrousnes,green-white,greenish,half,height,history,lanceolate,lateral,life,light,lobe,lobing,long,midpoint,minute,na,new,number,obtuse,odd-pinnate,orbicular,ovary,ovate,ovate-lanceolate,peduncle,per,plant,primary,proximal,pubescent,ray,ripe,seed,semierect,size,sparsely,stigma,style,subsessile,subtending,testal,thick,thicknes,third,throughout,triangular,tube,unwinged,usually,value,variation,vein,violet,wall,whitish,wide,width,x							1.0-1.5,1/2,6.0-6.5,absent,appressed,articulation,blue,bract,branching,breeding,broad-based,compound-entire,connective,cuneate,distinct,eglandular,elliptic-oblong,elongating,enlarged,flat,fleshy,fork,fully,hair,hermaphroditic,heteromorphism,inflated,insertion,interpetalar,leathery,lilac,lower,marking,mature,membranous,modification,monochasial,multicellular,needle-like,none,odour,orientation,paired,pattern,pink,placement,plurifoliate,pore,position,present,present-pair,purple,radially,rhizome,scale,simple,smell,spot,staman,stellate,stone,structure,swollen,symmetric,symmetry,sympodial,system,tissue,trichome,trifoliate,tuber,unit,vegetative,xylopodia,zygomorphy	37.0	104.0	75.0	anther,apex,base,berry,branch,calyx,cell,colour,corolla,distal,filament,forked,form,fruit,fruiting,green,growth,herb,inflorescence,interjected,leaf,leaflet,length,margin,mm,ovoid,pedicel,petiole,prickle,pseudostipule,rotate,shape,stem,surface,terminal,texture,type	.5,0.5-1,1-1.5,1-2,12-15,15-27.5,2-3.5,3-4,3-5.5,3-7.5,4-8,5,5.5-7.9,6-13,6-6.5,9-10,\u201chair-like\u201d,abaxially,acuminate,adaxially,appearance,arrangement,articulated,axillary,bark,border,brownish,bud,capitate,characteristic,chartaceous,cm,condition,conical,connivent,corrugation,covering,densely,diameter,drying,erect,exertion,fresh,generally,giving,glabrous,glabrousnes,green-white,greenish,half,height,history,lanceolate,lateral,life,light,lobe,lobing,long,midpoint,minute,na,new,number,obtuse,odd-pinnate,orbicular,ovary,ovate,ovate-lanceolate,peduncle,per,plant,primary,proximal,pubescent,ray,ripe,seed,semierect,size,sparsely,stigma,style,subsessile,subtending,testal,thick,thicknes,third,throughout,triangular,tube,unwinged,usually,value,variation,vein,violet,wall,whitish,wide,width,x	1.0-1.5,1/2,6.0-6.5,absent,appressed,articulation,blue,bract,branching,breeding,broad-based,compound-entire,connective,cuneate,distinct,eglandular,elliptic-oblong,elongating,enlarged,flat,fleshy,fork,fully,hair,hermaphroditic,heteromorphism,inflated,insertion,interpetalar,leathery,lilac,lower,marking,mature,membranous,modification,monochasial,multicellular,needle-like,none,odour,orientation,paired,pattern,pink,placement,plurifoliate,pore,position,present,present-pair,purple,radially,rhizome,scale,simple,smell,spot,staman,stellate,stone,structure,swollen,symmetric,symmetry,sympodial,system,tissue,trichome,trifoliate,tuber,unit,vegetative,xylopodia,zygomorphy
432	wfo-0001030991	success	44	39	7	36	99	85	absent,anther,apex,appressed,basal,base,berry,calyx,colour,corolla,filament,form,fruit,fruiting,growth,herb,inflorescence,leaf,leaf-opposed,length,margin,mm,pedicel,petiole,shape,shrub,simple,stellate,stem,surface,terminal,texture,trichome,type,white,winged	.5,0,0.5,0.5-0.7,0.5-1,0.5-1.5,0.7-1.2,1-1.5,1-1.6,1-2.2,1-2.5,1-7,1.5,10-20,2.5-10,2/3,3-5-lobed,9-11,acuminate,acute,along,angled,anthesi,apparently,arrangement,ascending,attenuate,bark,brown,bud,capitate,characteristic,cm,densely,diameter,drying,ellipsoid,ellipsoidal,elliptic,elongate,entire,exerted,exertion,filiform,flattened,furcate,fusiform,glabrous,glabrousnes,globose,grey,height,history,lanceolate,lateral,life,like,lobed,lobing,minutely,na,narrowly,nearly,new,number,occasionally,ovary,pair,peduncle,per,pinnatifid,pitted,plant,primary,pubescent,red,reniform,rest,ripe,scattered,seed,short,size,slightly,small,sparsely,stigma,strongly,style,suffrutescent,tube,uniseriate,variably,vein,violet,weak,x,yellowish,young							0.5-1.0,2,3.0-5.5,articulation,black,blue,bract,branch,branching,breeding,broad-based,cell,connective,cuneate,difoliate,distinct,eglandular,elliptic-oblong,elongating,enlarged,flat,fleshy,fork,forked,fully,hair,hermaphroditic,heteromorphism,inflated,insertion,interjected,interpetalar,leaflet,leathery,lilac,lobe,lower,marking,mature,membranous,modification,monochasial,multicellular,needle-like,non-geminate,none,odour,orientation,paired,pattern,pink,placement,plurifoliate,pore,position,present,prickle,pseudostipule,purple,radially,rhizome,round,scale,simple-entire,simple-lobed,simple-pinnatifid,simple-toothed,smell,spot,staman,stone,stripe,structure,swollen,symmetric,symmetry,sympodial,system,tissue,tuber,unbranched,unit,vegetative,xylopodia,zygomorphy	19.0	78.0	102.0	absent,appressed,basal,base,berry,calyx,herb,inflorescence,leaf-opposed,mm,shrub,simple,stellate,stem,surface,terminal,trichome,white,winged	.5,0,0.5,0.5-0.7,0.5-1,0.5-1.5,0.7-1.2,1-1.5,1-1.6,1-2.2,1-2.5,1-7,1.5,10-20,2.5-10,2/3,3-5-lobed,9-11,acuminate,acute,along,angled,anthesi,apparently,ascending,attenuate,brown,capitate,cm,densely,diameter,ellipsoid,ellipsoidal,elliptic,elongate,entire,exerted,filiform,flattened,furcate,fusiform,glabrous,globose,grey,lanceolate,lateral,like,lobed,minutely,na,narrowly,nearly,occasionally,pair,per,pinnatifid,pitted,pubescent,red,reniform,rest,ripe,scattered,short,slightly,small,sparsely,strongly,suffrutescent,tube,uniseriate,variably,vein,violet,weak,x,yellowish,young	0.5-1.0,2,3.0-5.5,anther,apex,articulation,black,blue,bract,branch,branching,breeding,broad-based,cell,colour,connective,corolla,cuneate,difoliate,distinct,eglandular,elliptic-oblong,elongating,enlarged,filament,flat,fleshy,fork,forked,form,fruit,fruiting,fully,growth,hair,hermaphroditic,heteromorphism,inflated,insertion,interjected,interpetalar,leaf,leaflet,leathery,length,lilac,lobe,lower,margin,marking,mature,membranous,modification,monochasial,multicellular,needle-like,non-geminate,none,odour,orientation,paired,pattern,pedicel,petiole,pink,placement,plurifoliate,pore,position,present,prickle,pseudostipule,purple,radially,rhizome,round,scale,shape,simple-entire,simple-lobed,simple-pinnatifid,simple-toothed,smell,spot,staman,stone,stripe,structure,swollen,symmetric,symmetry,sympodial,system,texture,tissue,tuber,type,unbranched,unit,vegetative,xylopodia,zygomorphy
433	wfo-0001031005	success	41	39	6	34	99	78	acute,anther,apex,base,berry,black,blue,branch,branched,branching,calyx,colour,corolla,dendritic,filament,form,fruit,fruiting,growth,inflorescence,leaf,length,margin,membranous,mm,pedicel,petiole,purple,shape,stem,surface,terminal,texture,type	/3-1/2,0.8,0.9,1-2,1-2.5,1-3,10,2-3.2,2.3-3,2.5,2.5-4,3-10,3-6.5,5,5-7,5-8,5°,acuminate,almost,anthesi,apically,arrangement,attenuate,bark,brachyblast,brown,bud,capitate,characteristic,chartaceous,clustered,cm,concolorous,conical,corrugation,cupular,diameter,dilated,discolorous,drying,ellipsoid,elliptic,entire,evenly,exertion,flattened,flexuous,flower,forming,glabrous,glabrousnes,greenish,height,history,lateral,liana,life,lobed,lobing,long,loop,midvein,na,new,number,oblong,obovate,occasionally,older,orange-brown,ovary,ovoid,pair,peduncle,per,plant,primary,pubescent,ridged,seed,short,size,slender,smooth,somewhat,sparsely,spreading,stigma,style,terete,thick-chartaceous,tip,toward,tube,unarmed,vein,weakly,white,x							1.5,3.5,absent,appressed,articulation,basal,bract,breeding,broad-based,cell,connective,discrete,distinct,elliptic-oblong,enlarged,flat,fleshy,fork,forked,fully,green,hair,hermaphroditic,heteromorphism,inflated,insertion,interjected,interpetalar,leaflet,leathery,lilac,lower,marking,mature,modification,monochasial,near-basal,needle-like,none,odour,orange,orientation,paired,pattern,pink,placement,plurifoliate,pore,position,prickle,pseudostipule,radially,red,rhizome,round,scale,simple-entire,smell,spot,staman,stellate,stone,structure,swollen,symmetric,symmetry,sympodial,system,tissue,trichome,tuber,unbranched,unit,vegetative,vine,woody,xylopodia,zygomorphy	16.0	74.0	96.0	acute,apex,base,berry,black,blue,branch,branched,branching,corolla,dendritic,length,membranous,mm,purple,terminal	/3-1/2,0.8,0.9,1-2,1-2.5,1-3,10,2-3.2,2.3-3,2.5,2.5-4,3-10,3-6.5,5,5-7,5-8,5°,acuminate,almost,anthesi,apically,attenuate,brachyblast,brown,capitate,chartaceous,clustered,cm,concolorous,conical,cupular,dilated,discolorous,drying,ellipsoid,elliptic,entire,evenly,flattened,flexuous,flower,forming,glabrous,greenish,lateral,liana,lobed,long,loop,midvein,na,oblong,obovate,occasionally,older,orange-brown,ovoid,pair,pubescent,ridged,short,slender,smooth,somewhat,sparsely,spreading,terete,thick-chartaceous,tip,toward,unarmed,weakly,white,x	1.5,3.5,absent,anther,appressed,articulation,basal,bract,breeding,broad-based,calyx,cell,colour,connective,discrete,distinct,elliptic-oblong,enlarged,filament,flat,fleshy,fork,forked,form,fruit,fruiting,fully,green,growth,hair,hermaphroditic,heteromorphism,inflated,inflorescence,insertion,interjected,interpetalar,leaf,leaflet,leathery,lilac,lower,margin,marking,mature,modification,monochasial,near-basal,needle-like,none,odour,orange,orientation,paired,pattern,pedicel,petiole,pink,placement,plurifoliate,pore,position,prickle,pseudostipule,radially,red,rhizome,round,scale,shape,simple-entire,smell,spot,staman,stellate,stem,stone,structure,surface,swollen,symmetric,symmetry,sympodial,system,texture,tissue,trichome,tuber,type,unbranched,unit,vegetative,vine,woody,xylopodia,zygomorphy
434	wfo-0001031007	success	47	39	7	40	130	75	acute,anther,apex,base,berry,black,branch,branched,calyx,cell,colour,corolla,cup-shaped,dendritic,filament,fleshy,form,fruit,fruiting,growth,inflorescence,leaf,length,lilac,margin,mm,pedicel,petiole,pore,shape,shrub,simple,stem,surface,terminal,texture,trichome,type,vine,woody	.5,0.2,0.5-1,0.75-1.5,1,1-1.2,1-1.5,1-3.5,1.2-1.5,1.3-2.5-5,1.6-2,1.9-3,1/3,11-14,15,2.5-5-12,3-4,4-6,4-7,5.5-6,50-100,6,7-10,8-10,<,abruptly,age,almost,anthesi,apparently,arrangement,articulated,bark,becoming,beginning,bifid,broad,brown,bud,campanulate,capitate,characteristic,chartaceous,cm,completely,connivent,corrugation,cuneate,dark,diameter,dilated,drying,dull,ellipsoid,elliptic,entire,exertion,exserted,flattened-reniform,flower,glabrous,glabrousnes,globose,height,herbarium,history,impressed,intramarginal,lax,leaving,lengthening,life,lobing,long,looping,loose,loosely,many,markedly,matte,minutely,multi-celled,na,narrowing,narrowly,near,new,nodding,number,occasionally,often,outline,ovary,papillate,peduncle,peg,per,pitted,planar,plant,poricidal,primary,prominent,pubescent,reddish,revolute,round-rectangular,sagittate,seed,shiny,size,sleeve,slender,slightly,slit,sparsely,specimen,stigma,strongly,style,tangled,testal,time,tip,tube,usually,vein,way,x,yellow							1.0,4.0-5.0,absent,appressed,articulation,basal,blue,bract,branching,breeding,broad-based,connective,coriaceous,distinct,eglandular,elliptic-oblong,elongating,enlarged,fork,forked,fully,hair,hermaphroditic,heteromorphism,inflated,insertion,interjected,interpetalar,leaflet,leathery,lower,marking,mature,membranous,modification,monochasial,multi-branched,multicellular,needle-like,none,odour,orientation,paired,pattern,pink,placement,plurifoliate,position,present,prickle,pseudostipule,purple,radially,rhizome,rotate,round,scale,simple-entire,smell,spot,staman,stellate,stone,structure,swollen,symmetric,symmetry,sympodial,system,tissue,tuber,unit,vegetative,xylopodia,zygomorphy	24.0	108.0	91.0	acute,apex,base,berry,black,branched,calyx,cell,cup-shaped,dendritic,fleshy,fruit,lilac,margin,mm,pedicel,pore,shrub,simple,surface,terminal,trichome,vine,woody	.5,0.2,0.5-1,0.75-1.5,1,1-1.2,1-1.5,1-3.5,1.2-1.5,1.3-2.5-5,1.6-2,1.9-3,1/3,11-14,15,2.5-5-12,3-4,4-6,4-7,5.5-6,50-100,6,7-10,8-10,<,abruptly,age,almost,anthesi,apparently,articulated,becoming,beginning,bifid,broad,brown,campanulate,capitate,chartaceous,cm,completely,connivent,cuneate,dark,diameter,dilated,drying,dull,ellipsoid,elliptic,entire,exserted,flattened-reniform,flower,glabrous,globose,herbarium,impressed,intramarginal,lax,leaving,lengthening,long,looping,loose,loosely,many,markedly,matte,minutely,multi-celled,na,narrowing,narrowly,near,nodding,occasionally,often,outline,papillate,peg,pitted,planar,poricidal,prominent,pubescent,reddish,revolute,round-rectangular,sagittate,shiny,sleeve,slender,slightly,slit,sparsely,specimen,strongly,tangled,testal,time,tip,tube,usually,vein,way,x,yellow	1.0,4.0-5.0,absent,anther,appressed,articulation,basal,blue,bract,branch,branching,breeding,broad-based,colour,connective,coriaceous,corolla,distinct,eglandular,elliptic-oblong,elongating,enlarged,filament,fork,forked,form,fruiting,fully,growth,hair,hermaphroditic,heteromorphism,inflated,inflorescence,insertion,interjected,interpetalar,leaf,leaflet,leathery,length,lower,marking,mature,membranous,modification,monochasial,multi-branched,multicellular,needle-like,none,odour,orientation,paired,pattern,petiole,pink,placement,plurifoliate,position,present,prickle,pseudostipule,purple,radially,rhizome,rotate,round,scale,shape,simple-entire,smell,spot,staman,stellate,stem,stone,structure,swollen,symmetric,symmetry,sympodial,system,texture,tissue,tuber,type,unit,vegetative,xylopodia,zygomorphy
435	wfo-0001031007	invalid_json_followup	NA	39	NA	42	110	73	acute,anther,apex,base,berry,black,branch,branched,calyx,colour,corolla,cup-shaped,dendritic,filament,fleshy,form,fruit,fruiting,growth,inflorescence,interjected,leaf,leaflet,length,lilac,margin,mm,pedicel,petiole,prickle,pseudostipule,shape,shrub,simple,stem,surface,terminal,texture,trichome,type,vine,woody	0.2,0.75-1.5,1,1-1.5,1-3.5,1.2-1.5,1.3-2.5-5,1.6-2,1.9-3,1/3,11-14,15,2.5-5-12,3-4,4-6,4.5-5,5,5.5-6,6,7-10,<,alfway,almost,anthesi,arrangement,bark,becoming,beginning,bifid,broad,brown,bud,c.,capitate,characteristic,chartaceous,cm,completely,corrugation,cuneate,dark,diameter,distal,drying,ellipsoid,elliptic,entire,exertion,exserted,flattened,glabrous,glabrousnes,globose,height,history,intramarginal,lateral,lax,life,lobe,lobed,lobing,long,looping,loose,many,midpoint,minutely,na,narrowly,near,new,number,occasionally,ovary,pal,peduncle,per,pitted,plant,poricidal,primary,prominent,pubescent,ray,reddish,reniform,revolute,sagittate,seed,shiny,size,slender,sparsely,stigma,strongly,style,tall,tangled,thicknes,time,tip,tube,usually,value,variation,vein,way,wide,width							1.0,4.0-5.0,absent,appressed,articulation,basal,blue,bract,branching,breeding,broad-based,cell,connective,coriaceous,distinct,eglandular,elliptic-oblong,elongating,enlarged,fork,forked,fully,hair,hermaphroditic,heteromorphism,inflated,insertion,interpetalar,leathery,lower,marking,mature,membranous,modification,monochasial,multi-branched,multicellular,needle-like,none,odour,orientation,paired,pattern,pink,placement,plurifoliate,pore,position,present,purple,radially,rhizome,rotate,round,scale,simple-entire,smell,spot,staman,stellate,stone,structure,swollen,symmetric,symmetry,sympodial,system,tissue,tuber,unit,vegetative,xylopodia,zygomorphy	42.0	110.0	73.0	acute,anther,apex,base,berry,black,branch,branched,calyx,colour,corolla,cup-shaped,dendritic,filament,fleshy,form,fruit,fruiting,growth,inflorescence,interjected,leaf,leaflet,length,lilac,margin,mm,pedicel,petiole,prickle,pseudostipule,shape,shrub,simple,stem,surface,terminal,texture,trichome,type,vine,woody	0.2,0.75-1.5,1,1-1.5,1-3.5,1.2-1.5,1.3-2.5-5,1.6-2,1.9-3,1/3,11-14,15,2.5-5-12,3-4,4-6,4.5-5,5,5.5-6,6,7-10,<,alfway,almost,anthesi,arrangement,bark,becoming,beginning,bifid,broad,brown,bud,c.,capitate,characteristic,chartaceous,cm,completely,corrugation,cuneate,dark,diameter,distal,drying,ellipsoid,elliptic,entire,exertion,exserted,flattened,glabrous,glabrousnes,globose,height,history,intramarginal,lateral,lax,life,lobe,lobed,lobing,long,looping,loose,many,midpoint,minutely,na,narrowly,near,new,number,occasionally,ovary,pal,peduncle,per,pitted,plant,poricidal,primary,prominent,pubescent,ray,reddish,reniform,revolute,sagittate,seed,shiny,size,slender,sparsely,stigma,strongly,style,tall,tangled,thicknes,time,tip,tube,usually,value,variation,vein,way,wide,width	1.0,4.0-5.0,absent,appressed,articulation,basal,blue,bract,branching,breeding,broad-based,cell,connective,coriaceous,distinct,eglandular,elliptic-oblong,elongating,enlarged,fork,forked,fully,hair,hermaphroditic,heteromorphism,inflated,insertion,interpetalar,leathery,lower,marking,mature,membranous,modification,monochasial,multi-branched,multicellular,needle-like,none,odour,orientation,paired,pattern,pink,placement,plurifoliate,pore,position,present,purple,radially,rhizome,rotate,round,scale,simple-entire,smell,spot,staman,stellate,stone,structure,swollen,symmetric,symmetry,sympodial,system,tissue,tuber,unit,vegetative,xylopodia,zygomorphy
436	wfo-0001031036	invalid_json_followup	NA	38	NA	39	106	66	acute,anther,apex,base,berry,calyx,colour,corolla,difoliate,filament,form,fruit,fruiting,geminate,green,growth,inflorescence,interjected,leaf,leaflet,length,margin,mm,pedicel,petiole,prickle,pseudostipule,shape,shrub,simple,stem,surface,sympodial,texture,trichome,type,unit,white,winged	.2,.25,.5,0.8-1,0.8-1.2,1-1.3,1-2.5,1.2-1.5,1.5-3,10-20-flowered,12-15,2-2.5,3-4,4.5-6.5,5-6,7-8,abaxially,acuminate,adaxially,along,angle,arrangement,axil,bark,becoming,bi-lobed,branch,broadly,brown,bud,characteristic,cm,conical,corrugation,crisped,dark,decurrent,dia,diameter,distal,dry,drying,ellipsoid,elliptic,exertion,exserted,filiform,flattened-reniform,glabrous,glabrousnes,globose,greenish-white,height,history,lateral,life,lobed,lobing,long,main,material,midpoint,minutely,na,nearly,new,number,oblique,older,onto,opposite,ovary,pair,papillose,peduncle,per,pitted,plant,pointed,poricidal,primary,ray,sagittate,seed,shiny,short,size,slightly,soon,stigma,strongly,style,tapering,terminal,thickened,thicknes,tip,tube,uniseriate,usually,value,variation,vein,width,x,yellowish							0.2,2.0-2.5,absent,appressed,articulation,asymmetric,basal,bract,branching,breeding,broad-based,cell,connective,discrete,distinct,eglandular,elliptic-oblong,enlarged,flat,fleshy,hair,heteromorphism,inflated,insertion,interpetalar,leaf-opposed,leathery,lower,marking,mature,membranous,modification,monochasial,multicellular,needle-like,non-geminate,none,odour,orientation,paired,pattern,placement,pore,position,present,radially,rhizome,round,scale,simple-entire,smell,spot,staman,stellate,stone,structure,swollen,symmetric,symmetry,system,tissue,tuber,unbranched,vegetative,xylopodia,zygomorphy	39.0	106.0	66.0	acute,anther,apex,base,berry,calyx,colour,corolla,difoliate,filament,form,fruit,fruiting,geminate,green,growth,inflorescence,interjected,leaf,leaflet,length,margin,mm,pedicel,petiole,prickle,pseudostipule,shape,shrub,simple,stem,surface,sympodial,texture,trichome,type,unit,white,winged	.2,.25,.5,0.8-1,0.8-1.2,1-1.3,1-2.5,1.2-1.5,1.5-3,10-20-flowered,12-15,2-2.5,3-4,4.5-6.5,5-6,7-8,abaxially,acuminate,adaxially,along,angle,arrangement,axil,bark,becoming,bi-lobed,branch,broadly,brown,bud,characteristic,cm,conical,corrugation,crisped,dark,decurrent,dia,diameter,distal,dry,drying,ellipsoid,elliptic,exertion,exserted,filiform,flattened-reniform,glabrous,glabrousnes,globose,greenish-white,height,history,lateral,life,lobed,lobing,long,main,material,midpoint,minutely,na,nearly,new,number,oblique,older,onto,opposite,ovary,pair,papillose,peduncle,per,pitted,plant,pointed,poricidal,primary,ray,sagittate,seed,shiny,short,size,slightly,soon,stigma,strongly,style,tapering,terminal,thickened,thicknes,tip,tube,uniseriate,usually,value,variation,vein,width,x,yellowish	0.2,2.0-2.5,absent,appressed,articulation,asymmetric,basal,bract,branching,breeding,broad-based,cell,connective,discrete,distinct,eglandular,elliptic-oblong,enlarged,flat,fleshy,hair,heteromorphism,inflated,insertion,interpetalar,leaf-opposed,leathery,lower,marking,mature,membranous,modification,monochasial,multicellular,needle-like,non-geminate,none,odour,orientation,paired,pattern,placement,pore,position,present,radially,rhizome,round,scale,simple-entire,smell,spot,staman,stellate,stone,structure,swollen,symmetric,symmetry,system,tissue,tuber,unbranched,vegetative,xylopodia,zygomorphy
437	wfo-0001031064	success	45	40	8	36	96	74	anther,apex,base,berry,calyx,colour,corolla,filament,fleshy,form,fruit,fruiting,green,growth,inflorescence,interjected,leaf,leaflet,length,lower,margin,mm,pedicel,petiole,prickle,pseudostipule,purple,shape,shrub,simple,stem,surface,texture,trichome,type,white	.0-2.5,0,0.5-0.7,1-1.2,1-2,1-3,1.2,10-12,10-17,2.5-3,3,3-7,3.5-4,5-6,6-16,7-16,abaxially,acuminate,appearance,arising,arrangement,attenuate,axil,bark,border,branch,bright,bud,characteristic,clavate,cm,completely,conical,corrugation,densely,diameter,distal,drying,elongate,exertion,giving,glabrous,glabrousnes,globose,half,height,history,lateral,life,lightly,lobe,lobed,lobing,midpoint,minute,minutely,na,nearly,new,nodding,number,obovate,occasionally,ovary,ovate,ovoid-reniform,peduncle,per,perennial,pinnate,plant,poricidal,primary,pubescent,rachi,ray,rugose,scattered,seed,short-pubescent,single,size,somewhat,sparsely,stigma,style,terminal,thicknes,tip,translucent,tube,uniseriate,variation,vein,width,x							0.5,2.5-3.0,absent,acute,appressed,articulation,axillary,basal,blue,bract,branching,breeding,broad-based,cell,compound-entire,connective,distinct,eglandular,elliptic-oblong,elongating,enlarged,flat,forked,fully,hair,herb,hermaphroditic,heteromorphism,inflated,insertion,interpetalar,leathery,lilac,marking,mature,membranous,modification,monochasial,multi-branched,multicellular,needle-like,none,odour,orientation,paired,pattern,pink,placement,pointed,pore,position,radially,rhizome,scale,small,smell,spot,staman,stellate,stone,structure,swollen,symmetric,symmetry,sympodial,system,tissue,tuber,unbranched,unifoliate,unit,vegetative,xylopodia,zygomorphy	12.0	57.0	98.0	base,berry,fleshy,green,leaf,lower,mm,purple,shrub,simple,trichome,white	.0-2.5,0,0.5-0.7,1-1.2,1-2,1-3,1.2,10-12,10-17,2.5-3,3,3-7,3.5-4,5-6,6-16,7-16,abaxially,acuminate,arising,attenuate,axil,bright,clavate,cm,completely,conical,densely,elongate,glabrous,globose,half,lightly,lobed,minute,minutely,na,nearly,nodding,obovate,occasionally,ovate,ovoid-reniform,perennial,pinnate,poricidal,pubescent,rachi,rugose,scattered,short-pubescent,single,somewhat,sparsely,tip,translucent,uniseriate,x	0.5,2.5-3.0,absent,acute,anther,apex,appressed,articulation,axillary,basal,blue,bract,branching,breeding,broad-based,calyx,cell,colour,compound-entire,connective,corolla,distinct,eglandular,elliptic-oblong,elongating,enlarged,filament,flat,forked,form,fruit,fruiting,fully,growth,hair,herb,hermaphroditic,heteromorphism,inflated,inflorescence,insertion,interjected,interpetalar,leaflet,leathery,length,lilac,margin,marking,mature,membranous,modification,monochasial,multi-branched,multicellular,needle-like,none,odour,orientation,paired,pattern,pedicel,petiole,pink,placement,pointed,pore,position,prickle,pseudostipule,radially,rhizome,scale,shape,small,smell,spot,staman,stellate,stem,stone,structure,surface,swollen,symmetric,symmetry,sympodial,system,texture,tissue,tuber,type,unbranched,unifoliate,unit,vegetative,xylopodia,zygomorphy
438	wfo-0001031071	success	43	40	9	39	94	73	anther,apex,base,berry,blue,branch,calyx,colour,coriaceous,corolla,distal,filament,forked,form,fruit,green,growth,herb,inflorescence,interjected,leaf,leaflet,length,lilac,margin,mm,pedicel,petiole,prickle,pseudostipule,purple,round,shape,spot,stem,surface,terminal,texture,type	0-10,0.2-0.8,1-1.5,1-2,1.5-2.2,2-8,2.1-3,2.4-3.4,3-10,3.8-5.4,4-6,5-9.4,5.7-8.8,6-8,7-16.5,8-28,abaxially,acute,adaxially,appearance,arrangement,axillary,bark,border,brownish,bud,capitate,characteristic,clavate,cm,color,condition,corrugation,dark,deep,diameter,drying,elliptic,exertion,fresh,generally,giving,glabrous,glabrousnes,globose,green-white,greenish,half,height,history,lanceolate,lateral,life,lobe,lobing,long,medium,midpoint,mucilaginous,na,narrowly,new,number,odd-pinnate,ovary,ovate,ovoid,peduncle,per,petiolulate,plant,primary,ray,seed,sessile,short,size,star,stigma,style,subtending,thicknes,throughout,tube,typically,usually,variation,vein,wet,white,whitish,width,winged,x							1.0-2.0,1/2,4.0-6.0,absent,appressed,articulation,asymmetric,black,bract,branching,breeding,broad-based,cell,compound-entire,connective,cordate,distinct,elliptic-oblong,elongating,enlarged,flat,fleshy,fork,fruiting,fully,hair,hermaphroditic,heteromorphism,inflated,insertion,interpetalar,leathery,lower,marking,mature,modification,monochasial,needle-like,none,odour,orientation,paired,pattern,pink,placement,plurifoliate,pore,position,present,present-pair,radially,rhizome,rotate,rounded,scale,smell,staman,stellate,stone,structure,swollen,symmetric,symmetry,sympodial,system,tissue,trichome,trifoliate,tuber,unit,vegetative,xylopodia,zygomorphy	13.0	62.0	99.0	berry,blue,coriaceous,distal,forked,green,herb,lilac,mm,purple,round,spot,terminal	0-10,0.2-0.8,1-1.5,1-2,1.5-2.2,2-8,2.1-3,2.4-3.4,3-10,3.8-5.4,4-6,5-9.4,5.7-8.8,6-8,7-16.5,8-28,abaxially,acute,adaxially,axillary,brownish,bud,capitate,clavate,cm,color,condition,dark,deep,diameter,drying,elliptic,fresh,generally,glabrous,globose,green-white,greenish,half,lanceolate,long,medium,mucilaginous,na,narrowly,odd-pinnate,ovate,ovoid,petiolulate,plant,sessile,short,star,subtending,throughout,typically,usually,wet,white,whitish,winged,x	1.0-2.0,1/2,4.0-6.0,absent,anther,apex,appressed,articulation,asymmetric,base,black,bract,branch,branching,breeding,broad-based,calyx,cell,colour,compound-entire,connective,cordate,corolla,distinct,elliptic-oblong,elongating,enlarged,filament,flat,fleshy,fork,form,fruit,fruiting,fully,growth,hair,hermaphroditic,heteromorphism,inflated,inflorescence,insertion,interjected,interpetalar,leaf,leaflet,leathery,length,lower,margin,marking,mature,modification,monochasial,needle-like,none,odour,orientation,paired,pattern,pedicel,petiole,pink,placement,plurifoliate,pore,position,present,present-pair,prickle,pseudostipule,radially,rhizome,rotate,rounded,scale,shape,smell,staman,stellate,stem,stone,structure,surface,swollen,symmetric,symmetry,sympodial,system,texture,tissue,trichome,trifoliate,tuber,type,unit,vegetative,xylopodia,zygomorphy
439	wfo-0001031097	success	36	40	8	34	96	84	acute,anther,apex,base,branch,calyx,colour,corolla,distal,filament,form,fruit,green,growth,inflorescence,interjected,leaf,leaflet,length,margin,mm,monochasial,ovoid,pedicel,petiole,prickle,pseudostipule,purple,shape,stem,surface,terminal,texture,type	0.45,1,1-4,1-4.5,1.6-5.5,1.8-2.5,1.8-2.6,13-30,2,2-3.3,3-5,3.5-6,3.7-8.4,4-6,5-11,5-9,8-11,9-21,abaxial,abaxially,acuminate,adaxially,along,appearance,arrangement,articulate,bark,border,branched,bud,characteristic,cm,corrugation,cuneate,cyme,darker,deep,diameter,dichasial,dichasially,dotted,drying,ebracteate,edge,elliptical,exertion,giving,glabrousnes,globose,green-white,height,herbaceous,history,lateral,life,light,lighter,lobe,lobing,long,medium,midpoint,mottled,na,narrow,new,number,oblique,obovate,odd-pinnate,ovary,ovate,peduncle,per,perennial,plant,primary,puberulent,pubescent,rarely,ray,seed,side,size,stigma,strigose,style,thicknes,throughout,tube,variation,vein,violet,violet-blue,wide,width							1.0-2.0,1/2,1/4-1/2,4.0-6.0,absent,appressed,articulation,asymmetric,basal,berry,blue,bract,branching,breeding,broad-based,cell,compound-entire,connective,cordate,distinct,eglandular,elliptic-oblong,elongating,enlarged,flat,fleshy,fork,forked,fruiting,fully,hair,herb,hermaphroditic,heteromorphism,inflated,insertion,interpetalar,leathery,lilac,lower,marking,mature,membranous,modification,multi-branched,multicellular,needle-like,none,odour,orientation,paired,pattern,pink,placement,plurifoliate,pore,position,present,present-pair,radially,rhizome,rotate,rounded,scale,simple,smell,spot,staman,stellate,stone,structure,swollen,symmetric,symmetry,sympodial,system,tissue,trichome,trifoliate,tuber,unit,vegetative,xylopodia,zygomorphy	7.0	60.0	111.0	acute,green,margin,mm,monochasial,ovoid,purple	0.45,1,1-4,1-4.5,1.6-5.5,1.8-2.5,1.8-2.6,13-30,2,2-3.3,3-5,3.5-6,3.7-8.4,4-6,5-11,5-9,8-11,9-21,abaxial,abaxially,acuminate,adaxially,along,articulate,branched,cm,cuneate,cyme,darker,deep,dichasial,dichasially,dotted,ebracteate,edge,elliptical,globose,green-white,herbaceous,light,lighter,long,medium,mottled,na,narrow,oblique,obovate,odd-pinnate,ovate,perennial,puberulent,pubescent,rarely,side,strigose,throughout,violet,violet-blue,wide	1.0-2.0,1/2,1/4-1/2,4.0-6.0,absent,anther,apex,appressed,articulation,asymmetric,basal,base,berry,blue,bract,branch,branching,breeding,broad-based,calyx,cell,colour,compound-entire,connective,cordate,corolla,distal,distinct,eglandular,elliptic-oblong,elongating,enlarged,filament,flat,fleshy,fork,forked,form,fruit,fruiting,fully,growth,hair,herb,hermaphroditic,heteromorphism,inflated,inflorescence,insertion,interjected,interpetalar,leaf,leaflet,leathery,length,lilac,lower,marking,mature,membranous,modification,multi-branched,multicellular,needle-like,none,odour,orientation,paired,pattern,pedicel,petiole,pink,placement,plurifoliate,pore,position,present,present-pair,prickle,pseudostipule,radially,rhizome,rotate,rounded,scale,shape,simple,smell,spot,staman,stellate,stem,stone,structure,surface,swollen,symmetric,symmetry,sympodial,system,terminal,texture,tissue,trichome,trifoliate,tuber,type,unit,vegetative,xylopodia,zygomorphy
440	wfo-0001031101	success	45	39	7	34	106	83	anther,apex,base,berry,branch,calyx,colour,corolla,filament,form,fruit,fruiting,growth,hair,inflorescence,leaf,length,margin,membranous,mm,pedicel,petiole,red,rounded,shape,shrub,stellate,stem,surface,terminal,texture,trichome,type,white	-5,-8,/2,0.3-0.5,0.5-0.8,0.5-3,0.6-0.8-1,0.8-1-2.3,1-2,1-2-5-8,1.3-2,1.3-2.5,1.4-1.7,1/4-1/2,2-2.8,2-6,2.5-3.5,2.5-3.8,2.5-4-10-16,3-15,4-7,5-6,abaxially,acuminate,almost,apical,apically,apparently,arrangement,articulated,bark,branched,bright,characteristic,cm,concolorous,deltate,diameter,drying,dull,entire,erect,evenly,exertion,filiform,flattened-reniform,glabrescent,glabrous,glabrousnes,glandular,green,green-brown,height,history,lateral,life,lobed,lobing,long,long-acuminate,long-acute,maturity,mauve,minute,moderately,na,narrow-deltate,near,new,obtuse,often,orange-brown,orange-red,ovary,ovate,pair,pale,peduncle,perennial,plant,poricidal,primary,red-brown,resembling,seed,simple,size,sparsely,spherical,spreading,stellate-pubescent,stigma,straight,style,tapering,terete,tip,tube,umbel,unarmed,vein,way,wide,yellow,yellow-green,young							0.7-0.8,3.5-4.5,absent,absent-inflorescence,absent-leaf,absent-stem,appressed,articulation,basal,blue,bract,branching,breeding,broad-based,cell,connective,cuneate,dichasial,difoliate,discrete,distinct,eglandular,enlarged,flat,fleshy,fork,forked,fully,hermaphroditic,heteromorphism,inflated,insertion,interjected,internodal,interpetalar,leaflet,leathery,lilac,lower,marking,mature,modification,multi-branched,needle-like,non-geminate,none,odour,orange,orientation,paired,pattern,pink,placement,pore,position,present,prickle,pseudostipule,purple,radially,rhizome,round,scale,simple-entire,smell,spot,staman,stone,structure,swollen,symmetric,symmetry,sympodial,system,tapered-lanceolate,tissue,tuber,unit,vegetative,vine,woody,xylopodia,zygomorphy	12.0	85.0	105.0	base,berry,hair,membranous,mm,red,rounded,shrub,stellate,terminal,trichome,white	-5,-8,/2,0.3-0.5,0.5-0.8,0.5-3,0.6-0.8-1,0.8-1-2.3,1-2,1-2-5-8,1.3-2,1.3-2.5,1.4-1.7,1/4-1/2,2-2.8,2-6,2.5-3.5,2.5-3.8,2.5-4-10-16,3-15,4-7,5-6,abaxially,acuminate,almost,apical,apically,apparently,articulated,branched,bright,cm,concolorous,deltate,diameter,dull,entire,erect,evenly,filiform,flattened-reniform,glabrescent,glabrous,glandular,green,green-brown,lateral,lobed,long,long-acuminate,long-acute,maturity,mauve,minute,moderately,na,narrow-deltate,near,obtuse,often,orange-brown,orange-red,ovate,pair,pale,perennial,poricidal,red-brown,resembling,simple,sparsely,spherical,spreading,stellate-pubescent,straight,tapering,terete,tip,umbel,unarmed,way,wide,yellow,yellow-green,young	0.7-0.8,3.5-4.5,absent,absent-inflorescence,absent-leaf,absent-stem,anther,apex,appressed,articulation,basal,blue,bract,branch,branching,breeding,broad-based,calyx,cell,colour,connective,corolla,cuneate,dichasial,difoliate,discrete,distinct,eglandular,enlarged,filament,flat,fleshy,fork,forked,form,fruit,fruiting,fully,growth,hermaphroditic,heteromorphism,inflated,inflorescence,insertion,interjected,internodal,interpetalar,leaf,leaflet,leathery,length,lilac,lower,margin,marking,mature,modification,multi-branched,needle-like,non-geminate,none,odour,orange,orientation,paired,pattern,pedicel,petiole,pink,placement,pore,position,present,prickle,pseudostipule,purple,radially,rhizome,round,scale,shape,simple-entire,smell,spot,staman,stem,stone,structure,surface,swollen,symmetric,symmetry,sympodial,system,tapered-lanceolate,texture,tissue,tuber,type,unit,vegetative,vine,woody,xylopodia,zygomorphy
441	wfo-0001031114	success	52	38	8	38	117	74	anther,apex,base,berry,calyx,colour,corolla,filament,fleshy,form,fruit,growth,hair,inflorescence,interjected,leaf,leaflet,length,margin,mm,pedicel,petiole,prickle,pseudostipule,purple,rounded,shape,shrub,stellate,stem,surface,terminal,texture,tree,truncate,type,white,yellow	.2,.5,0-0.3,0.5,0.5-1,0.7-1.5,0.8-1.2,1-10,1-2,1-7,2-17,2-3,2-4,2-7,2.5-3,2/3,25-50,3-10,3-4,3-5,4-10,4-8,4.5-6,5-10,5-8,6-7,abaxially,acuminate,acute,adaxially,appearance,arrangement,becoming,border,branched,brown,capitate,characteristic,chartaceous,cm,connivent,cylindrical,dark,deltate,densely,diameter,distal,echinoid,elliptic-ovate,entire,erect,especially,first,flattened,flower,giving,glabrous,globose,green,height,history,impressed,lateral,leaf-opposed,life,light,lobe,lobing,long,midpoint,multangulate,na,nodding,number,oblong,obtuse,outline,ovary,ovate,peduncle,per,perennial,plant,porrect,primary,prominent,pubescent,ray,reniform,ripe,rugulose,seed,short,simple,size,small,sparsely,stellate-pubescent,stigma,straight,strongly,style,subcoriaceous,subcuneate,thickened,thicknes,tip,toward,triangular,tube,variation,vein,white-pubescent,white-stellate,width,x,yellowish							0.0-0.1,2.0-3.0,absent,appressed,articulation,basal,black,bract,branch,branching,breeding,broad-based,cell,connective,coriaceous,cuneate,difoliate,distinct,eglandular,elliptic-oblong,elongating,enlarged,flat,fork,forked,fruiting,fully,geminate,hermaphroditic,heteromorphism,inflated,insertion,interpetalar,leathery,lepidote,lower,marking,mature,membranous,modification,multi-branched,needle-like,none,odour,orientation,paired,pattern,placement,plurifoliate,pore,position,present,radially,rhizome,round,scale,simple-entire,smell,spot,staman,stone,structure,swollen,symmetric,symmetry,sympodial,system,tissue,trichome,tuber,unit,vegetative,xylopodia,zygomorphy	16.0	91.0	96.0	apex,base,berry,fleshy,fruit,hair,margin,mm,purple,rounded,shrub,stellate,tree,truncate,white,yellow	.2,.5,0-0.3,0.5,0.5-1,0.7-1.5,0.8-1.2,1-10,1-2,1-7,2-17,2-3,2-4,2-7,2.5-3,2/3,25-50,3-10,3-4,3-5,4-10,4-8,4.5-6,5-10,5-8,6-7,abaxially,acuminate,acute,adaxially,becoming,branched,brown,capitate,chartaceous,cm,connivent,cylindrical,dark,deltate,densely,diameter,distal,echinoid,elliptic-ovate,entire,erect,especially,first,flattened,flower,glabrous,globose,green,impressed,leaf-opposed,light,lobe,long,multangulate,na,nodding,oblong,obtuse,outline,ovate,perennial,porrect,prominent,pubescent,reniform,ripe,rugulose,short,simple,small,sparsely,stellate-pubescent,straight,strongly,subcoriaceous,subcuneate,thickened,tip,toward,triangular,tube,white-pubescent,white-stellate,x,yellowish	0.0-0.1,2.0-3.0,absent,anther,appressed,articulation,basal,black,bract,branch,branching,breeding,broad-based,calyx,cell,colour,connective,coriaceous,corolla,cuneate,difoliate,distinct,eglandular,elliptic-oblong,elongating,enlarged,filament,flat,fork,forked,form,fruiting,fully,geminate,growth,hermaphroditic,heteromorphism,inflated,inflorescence,insertion,interjected,interpetalar,leaf,leaflet,leathery,length,lepidote,lower,marking,mature,membranous,modification,multi-branched,needle-like,none,odour,orientation,paired,pattern,pedicel,petiole,placement,plurifoliate,pore,position,present,prickle,pseudostipule,radially,rhizome,round,scale,shape,simple-entire,smell,spot,staman,stem,stone,structure,surface,swollen,symmetric,symmetry,sympodial,system,terminal,texture,tissue,trichome,tuber,type,unit,vegetative,xylopodia,zygomorphy
442	wfo-0001031116	invalid_json_followup	NA	39	NA	37	128	77	anther,apex,base,berry,branching,bristle,calyx,colour,corolla,filament,flat,form,fruit,fruiting,growth,inflorescence,leaf,leaflet,length,lower,margin,membranous,mm,pedicel,petiole,prickle,pseudostipule,rounded,shape,shrub,stellate,stem,surface,texture,tree,trichome,type	.5,.8,/4,0-10,0.05-0.15,0.3-0.5,0.7-0.9,0.7-1,1-5,1/2,1/3-2/3,2-5,2.7-3.2,3.5-4,30-100,4-10,4-7,5,8-11,9-13,abaxial,abaxially,acuminate,adaxial,almost,ame,apically,apparently,arrangement,articulated,attenuate,bark,branch,broad-deltate,brown,c.,caudate,character,characteristic,cm,collapsed,connivent,densely,diameter,discolorous,distal,drying,dull,elliptic,epidermi,erect,evenly,exertion,flattened-reniform,flower,fragile,glabrescent,glabrous,glabrousnes,glaucous-green,green,height,history,lateral,life,lobe,lobing,long,maturity,mauve,midpoint,moderately,multangulate,na,narrow-deltate,new,number,obovate,obtuse,often,orange-brown,orange-red,ovary,pair,peduncle,per,perennial,plant,poricidal,primary,ray,recurved,red-brown,reflexed,secondary,seed,sessile,sharply,shortly,simple,size,slender,small,soft,sometimes,sparsely,spherical,stalked,stellate-pubescent,straight,style,subentire,tapering,terminal,thicknes,tip,tube,unarmed,upper,value,variation,vein,way,weakly,wide,width,yellow,young							0.5,3.5-4.0,absent,absent-inflorescence,absent-leaf,absent-stem,appressed,articulation,asymmetric,basal,blue,bract,breeding,broad-based,cell,connective,dichasial,discrete,distinct,eglandular,enlarged,fleshy,forked,fully,hair,hermaphroditic,heteromorphism,inflated,insertion,interjected,internodal,interpetalar,leathery,lilac,marking,mature,modification,multi-branched,needle-like,none,odour,orange,orientation,paired,pattern,pink,placement,plurifoliate,pore,position,present,purple,radially,red,rhizome,round,scale,simple-entire,smell,spot,staman,stone,straw-like,structure,swollen,symmetric,symmetry,sympodial,system,tapered-lanceolate,thick,tissue,tuber,unit,vegetative,xylopodia,zygomorphy	37.0	128.0	77.0	anther,apex,base,berry,branching,bristle,calyx,colour,corolla,filament,flat,form,fruit,fruiting,growth,inflorescence,leaf,leaflet,length,lower,margin,membranous,mm,pedicel,petiole,prickle,pseudostipule,rounded,shape,shrub,stellate,stem,surface,texture,tree,trichome,type	.5,.8,/4,0-10,0.05-0.15,0.3-0.5,0.7-0.9,0.7-1,1-5,1/2,1/3-2/3,2-5,2.7-3.2,3.5-4,30-100,4-10,4-7,5,8-11,9-13,abaxial,abaxially,acuminate,adaxial,almost,ame,apically,apparently,arrangement,articulated,attenuate,bark,branch,broad-deltate,brown,c.,caudate,character,characteristic,cm,collapsed,connivent,densely,diameter,discolorous,distal,drying,dull,elliptic,epidermi,erect,evenly,exertion,flattened-reniform,flower,fragile,glabrescent,glabrous,glabrousnes,glaucous-green,green,height,history,lateral,life,lobe,lobing,long,maturity,mauve,midpoint,moderately,multangulate,na,narrow-deltate,new,number,obovate,obtuse,often,orange-brown,orange-red,ovary,pair,peduncle,per,perennial,plant,poricidal,primary,ray,recurved,red-brown,reflexed,secondary,seed,sessile,sharply,shortly,simple,size,slender,small,soft,sometimes,sparsely,spherical,stalked,stellate-pubescent,straight,style,subentire,tapering,terminal,thicknes,tip,tube,unarmed,upper,value,variation,vein,way,weakly,wide,width,yellow,young	0.5,3.5-4.0,absent,absent-inflorescence,absent-leaf,absent-stem,appressed,articulation,asymmetric,basal,blue,bract,breeding,broad-based,cell,connective,dichasial,discrete,distinct,eglandular,enlarged,fleshy,forked,fully,hair,hermaphroditic,heteromorphism,inflated,insertion,interjected,internodal,interpetalar,leathery,lilac,marking,mature,modification,multi-branched,needle-like,none,odour,orange,orientation,paired,pattern,pink,placement,plurifoliate,pore,position,present,purple,radially,red,rhizome,round,scale,simple-entire,smell,spot,staman,stone,straw-like,structure,swollen,symmetric,symmetry,sympodial,system,tapered-lanceolate,thick,tissue,tuber,unit,vegetative,xylopodia,zygomorphy
443	wfo-0001031128	success	44	39	7	39	99	82	0.5-0.8,anther,apex,base,berry,branch,bristle,calyx,colour,corolla,cuneate,filament,form,fruit,fruiting,glandular,growth,hair,inflorescence,leaf,length,lower,margin,membranous,mm,pedicel,petiole,red,shape,shrub,simple,stellate,stem,surface,terminal,texture,trichome,type,white	/4,0-10,0.3-0.8,0.5-0.7,0.6-1,0.8-1.7,1-1.6,1-6.5,1.2-2,1.5-3,1/3,2-9.5,20-60-100,3-4,3.5-4.5,4-7,5-19,8-12,8-23,almost,apparently,arrangement,articulated,bark,branched,brown,characteristic,cm,concolorous,connivent,densely,diameter,drying,dull,elliptic,entire,erect,evenly,exertion,filiform,flattened-reniform,glabrescent,glabrous,glabrousnes,gray,green,height,history,lateral,life,lobed,lobing,long,long-acuminate,maturity,mauve,minute,moderately,multangulate,narrow-deltate,near,new,orange-brown,ovary,pair,pale,peduncle,perennial,plant,poricidal,primary,purple-black,recurved,red-brown,reflexed,seed,sessile,shallowly,short-attenuate,size,soft,spherical,spreading,stalked,stellate-pubescent,straight,style,tapering,tip,tube,unarmed,undulate,variously,vein,way,wide,yellow,yellow-green,young							2.3-4.5,absent,absent-inflorescence,absent-leaf,absent-stem,acute,andromonoecious,appressed,articulation,basal,black,blue,bract,branching,breeding,broad-based,cell,connective,dichasial,discrete,distinct,eglandular,enlarged,flat,fleshy,fork,fully,hermaphroditic,heteromorphism,inflated,insertion,interjected,internodal,interpetalar,leaflet,leathery,lilac,marking,mature,modification,multi-branched,multicellular,needle-like,none,odour,orange,orientation,paired,pattern,pink,placement,plurifoliate,pore,position,present,prickle,pseudostipule,purple,radially,rhizome,round,scale,simple-entire,smell,spot,staman,stone,straw-like,structure,swollen,symmetric,symmetry,sympodial,system,tapered-lanceolate,thick,tissue,tuber,unit,vegetative,xylopodia,zygomorphy	18.0	80.0	103.0	0.5-0.8,apex,base,berry,bristle,cuneate,glandular,hair,lower,membranous,mm,red,shrub,simple,stellate,terminal,trichome,white	/4,0-10,0.3-0.8,0.5-0.7,0.6-1,0.8-1.7,1-1.6,1-6.5,1.2-2,1.5-3,1/3,2-9.5,20-60-100,3-4,3.5-4.5,4-7,5-19,8-12,8-23,almost,apparently,articulated,branched,brown,cm,concolorous,connivent,densely,diameter,drying,dull,elliptic,entire,erect,evenly,filiform,flattened-reniform,glabrescent,glabrous,gray,green,lateral,lobed,long,long-acuminate,maturity,mauve,minute,moderately,multangulate,narrow-deltate,near,orange-brown,pair,pale,perennial,poricidal,purple-black,recurved,red-brown,reflexed,sessile,shallowly,short-attenuate,soft,spherical,spreading,stalked,stellate-pubescent,straight,tapering,tip,unarmed,undulate,variously,way,wide,yellow,yellow-green,young	2.3-4.5,absent,absent-inflorescence,absent-leaf,absent-stem,acute,andromonoecious,anther,appressed,articulation,basal,black,blue,bract,branch,branching,breeding,broad-based,calyx,cell,colour,connective,corolla,dichasial,discrete,distinct,eglandular,enlarged,filament,flat,fleshy,fork,form,fruit,fruiting,fully,growth,hermaphroditic,heteromorphism,inflated,inflorescence,insertion,interjected,internodal,interpetalar,leaf,leaflet,leathery,length,lilac,margin,marking,mature,modification,multi-branched,multicellular,needle-like,none,odour,orange,orientation,paired,pattern,pedicel,petiole,pink,placement,plurifoliate,pore,position,present,prickle,pseudostipule,purple,radially,rhizome,round,scale,shape,simple-entire,smell,spot,staman,stem,stone,straw-like,structure,surface,swollen,symmetric,symmetry,sympodial,system,tapered-lanceolate,texture,thick,tissue,tuber,type,unit,vegetative,xylopodia,zygomorphy
444	wfo-0001031135	invalid_json_followup	NA	38	NA	41	106	74	anther,apex,base,branch,calyx,colour,cordate,corolla,filament,form,fruit,fruiting,fusiform,green,growth,hair,inflorescence,interjected,leaf,leaflet,length,margin,mm,ovoid,pedicel,petiole,pink,prickle,pseudostipule,purple,shape,shrub,simple,stem,surface,terminal,texture,tree,type,unbranched,white	0-2,0.7-2,1-1.5,1-10,1-3,1.5-2,1.5-3,10-20,2,2-2.5,2-23,2-3.5,2-4,2-5-9-pinnate,2.5-28,3-4,3.5-12,5-30,abaxially,acuminate,acute,adaxially,adpressed,also,arrangement,bark,basal,beyond,biglandular,bud,characteristic,cm,compound,corrugation,cuneate,cylindrical,darker,deflexed,deltate,densely,diameter,distal,drying,ellipsoidal,entire,exertion,exserted,fading,flattened,flower,frequently,glabrousnes,height,history,lateral,life,light,lobe,lobed,lobing,long,longitudinal,midpoint,moderately,na,new,number,obconical,oblong,obtuse,often,ovary,peduncle,peltiform,per,perennial,pilose,pinnately,pinnatifid,plant,primary,puberulent,pubescent,ray,ripe,seed,size,sparsely,stamen,stigma,stripe,style,thicknes,tip,triangular,truncate,tube,unlobed,value,variation,vein,whitish,width,x,yellow-green,yellowish							4.0-5.0,absent,appressed,articulation,berry,blue,bract,branching,breeding,broad-based,campanulate,cell,compound-entire,connective,coriaceous,dendritic,discrete,distinct,eglandular,ellipsoid,elliptic-oblong,enlarged,flat,fleshy,fork,fully,hermaphroditic,heteromorphism,inflated,insertion,internodal,interpetalar,leathery,lilac,lower,marking,mature,modification,multicellular,near-basal,needle-like,none,odour,orientation,paired,pattern,placement,plurifoliate,pore,position,present,radially,rhizome,scale,simple-entire,simple-lobed,smell,spot,staman,stellate,stone,structure,swollen,symmetric,symmetry,sympodial,system,tissue,trichome,tuber,unit,vegetative,xylopodia,zygomorphy	41.0	106.0	74.0	anther,apex,base,branch,calyx,colour,cordate,corolla,filament,form,fruit,fruiting,fusiform,green,growth,hair,inflorescence,interjected,leaf,leaflet,length,margin,mm,ovoid,pedicel,petiole,pink,prickle,pseudostipule,purple,shape,shrub,simple,stem,surface,terminal,texture,tree,type,unbranched,white	0-2,0.7-2,1-1.5,1-10,1-3,1.5-2,1.5-3,10-20,2,2-2.5,2-23,2-3.5,2-4,2-5-9-pinnate,2.5-28,3-4,3.5-12,5-30,abaxially,acuminate,acute,adaxially,adpressed,also,arrangement,bark,basal,beyond,biglandular,bud,characteristic,cm,compound,corrugation,cuneate,cylindrical,darker,deflexed,deltate,densely,diameter,distal,drying,ellipsoidal,entire,exertion,exserted,fading,flattened,flower,frequently,glabrousnes,height,history,lateral,life,light,lobe,lobed,lobing,long,longitudinal,midpoint,moderately,na,new,number,obconical,oblong,obtuse,often,ovary,peduncle,peltiform,per,perennial,pilose,pinnately,pinnatifid,plant,primary,puberulent,pubescent,ray,ripe,seed,size,sparsely,stamen,stigma,stripe,style,thicknes,tip,triangular,truncate,tube,unlobed,value,variation,vein,whitish,width,x,yellow-green,yellowish	4.0-5.0,absent,appressed,articulation,berry,blue,bract,branching,breeding,broad-based,campanulate,cell,compound-entire,connective,coriaceous,dendritic,discrete,distinct,eglandular,ellipsoid,elliptic-oblong,enlarged,flat,fleshy,fork,fully,hermaphroditic,heteromorphism,inflated,insertion,internodal,interpetalar,leathery,lilac,lower,marking,mature,modification,multicellular,near-basal,needle-like,none,odour,orientation,paired,pattern,placement,plurifoliate,pore,position,present,radially,rhizome,scale,simple-entire,simple-lobed,smell,spot,staman,stellate,stone,structure,swollen,symmetric,symmetry,sympodial,system,tissue,trichome,tuber,unit,vegetative,xylopodia,zygomorphy
445	wfo-0001031144	success	45	39	7	39	122	81	2,acute,anther,apex,asymmetric,base,berry,branch,calyx,colour,cordate,corolla,filament,form,fruit,fruiting,growth,inflated,inflorescence,leaf,leaflet,length,lobe,margin,mm,pedicel,petiole,red,shape,simple,stem,surface,terminal,texture,trichome,truncate,type,vine,woody	.2,.5,0.2,0.8-1.4,1-2-9-11,1-4,1.1-2.5,100,2-3,2-3.5-10-13,2.5-3,2/3,25,3-7,4,4-20,4-4.5,4-6,5,6,7-10,<,acuminate,adaxially,anthesi,apiculae,arrangement,articulated,axi,bark,basiscopically,bright,broadly,brown,bud,capitate,characteristic,cm,commonly,connivent,corrugation,diameter,divaricate,drying,ellipsoid,elliptic,entire,exertion,exserted,flattened,flattened-reniform,flower,glabrous,glabrousnes,globose,groove,height,history,later,lateral,leaving,less,life,like,lobed,lobing,long,loosely,many,mere,minute,minutely,na,new,number,oblique,occasionally,often,open,outline,ovary,pair,pale,papillose,peduncle,peg,per,pinnately,pinnatifid,pitted,plant,primary,pubescent,reddish,rim,ripe,seed,shiny,size,sleeve,slightly,small,smaller,sparsely,stigma,strongly,style,tan,terete,tiny,triangular,tube,uniseriate,upper,usually,vein,violet,way,white,x,yellowish,½							2.0-3.0,absent,appressed,articulation,basal,blue,bract,branching,breeding,broad-based,cell,connective,cup-shaped,discrete,distinct,eglandular,elliptic-oblong,enlarged,fleshy,fork,forked,fully,hair,hermaphroditic,heteromorphism,insertion,interjected,internodal,interpetalar,leathery,lilac,lower,marking,mature,membranous,modification,monochasial,multi-branched,multicellular,needle-like,none,odour,orange,orientation,paired,pattern,pink,placement,plurifoliate,pore,position,present,prickle,pseudostipule,purple,radially,rhizome,rotate,round,rounded,scale,simple-entire,simple-lobed,simple-pinnatifid,smell,spot,staman,stellate,stone,structure,swollen,symmetric,symmetry,sympodial,system,tissue,tuber,unit,vegetative,xylopodia,zygomorphy	26.0	99.0	94.0	2,acute,apex,asymmetric,base,berry,branch,calyx,cordate,form,inflated,inflorescence,leaf,leaflet,lobe,margin,mm,red,simple,stem,surface,terminal,trichome,truncate,vine,woody	.2,.5,0.2,0.8-1.4,1-2-9-11,1-4,1.1-2.5,100,2-3,2-3.5-10-13,2.5-3,2/3,25,3-7,4,4-20,4-4.5,4-6,5,6,7-10,<,acuminate,adaxially,anthesi,apiculae,articulated,axi,basiscopically,bright,broadly,brown,capitate,cm,commonly,connivent,diameter,divaricate,ellipsoid,elliptic,entire,exserted,flattened,flattened-reniform,flower,glabrous,globose,groove,later,lateral,leaving,less,like,lobed,long,loosely,many,mere,minute,minutely,na,oblique,occasionally,often,open,outline,pair,pale,papillose,peg,pinnately,pinnatifid,pitted,pubescent,reddish,rim,ripe,shiny,sleeve,slightly,small,smaller,sparsely,strongly,tan,terete,tiny,triangular,tube,uniseriate,upper,usually,vein,violet,way,white,x,yellowish,½	2.0-3.0,absent,anther,appressed,articulation,basal,blue,bract,branching,breeding,broad-based,cell,colour,connective,corolla,cup-shaped,discrete,distinct,eglandular,elliptic-oblong,enlarged,filament,fleshy,fork,forked,fruit,fruiting,fully,growth,hair,hermaphroditic,heteromorphism,insertion,interjected,internodal,interpetalar,leathery,length,lilac,lower,marking,mature,membranous,modification,monochasial,multi-branched,multicellular,needle-like,none,odour,orange,orientation,paired,pattern,pedicel,petiole,pink,placement,plurifoliate,pore,position,present,prickle,pseudostipule,purple,radially,rhizome,rotate,round,rounded,scale,shape,simple-entire,simple-lobed,simple-pinnatifid,smell,spot,staman,stellate,stone,structure,swollen,symmetric,symmetry,sympodial,system,texture,tissue,tuber,type,unit,vegetative,xylopodia,zygomorphy
446	wfo-0001031152	invalid_json_followup	NA	39	NA	39	127	72	anther,apex,basal,base,berry,branch,bullate,calyx,colour,corolla,filament,fleshy,form,fruit,fruiting,green,growth,hair,inflorescence,interjected,leaf,leaflet,length,lilac,margin,mm,pedicel,petiole,prickle,pseudostipule,shape,shrub,simple,stem,surface,terminal,texture,type,yellow	-1.5,-10,.4,0.2-0.3,0.2-1.5,1-1.5,1-3,1-6,1.1-2.2,1.2-1.8,1.4-2.6,1/2-3/4,11,13-27,2.5-7.5,2.7-3.7,4-19,4-6,4-8,9-13,abaxially,acuminate,acute,adaxially,anthesi,arrangement,attenuate,bark,becoming,blunt-tipped,branched,brown,bud,capitate,cayx,character,characteristic,cm,conical,continued,corrugation,decurrent,deltoid,densely,diameter,distal,drying,due,entire,exertion,exserted,flower,glabrous,glabrousnes,globose,granular-tomentose,greenish,height,history,honeycombed,lanceolate,lateral,lavender,life,lobe,lobing,long,long-,midpoint,midvein,mostly,multangulate,na,narrowly,nearly,new,number,oblanceolate,oblong,obtuse,openly,orbicular,ovary,ovate,pale,peduncle,per,perennial,persistently,plant,porrect-stellate,primary,probably,pubescent,rather,ray,reddish,reniform,reticulate-punctate,ripe,scabrous,seed,sessile,side,size,slightly,soon,sparingly,stelliform,stigma,strongly,style,suborbicular,terete,thick-stalked,thicknes,time,tube,unarmed,value,variation,variously,vein,violet,width,x,yellowish							1.0-1.5,2.7-4.0,absent,appressed,articulation,blue,bract,branching,breeding,broad-based,cell,connective,cuneate,dendritic,distinct,eglandular,elliptic-oblong,elongating,enlarged,flat,fork,fully,hermaphroditic,heteromorphism,inflated,insertion,interpetalar,leathery,lower,marking,mature,modification,multi-branched,needle-like,none,odour,orientation,paired,pattern,pink,placement,plurifoliate,pore,position,present,purple,radially,rhizome,round,scale,simple-entire,smell,spot,staman,stellate,stone,structure,swollen,symmetric,symmetry,sympodial,system,tissue,tree,trichome,tuber,unit,vegetative,white,winged,xylopodia,zygomorphy	39.0	127.0	72.0	anther,apex,basal,base,berry,branch,bullate,calyx,colour,corolla,filament,fleshy,form,fruit,fruiting,green,growth,hair,inflorescence,interjected,leaf,leaflet,length,lilac,margin,mm,pedicel,petiole,prickle,pseudostipule,shape,shrub,simple,stem,surface,terminal,texture,type,yellow	-1.5,-10,.4,0.2-0.3,0.2-1.5,1-1.5,1-3,1-6,1.1-2.2,1.2-1.8,1.4-2.6,1/2-3/4,11,13-27,2.5-7.5,2.7-3.7,4-19,4-6,4-8,9-13,abaxially,acuminate,acute,adaxially,anthesi,arrangement,attenuate,bark,becoming,blunt-tipped,branched,brown,bud,capitate,cayx,character,characteristic,cm,conical,continued,corrugation,decurrent,deltoid,densely,diameter,distal,drying,due,entire,exertion,exserted,flower,glabrous,glabrousnes,globose,granular-tomentose,greenish,height,history,honeycombed,lanceolate,lateral,lavender,life,lobe,lobing,long,long-,midpoint,midvein,mostly,multangulate,na,narrowly,nearly,new,number,oblanceolate,oblong,obtuse,openly,orbicular,ovary,ovate,pale,peduncle,per,perennial,persistently,plant,porrect-stellate,primary,probably,pubescent,rather,ray,reddish,reniform,reticulate-punctate,ripe,scabrous,seed,sessile,side,size,slightly,soon,sparingly,stelliform,stigma,strongly,style,suborbicular,terete,thick-stalked,thicknes,time,tube,unarmed,value,variation,variously,vein,violet,width,x,yellowish	1.0-1.5,2.7-4.0,absent,appressed,articulation,blue,bract,branching,breeding,broad-based,cell,connective,cuneate,dendritic,distinct,eglandular,elliptic-oblong,elongating,enlarged,flat,fork,fully,hermaphroditic,heteromorphism,inflated,insertion,interpetalar,leathery,lower,marking,mature,modification,multi-branched,needle-like,none,odour,orientation,paired,pattern,pink,placement,plurifoliate,pore,position,present,purple,radially,rhizome,round,scale,simple-entire,smell,spot,staman,stellate,stone,structure,swollen,symmetric,symmetry,sympodial,system,tissue,tree,trichome,tuber,unit,vegetative,white,winged,xylopodia,zygomorphy
447	wfo-0001031202	invalid_json_followup	NA	38	NA	39	112	70	acute,anther,apex,base,berry,branch,calyx,colour,cordate,corolla,filament,fleshy,form,fruit,fruiting,green,growth,inflorescence,interjected,leaf,leaflet,length,margin,mm,pedicel,petiole,prickle,pseudostipule,shape,shrub,stem,surface,terminal,texture,tree,trichome,type,white,winged	0-0.5,0-1,0.5-1,0.6-1.1,0.8-1,1-1.5,1-1.7,1.5-2,1.5-2.5,15-40,2-3,2-8,2.5-4,2/3,3.5-4,6-25,9-11,9-20,accrescent,along,alternate,arrangement,bark,beneath,broadly,bud,capitate,characteristic,cm,completely,corrugation,cup-shaped,decurrent,deflexed,densely,dia,diameter,distal,drying,enclosed,erect,exertion,exserted,glabrate,glabrous,glabrousnes,globose,golden,greyish,height,history,later,lateral,life,lobe,lobed,lobing,main,midpoint,minute,minutely,na,new,number,obovate,occasional,occasionally,opposite,ovary,overtopping,ovoid-reniform,pair,pale,papillose,peduncle,per,perennial,pitted,plant,primary,puberulent,pubescent,quite,ray,reddish-brown,scattered,seed,sessile,shaped,shoot,size,slightly,small,stigma,straight,style,tan,tear-drop,thicker,thicknes,tip,tube,uniseriate,value,variable,variation,vein,way,width,woody,x,young							0.0-0.5,3.5-4.0,absent,appressed,articulation,basal,bract,branching,breeding,broad-based,cell,connective,difoliate,discrete,distinct,eglandular,elliptic-oblong,enlarged,flat,fork,geminate,hair,heteromorphism,inflated,insertion,internodal,interpetalar,leaf-opposed,leathery,lower,marking,mature,membranous,modification,monochasial,multi-branched,multicellular,needle-like,none,odour,orientation,paired,pattern,placement,pore,position,present,radially,rhizome,round,scale,simple,simple-entire,smell,spot,staman,stellate,stone,structure,swollen,symmetric,symmetry,sympodial,system,tissue,tuber,unit,vegetative,xylopodia,zygomorphy	39.0	112.0	70.0	acute,anther,apex,base,berry,branch,calyx,colour,cordate,corolla,filament,fleshy,form,fruit,fruiting,green,growth,inflorescence,interjected,leaf,leaflet,length,margin,mm,pedicel,petiole,prickle,pseudostipule,shape,shrub,stem,surface,terminal,texture,tree,trichome,type,white,winged	0-0.5,0-1,0.5-1,0.6-1.1,0.8-1,1-1.5,1-1.7,1.5-2,1.5-2.5,15-40,2-3,2-8,2.5-4,2/3,3.5-4,6-25,9-11,9-20,accrescent,along,alternate,arrangement,bark,beneath,broadly,bud,capitate,characteristic,cm,completely,corrugation,cup-shaped,decurrent,deflexed,densely,dia,diameter,distal,drying,enclosed,erect,exertion,exserted,glabrate,glabrous,glabrousnes,globose,golden,greyish,height,history,later,lateral,life,lobe,lobed,lobing,main,midpoint,minute,minutely,na,new,number,obovate,occasional,occasionally,opposite,ovary,overtopping,ovoid-reniform,pair,pale,papillose,peduncle,per,perennial,pitted,plant,primary,puberulent,pubescent,quite,ray,reddish-brown,scattered,seed,sessile,shaped,shoot,size,slightly,small,stigma,straight,style,tan,tear-drop,thicker,thicknes,tip,tube,uniseriate,value,variable,variation,vein,way,width,woody,x,young	0.0-0.5,3.5-4.0,absent,appressed,articulation,basal,bract,branching,breeding,broad-based,cell,connective,difoliate,discrete,distinct,eglandular,elliptic-oblong,enlarged,flat,fork,geminate,hair,heteromorphism,inflated,insertion,internodal,interpetalar,leaf-opposed,leathery,lower,marking,mature,membranous,modification,monochasial,multi-branched,multicellular,needle-like,none,odour,orientation,paired,pattern,placement,pore,position,present,radially,rhizome,round,scale,simple,simple-entire,smell,spot,staman,stellate,stone,structure,swollen,symmetric,symmetry,sympodial,system,tissue,tuber,unit,vegetative,xylopodia,zygomorphy
448	wfo-0001031207	invalid_json_followup	NA	44	NA	40	120	86	0.25-0.5,anther,apex,base,berry,branch,calyx,cell,colour,cordate,corolla,filament,form,fruit,fruiting,growth,herb,inflorescence,interjected,leaf,leaflet,length,lower,margin,mm,pedicel,petiole,prickle,pseudostipule,red,shape,shrub,stellate,stem,straight,surface,terminal,texture,type,white	-11,-4,-7,/5,0-20,0-8,0.1-0.5,0.3-0.5,0.5-1,0.6-0.9,0.6-1.2,0.7-2,0.85-1.4,0.9-1.6,1,1.4-2,1.5-5,1/4,1/4-1/3,2.1-2.3,2.5-5,2.8-3,3-5,5-8,6-8,apart,apparently,arrangement,articulated,bark,bristly,brown,bud,characteristic,chartaceous,cm,concolorous,corrugation,curved,dark,densely,diameter,discolorous,distal,drying,dull,erect,evenly,exertion,flattened-reniform,gently,glabrous,glabrousnes,gray,green,height,history,lateral,less,life,lobed,lobing,long,maturity,mauve,midpoint,moderately,na,narrow-deltate,new,number,oblong,obtuse,orange-brown,outline,ovary,ovate,pair,pale,peduncle,per,pit,plant,poricidal,prickly,primary,raised,ray,reflexed,scandent,seed,simple,size,small,smooth,sometimes,spaced,spherical,spreading,stellate-pubescent,stigma,style,subentire,tapering,thicknes,tip,tube,upper,usually,value,variation,vein,visible,way,weakly,wide,width,yellow,yellow-green,young							5.0-8.0,absent,acicular,appressed,articulation,backward,basal,blue,bract,branching,breeding,bristle,broad-based,connective,dichasial,difoliate,discrete,distinct,eglandular,enlarged,flat,fleshy,fork,fully,hair,hermaphroditic,heteromorphism,inflated,insertion,internodal,interpetalar,leathery,lilac,marking,mature,membranous,modification,needle-like,non-geminate,none,odour,orange,orientation,paired,pattern,pink,placement,pointing,pore,position,present,present-inflorescence,present-leaf,present-stem,purple,radially,retrorse,rhizome,round,rounded,scale,simple-entire,simple-lobed,simple-toothed,smell,spot,staman,stone,straw-like,structure,swollen,symmetric,symmetry,sympodial,system,tapered-lanceolate,thick,tissue,triangular,trichome,tuber,unbranched,unit,vegetative,xylopodia,zygomorphy	40.0	120.0	86.0	0.25-0.5,anther,apex,base,berry,branch,calyx,cell,colour,cordate,corolla,filament,form,fruit,fruiting,growth,herb,inflorescence,interjected,leaf,leaflet,length,lower,margin,mm,pedicel,petiole,prickle,pseudostipule,red,shape,shrub,stellate,stem,straight,surface,terminal,texture,type,white	-11,-4,-7,/5,0-20,0-8,0.1-0.5,0.3-0.5,0.5-1,0.6-0.9,0.6-1.2,0.7-2,0.85-1.4,0.9-1.6,1,1.4-2,1.5-5,1/4,1/4-1/3,2.1-2.3,2.5-5,2.8-3,3-5,5-8,6-8,apart,apparently,arrangement,articulated,bark,bristly,brown,bud,characteristic,chartaceous,cm,concolorous,corrugation,curved,dark,densely,diameter,discolorous,distal,drying,dull,erect,evenly,exertion,flattened-reniform,gently,glabrous,glabrousnes,gray,green,height,history,lateral,less,life,lobed,lobing,long,maturity,mauve,midpoint,moderately,na,narrow-deltate,new,number,oblong,obtuse,orange-brown,outline,ovary,ovate,pair,pale,peduncle,per,pit,plant,poricidal,prickly,primary,raised,ray,reflexed,scandent,seed,simple,size,small,smooth,sometimes,spaced,spherical,spreading,stellate-pubescent,stigma,style,subentire,tapering,thicknes,tip,tube,upper,usually,value,variation,vein,visible,way,weakly,wide,width,yellow,yellow-green,young	5.0-8.0,absent,acicular,appressed,articulation,backward,basal,blue,bract,branching,breeding,bristle,broad-based,connective,dichasial,difoliate,discrete,distinct,eglandular,enlarged,flat,fleshy,fork,fully,hair,hermaphroditic,heteromorphism,inflated,insertion,internodal,interpetalar,leathery,lilac,marking,mature,membranous,modification,needle-like,non-geminate,none,odour,orange,orientation,paired,pattern,pink,placement,pointing,pore,position,present,present-inflorescence,present-leaf,present-stem,purple,radially,retrorse,rhizome,round,rounded,scale,simple-entire,simple-lobed,simple-toothed,smell,spot,staman,stone,straw-like,structure,swollen,symmetric,symmetry,sympodial,system,tapered-lanceolate,thick,tissue,triangular,trichome,tuber,unbranched,unit,vegetative,xylopodia,zygomorphy
449	wfo-0001031218	invalid_json_followup	NA	36	NA	41	111	73	anther,apex,basal,base,branch,calyx,colour,cordate,corolla,eglandular,filament,form,fruit,fruiting,glandular,growth,hair,inflorescence,interjected,leaf,leaflet,length,margin,mm,orange,ovoid,pedicel,petiole,pore,prickle,pseudostipule,purple,shape,simple,stem,surface,terminal,texture,tree,type,yellow	0.5,0.5-1,1-2,1-4,15-25,2-22,2-3,2.5-3,3-5,4-28,4-7,4-8,40,40-100+,5-37,5.5-7,6-10,6-7,6-9,8-17,abaxially,acuminate,acute,adaxially,apiculate,arrangement,bark,beyond,branched,bud,characteristic,cm,connivent,corrugation,dark,densely,diameter,directed,distal,distally,drying,eglandular-pilose,ellipsoidal,entire,especially,exertion,exserted,flattened,flower,glabrous,glabrousnes,glandular-puberulent,globose,greenish-purple,height,history,introrse,lanceolate,lateral,lavender,less,life,lobe,lobing,long,midpoint,minutely,moderately,mottled,na,narrowly,new,number,oblique,obtuse,ovary,ovate,ovate-elliptic,papillose,peduncle,per,perfect,plant,primary,puberulent,pubescent,ray,ripe,seed,shorter,size,slightly,sometimes,sparsely,stamen,stigma,style,succulent,thicknes,tip,tomentose,toward,triangular,truncate,tube,value,variation,vein,violet,width,x							6.0-7.0,absent,appressed,articulation,axillary,berry,blue,bract,branching,breeding,broad-based,cell,connective,coriaceous,discrete,distinct,ellipsoid,enlarged,flat,fleshy,fork,forked,fully,green,hermaphroditic,heteromorphism,inflated,insertion,internodal,interpetalar,leathery,lilac,lower,marking,mature,modification,multicellular,needle-like,none,odour,orientation,paired,pattern,pink,placement,plurifoliate,position,present,radially,red,rhizome,round,scale,simple-entire,smell,spot,staman,stellate,stone,structure,swollen,symmetric,symmetry,sympodial,system,tapered-lanceolate,tissue,trichome,tuber,unit,vegetative,xylopodia,zygomorphy	41.0	111.0	73.0	anther,apex,basal,base,branch,calyx,colour,cordate,corolla,eglandular,filament,form,fruit,fruiting,glandular,growth,hair,inflorescence,interjected,leaf,leaflet,length,margin,mm,orange,ovoid,pedicel,petiole,pore,prickle,pseudostipule,purple,shape,simple,stem,surface,terminal,texture,tree,type,yellow	0.5,0.5-1,1-2,1-4,15-25,2-22,2-3,2.5-3,3-5,4-28,4-7,4-8,40,40-100+,5-37,5.5-7,6-10,6-7,6-9,8-17,abaxially,acuminate,acute,adaxially,apiculate,arrangement,bark,beyond,branched,bud,characteristic,cm,connivent,corrugation,dark,densely,diameter,directed,distal,distally,drying,eglandular-pilose,ellipsoidal,entire,especially,exertion,exserted,flattened,flower,glabrous,glabrousnes,glandular-puberulent,globose,greenish-purple,height,history,introrse,lanceolate,lateral,lavender,less,life,lobe,lobing,long,midpoint,minutely,moderately,mottled,na,narrowly,new,number,oblique,obtuse,ovary,ovate,ovate-elliptic,papillose,peduncle,per,perfect,plant,primary,puberulent,pubescent,ray,ripe,seed,shorter,size,slightly,sometimes,sparsely,stamen,stigma,style,succulent,thicknes,tip,tomentose,toward,triangular,truncate,tube,value,variation,vein,violet,width,x	6.0-7.0,absent,appressed,articulation,axillary,berry,blue,bract,branching,breeding,broad-based,cell,connective,coriaceous,discrete,distinct,ellipsoid,enlarged,flat,fleshy,fork,forked,fully,green,hermaphroditic,heteromorphism,inflated,insertion,internodal,interpetalar,leathery,lilac,lower,marking,mature,modification,multicellular,needle-like,none,odour,orientation,paired,pattern,pink,placement,plurifoliate,position,present,radially,red,rhizome,round,scale,simple-entire,smell,spot,staman,stellate,stone,structure,swollen,symmetric,symmetry,sympodial,system,tapered-lanceolate,tissue,trichome,tuber,unit,vegetative,xylopodia,zygomorphy
450	wfo-0001031225	invalid_json_followup	NA	38	NA	36	114	68	0.2,acute,anther,apex,base,berry,calyx,colour,corolla,filament,form,fruit,fruiting,green,growth,inflorescence,interjected,leaf,leaflet,length,margin,mm,pedicel,petiole,pore,prickle,pseudostipule,shape,shrub,stem,surface,texture,tree,trichome,type,white	.25,.5,0.2-0.75,0.7-6,0.75-1,0.8-1,1-1.5,1-1.7,1-5,2,2.5-3,3-9,3/4,5-50-flowered,5-6,6-8,7-9,9-16,along,alternate,anthesi,arrangement,bark,branch,broadly,bud,characteristic,cm,corrugation,cup-shaped,darker,decurrent,dia,diameter,distal,dry,drying,ellipsoid,elliptic,exertion,exserted,flattened,furcate,glabrate,glabrous,glabrousnes,globose,greyish-brown,height,history,lateral,less,life,like,lobe,lobed,lobing,long,main,midpoint,minute,minutely,na,narrowly,new,number,often,older,opposite,ovary,ovate,ovoid-reniform,pair,pale,papillose,peduncle,per,pitted,plant,poricidal,primary,prominent,pubescent,ray,red-papillose,reflexed,rest,seed,shaped,size,slender,slightly,small,soon,specimen,stigma,straight,strongly,style,tan,tapering,tear-drop,terminal,thicknes,tip,tube,uniseriate,value,variation,vein,way,width,x,young							2.5-3.0,absent,appressed,articulation,basal,bract,branching,breeding,broad-based,cell,connective,difoliate,discrete,distinct,eglandular,elliptic-oblong,enlarged,flat,fleshy,forked,geminate,hair,heteromorphism,inflated,insertion,interpetalar,leaf-opposed,leathery,lower,marking,mature,membranous,modification,monochasial,multicellular,needle-like,none,odour,orientation,paired,pattern,placement,position,present,radially,rhizome,round,scale,simple,simple-entire,smell,spot,staman,stellate,stone,structure,swollen,symmetric,symmetry,sympodial,system,tissue,tuber,unit,vegetative,winged,xylopodia,zygomorphy	36.0	114.0	68.0	0.2,acute,anther,apex,base,berry,calyx,colour,corolla,filament,form,fruit,fruiting,green,growth,inflorescence,interjected,leaf,leaflet,length,margin,mm,pedicel,petiole,pore,prickle,pseudostipule,shape,shrub,stem,surface,texture,tree,trichome,type,white	.25,.5,0.2-0.75,0.7-6,0.75-1,0.8-1,1-1.5,1-1.7,1-5,2,2.5-3,3-9,3/4,5-50-flowered,5-6,6-8,7-9,9-16,along,alternate,anthesi,arrangement,bark,branch,broadly,bud,characteristic,cm,corrugation,cup-shaped,darker,decurrent,dia,diameter,distal,dry,drying,ellipsoid,elliptic,exertion,exserted,flattened,furcate,glabrate,glabrous,glabrousnes,globose,greyish-brown,height,history,lateral,less,life,like,lobe,lobed,lobing,long,main,midpoint,minute,minutely,na,narrowly,new,number,often,older,opposite,ovary,ovate,ovoid-reniform,pair,pale,papillose,peduncle,per,pitted,plant,poricidal,primary,prominent,pubescent,ray,red-papillose,reflexed,rest,seed,shaped,size,slender,slightly,small,soon,specimen,stigma,straight,strongly,style,tan,tapering,tear-drop,terminal,thicknes,tip,tube,uniseriate,value,variation,vein,way,width,x,young	2.5-3.0,absent,appressed,articulation,basal,bract,branching,breeding,broad-based,cell,connective,difoliate,discrete,distinct,eglandular,elliptic-oblong,enlarged,flat,fleshy,forked,geminate,hair,heteromorphism,inflated,insertion,interpetalar,leaf-opposed,leathery,lower,marking,mature,membranous,modification,monochasial,multicellular,needle-like,none,odour,orientation,paired,pattern,placement,position,present,radially,rhizome,round,scale,simple,simple-entire,smell,spot,staman,stellate,stone,structure,swollen,symmetric,symmetry,sympodial,system,tissue,tuber,unit,vegetative,winged,xylopodia,zygomorphy
451	wfo-0001031231	success	35	39	8	35	102	79	anther,apex,axillary,base,berry,calyx,colour,corolla,filament,form,fruit,fruiting,green,growth,hair,inflorescence,interjected,leaf,leaflet,length,margin,mm,pedicel,petiole,plurifoliate,prickle,pseudostipule,purple,shape,shrub,simple,stem,surface,texture,type	.5,0.5-1.5-2,1-1.5,1-2,1.5-2,2-3,2.5-3,25-35,37/2,37/3,4-8,5-7,8-10,acuminate,acute,almost,appearance,arrangement,bark,border,branch,branched,brown,bud,campanula,characteristic,cm,corrugation,dark,dia,diameter,discoidal,distal,ellipsoid,elliptic,entire,equal,erect,except,exertion,fork,giving,glabrous,glabrousnes,globose,greyish,height,history,juvenile,lanceolate,lasting,lateral,len,less,life,lobe,lobing,long,loosely,marbled,midpoint,minute,na,new,number,oblong,occasionally,ovary,pedicellate,peduncle,per,petal,pinnatisect,plant,primary,ray,rh,ripening,rounded,rugose-ruminate,seed,sessile,several,size,soft,sometimes,stigma,stout,style,terminal,thicknes,tinged,tip,tube,variation,vein,vigorous,violet,width,wooded,x,year							1.5-2.0,2.0,absent,appressed,articulation,asymmetric,attenuate,basal,black,blue,bract,branching,breeding,broad-based,cell,connective,dichasial,distinct,elliptic-oblong,elongating,enlarged,flat,fleshy,forked,fully,glandular,hermaphroditic,heteromorphism,inflated,insertion,interpetalar,leathery,lilac,lower,marking,mature,membranous,modification,monochasial,multicellular,needle-like,none,odour,orientation,paired,pattern,pink,placement,pore,position,present,radially,rhizome,rotate,round,scale,simple-entire,simple-lobed,simple-pinnatifid,smell,spot,staman,stellate,stone,structure,swollen,symmetric,symmetry,sympodial,system,tissue,trichome,tuber,unbranched,unit,vegetative,winged,xylopodia,zygomorphy	9.0	67.0	105.0	axillary,berry,green,hair,mm,plurifoliate,purple,shrub,simple	-3,.5,0.5-1.5-2,1-1.5,1-2,1.5-2,2-3,2.5-3,25-35,37/2,37/3,4-8,5-7,8-10,acuminate,acute,almost,branch,branched,brown,campanula,cm,dark,di,discoidal,ellipsoid,elliptic,entire,equal,erect,except,fork,glabrous,globose,greyish,juvenile,lanceolate,lasting,len,less,long,loosely,marbled,minute,na,oblong,occasionally,pedicellate,petal,pinnatisect,plant,rh,ripening,rounded,rugose-ruminate,sessile,several,soft,sometimes,stout,tinged,tip,vigorous,violet,wooded,x,year	1.5-2.0,2.0,absent,anther,apex,appressed,articulation,asymmetric,attenuate,basal,base,black,blue,bract,branching,breeding,broad-based,calyx,cell,colour,connective,corolla,dichasial,distinct,elliptic-oblong,elongating,enlarged,filament,flat,fleshy,forked,form,fruit,fruiting,fully,glandular,growth,hermaphroditic,heteromorphism,inflated,inflorescence,insertion,interjected,interpetalar,leaf,leaflet,leathery,length,lilac,lower,margin,marking,mature,membranous,modification,monochasial,multicellular,needle-like,none,odour,orientation,paired,pattern,pedicel,petiole,pink,placement,pore,position,present,prickle,pseudostipule,radially,rhizome,rotate,round,scale,shape,simple-entire,simple-lobed,simple-pinnatifid,smell,spot,staman,stellate,stem,stone,structure,surface,swollen,symmetric,symmetry,sympodial,system,texture,tissue,trichome,tuber,type,unbranched,unit,vegetative,winged,xylopodia,zygomorphy
452	wfo-0001031252	success	44	39	8	40	97	68	absent,acute,anther,apex,base,berry,branch,calyx,cell,colour,coriaceous,corolla,distal,filament,forked,form,fruit,fruiting,green,growth,herb,inflorescence,interjected,leaf,leaflet,length,margin,mm,pedicel,petiole,prickle,pseudostipule,purple,shape,stem,surface,terminal,texture,type,white	0.2-1.5,0.3-1.1,1-2,1.3-1.9,1.75-5.2,16-33,2-3,2.5-7,2.8-3.6,3-10,3-6,5-17,5-8,7-18,abaxially,adaxially,appearance,arrangement,attenuate,axillary,bark,border,brownish,bud,capitate,characteristic,clavate,cm,condition,corrugation,covering,cuneate,dark,deep,diameter,drying,elliptic,entire,exertion,fresh,generally,giving,glabrous,glabrousnes,globose,green-white,greenish,hair-like,half,height,history,lanceolate,lateral,life,light,lobe,lobing,long,make,medium,midpoint,mucilaginous,na,new,number,ovary,ovate,ovoid,peduncle,per,plant,primary,ray,ripe,rounded,seed,simple,size,sometimes,stigma,stripe,style,subtending,testal,thick,thicknes,throughout,tube,unwinged,usually,variation,vein,wall,wet,whitish,width,x							1.0-2.0,1/2,5.0-8.0,appressed,articulation,black,bract,branching,breeding,broad-based,connective,distinct,elliptic-oblong,elongating,enlarged,flat,fleshy,fork,fully,hair,hermaphroditic,heteromorphism,inflated,insertion,interpetalar,leathery,lower,marking,mature,modification,monochasial,needle-like,none,odour,orientation,paired,pattern,placement,plurifoliate,pore,position,present,present-pair,radially,rhizome,rotate,round,scale,simple-entire,smell,spot,staman,stellate,stone,structure,swollen,symmetric,symmetry,sympodial,system,tissue,trichome,trifoliate,tuber,unit,vegetative,xylopodia,zygomorphy	13.0	67.0	95.0	absent,acute,berry,cell,coriaceous,distal,forked,green,herb,mm,purple,terminal,white	0.2-1.5,0.3-1.1,1-2,1.3-1.9,1.75-5.2,16-33,2-3,2.5-7,2.8-3.6,3-10,3-6,5-17,5-8,7-18,abaxially,adaxially,attenuate,axillary,brownish,bud,capitate,clavate,cm,condition,covering,cuneate,dark,deep,diameter,drying,elliptic,entire,fresh,generally,glabrous,globose,green-white,greenish,hair-like,half,lanceolate,lateral,light,long,make,medium,mucilaginous,na,ovate,ovoid,plant,ripe,rounded,seed,simple,sometimes,stripe,subtending,testal,thick,throughout,unwinged,usually,wall,wet,whitish,x	1.0-2.0,1/2,5.0-8.0,anther,apex,appressed,articulation,base,black,bract,branch,branching,breeding,broad-based,calyx,colour,connective,corolla,distinct,elliptic-oblong,elongating,enlarged,filament,flat,fleshy,fork,form,fruit,fruiting,fully,growth,hair,hermaphroditic,heteromorphism,inflated,inflorescence,insertion,interjected,interpetalar,leaf,leaflet,leathery,length,lower,margin,marking,mature,modification,monochasial,needle-like,none,odour,orientation,paired,pattern,pedicel,petiole,placement,plurifoliate,pore,position,present,present-pair,prickle,pseudostipule,radially,rhizome,rotate,round,scale,shape,simple-entire,smell,spot,staman,stellate,stem,stone,structure,surface,swollen,symmetric,symmetry,sympodial,system,texture,tissue,trichome,trifoliate,tuber,type,unit,vegetative,xylopodia,zygomorphy
453	wfo-0001031257	invalid_json_followup	NA	39	NA	36	130	78	anther,apex,basal,base,berry,calyx,colour,corolla,filament,form,fruit,fruiting,glandular,growth,herb,inflorescence,interjected,leaf,leaflet,length,margin,mm,pedicel,petiole,prickle,pseudostipule,purple,shape,shrub,simple,stem,surface,texture,trichome,type,white	0,0.7-1,0.75-2.5,1-1.3,1.1-1.2,1.5-1.7,10-16-22.5,2-,2-4.5-6,3.5-5.7,4-10,4.5-6-12,5,5-8.5-12,6-celled,7.5-9,abaxially,abundant,acuminate,adaxially,anthesi,antrorse,arrangement,ascending,attenuate,bark,blue-violet,branch,bud,characteristic,cm,coarsely,connectival,corrugation,cuneate,dark,dentate,diameter,directed,distal,dorsally,drying,edentate,ellipsoidal,erect,exertion,finely,flexuous,foliage,glabrous,glabrousnes,globose,half,height,herbaceous,history,hollow,honey-combed,inconspicuous,lamina,lateral,life,light,like,little,lobe,lobing,long,long-stalked,longer,longitudinally,midpoint,midvein,na,new,non-glandular,number,odorles,outward,ovary,ovate,pair,papillate,patent,peduncle,per,perennial,plant,primary,prolongation,pubescent,ray,reduced,ridged,ring,robust,saddle-shaped,scarce,secondary,seed,serrate,short-stalked,size,smooth,somewhat,spur-like,stigma,striate,style,subglobose,terminal,thickened,thicknes,tip,tooth,trans-ovoidal,tube,unequal,upward,value,variation,vein,ventrifixed,verrucate,viscid,viscid-pubescent,width,within,x,yellow							1.5-2.0,3.5-5.0,absent,appressed,articulation,blue,bract,branching,breeding,broad-based,campanulate,cell,connective,difoliate,distinct,eglandular,elliptic-oblong,elongating,enlarged,flat,fleshy,fully,green,hair,hermaphroditic,heteromorphism,inflated,insertion,internodal,interpetalar,leathery,lilac,lower,marking,mature,membranous,modification,monochasial,multicellular,needle-like,non-geminate,none,odour,orientation,paired,pattern,pink,placement,pore,position,present,radially,rhizome,round,rounded,scale,simple-entire,simple-toothed,smell,spot,staman,stellate,stone,structure,swollen,symmetric,symmetry,sympodial,system,tissue,truncate,tuber,unbranched,unifoliate,unit,vegetative,xylopodia,zygomorphy	36.0	130.0	78.0	anther,apex,basal,base,berry,calyx,colour,corolla,filament,form,fruit,fruiting,glandular,growth,herb,inflorescence,interjected,leaf,leaflet,length,margin,mm,pedicel,petiole,prickle,pseudostipule,purple,shape,shrub,simple,stem,surface,texture,trichome,type,white	0,0.7-1,0.75-2.5,1-1.3,1.1-1.2,1.5-1.7,10-16-22.5,2-,2-4.5-6,3.5-5.7,4-10,4.5-6-12,5,5-8.5-12,6-celled,7.5-9,abaxially,abundant,acuminate,adaxially,anthesi,antrorse,arrangement,ascending,attenuate,bark,blue-violet,branch,bud,characteristic,cm,coarsely,connectival,corrugation,cuneate,dark,dentate,diameter,directed,distal,dorsally,drying,edentate,ellipsoidal,erect,exertion,finely,flexuous,foliage,glabrous,glabrousnes,globose,half,height,herbaceous,history,hollow,honey-combed,inconspicuous,lamina,lateral,life,light,like,little,lobe,lobing,long,long-stalked,longer,longitudinally,midpoint,midvein,na,new,non-glandular,number,odorles,outward,ovary,ovate,pair,papillate,patent,peduncle,per,perennial,plant,primary,prolongation,pubescent,ray,reduced,ridged,ring,robust,saddle-shaped,scarce,secondary,seed,serrate,short-stalked,size,smooth,somewhat,spur-like,stigma,striate,style,subglobose,terminal,thickened,thicknes,tip,tooth,trans-ovoidal,tube,unequal,upward,value,variation,vein,ventrifixed,verrucate,viscid,viscid-pubescent,width,within,x,yellow	1.5-2.0,3.5-5.0,absent,appressed,articulation,blue,bract,branching,breeding,broad-based,campanulate,cell,connective,difoliate,distinct,eglandular,elliptic-oblong,elongating,enlarged,flat,fleshy,fully,green,hair,hermaphroditic,heteromorphism,inflated,insertion,internodal,interpetalar,leathery,lilac,lower,marking,mature,membranous,modification,monochasial,multicellular,needle-like,non-geminate,none,odour,orientation,paired,pattern,pink,placement,pore,position,present,radially,rhizome,round,rounded,scale,simple-entire,simple-toothed,smell,spot,staman,stellate,stone,structure,swollen,symmetric,symmetry,sympodial,system,tissue,truncate,tuber,unbranched,unifoliate,unit,vegetative,xylopodia,zygomorphy
454	wfo-0001031270	success	45	47	7	39	135	81	anther,apex,base,berry,calyx,colour,corolla,filament,form,fruit,fruiting,glandular,growth,herb,inflorescence,leaf,length,margin,membranous,mm,pedicel,petiole,pore,prickle,red,shape,shrub,simple,spreading,stellate,stem,straight,surface,texture,tissue,trichome,truncate,type,white	+,0.4-1.5,0.5-1,1,1-1.2,1-4,1.2-1.6,1/3,10,10-12,100,2-2.5,2-3,2-4,2-7,2.5-3,3-10,3-20,4-5,5,5-10,5-15,5-6,6-50,7-12,>,acute,along,anthesi,arrangement,associated,bark,bipinnatifid,bright,brown,capitate,characteristic,clavate,cm,conical,curved,deeply,densely,depressed-spherical,diameter,differentiated,directed,elliptic,entire,exertion,few-rayed,flower,free,glabrous,glabrousnes,glandular-pubescent,green,height,history,later,lateral,leaf-opposed,life,like,live,lobe,lobed,lobing,long,long-styled,midpoint,midvein,minute,minutely,mixture,multangulate,multiseriate,na,new,number,obovate,often,ovary,ovoid,pair,pale,papillose,peduncle,per,pinnatifid,pitted,plant,poricidal,prickly,primary,pubescent,ray,reddish,reflexed,reniform,rest,ripe,rounded,scattered,seed,sessile,shallowly,short-stalked,short-styled,size,slender,slightly,small,sparsely,spherical,stalk,stigma,straw-colored,style,tan,tapering,terete,tip,tube,uniseriate,upward,varying,vein,way,well,wide,wing,yellow,yellowish,½							0.2-0.4,9.0-10.0,absent,acicular,andromonoecious,appressed,articulation,asymmetric,basal,blue,bract,branching,breeding,broad-based,cell,connective,difoliate,discrete,distinct,eglandular,enlarged,flat,fleshy,hair,heteromorphism,inflated,insertion,interjected,internodal,interpetalar,leaflet,leathery,lilac,lower,marking,mature,modification,monochasial,multicellular,needle-like,non-geminate,none,odour,orange,orientation,paired,pattern,pink,placement,position,present,present-inflorescence,present-leaf,present-stem,pseudostipule,purple,radially,random,rhizome,rotate,round,scale,simple-lobed,simple-pinnatifid,smell,spot,staman,stone,structure,symmetric,symmetry,sympodial,system,tapered-lanceolate,triangular,tuber,unbranched,unit,vegetative,xylopodia,zygomorphy	22.0	118.0	98.0	base,berry,glandular,herb,inflorescence,length,membranous,mm,pore,prickle,red,shrub,simple,spreading,stellate,stem,straight,surface,tissue,trichome,truncate,white	+,0.4-1.5,0.5-1,1,1-1.2,1-4,1.2-1.6,1/3,10,10-12,100,2-2.5,2-3,2-4,2-7,2.5-3,3-10,3-20,4-5,5,5-10,5-15,5-6,6-50,7-12,>,acute,along,anthesi,associated,bipinnatifid,bright,brown,capitate,clavate,cm,conical,curved,deeply,densely,depressed-spherical,diameter,differentiated,directed,elliptic,entire,few-rayed,flower,free,glabrous,glandular-pubescent,green,later,lateral,leaf-opposed,like,live,lobe,lobed,long,long-styled,midpoint,midvein,minute,minutely,mixture,multangulate,multiseriate,na,obovate,often,ovoid,pair,pale,papillose,per,pinnatifid,pitted,plant,poricidal,prickly,pubescent,ray,reddish,reflexed,reniform,rest,ripe,rounded,scattered,sessile,shallowly,short-stalked,short-styled,size,slender,slightly,small,sparsely,spherical,stalk,straw-colored,tan,tapering,terete,tip,tube,uniseriate,upward,varying,vein,way,well,wide,wing,yellow,yellowish,½	0.2-0.4,9.0-10.0,absent,acicular,andromonoecious,anther,apex,appressed,articulation,asymmetric,basal,blue,bract,branching,breeding,broad-based,calyx,cell,colour,connective,corolla,difoliate,discrete,distinct,eglandular,enlarged,filament,flat,fleshy,form,fruit,fruiting,growth,hair,heteromorphism,inflated,insertion,interjected,internodal,interpetalar,leaf,leaflet,leathery,lilac,lower,margin,marking,mature,modification,monochasial,multicellular,needle-like,non-geminate,none,odour,orange,orientation,paired,pattern,pedicel,petiole,pink,placement,position,present,present-inflorescence,present-leaf,present-stem,pseudostipule,purple,radially,random,rhizome,rotate,round,scale,shape,simple-lobed,simple-pinnatifid,smell,spot,staman,stone,structure,symmetric,symmetry,sympodial,system,tapered-lanceolate,texture,triangular,tuber,type,unbranched,unit,vegetative,xylopodia,zygomorphy
455	wfo-0001031283	invalid_json_followup	NA	40	NA	33	61	80	anther,apex,base,branch,brown,calyx,cell,colour,corolla,distal,filament,form,fruit,fruiting,growth,inflorescence,interjected,leaf,leaflet,length,margin,mm,pedicel,petiole,prickle,pseudostipule,shape,shrub,stem,surface,terminal,texture,type	0.1-0.15-0.25,0.4-0.5,0.5-0.7,0.7,1.7-2.3,2.2-2.8,30-40,appearance,arrangement,bark,border,bud,characteristic,cm,corrugation,diameter,drying,erect,exertion,giving,glabrousnes,hair-like,height,history,lateral,life,lobe,lobing,long,midpoint,na,new,number,obovate,outgrowth,ovary,pale,peduncle,per,plant,primary,pubescent,ray,seed,silky,size,somewhat,sprawling,stigma,style,testa,thick,thicknes,tube,value,variation,vein,wall,wide,width,woody							0.5-0.6,1/2,4.5-5.0,absent,appressed,articulation,asymmetric,berry,bract,branching,breeding,broad-based,compound-lobed,compound-toothed,connective,cuneate,distinct,dry,eglandular,elliptic-oblong,elongating,enlarged,flat,fork,forked,fully,glandular,hair,herb,hermaphroditic,heteromorphism,inflated,insertion,interpetalar,lower,marking,mature,membranous,modification,monochasial,multi-branched,multicellular,needle-like,none,odour,orientation,paired,pattern,pinnatifid,placement,plurifoliate,pore,position,present,present-pair,radially,rhizome,rotate,round,scale,simple,smell,spot,staman,stellate,stone,structure,swollen,symmetric,symmetry,sympodial,system,tissue,trichome,tuber,unit,vegetative,xylopodia,yellow,zygomorphy	33.0	61.0	80.0	anther,apex,base,branch,brown,calyx,cell,colour,corolla,distal,filament,form,fruit,fruiting,growth,inflorescence,interjected,leaf,leaflet,length,margin,mm,pedicel,petiole,prickle,pseudostipule,shape,shrub,stem,surface,terminal,texture,type	0.1-0.15-0.25,0.4-0.5,0.5-0.7,0.7,1.7-2.3,2.2-2.8,30-40,appearance,arrangement,bark,border,bud,characteristic,cm,corrugation,diameter,drying,erect,exertion,giving,glabrousnes,hair-like,height,history,lateral,life,lobe,lobing,long,midpoint,na,new,number,obovate,outgrowth,ovary,pale,peduncle,per,plant,primary,pubescent,ray,seed,silky,size,somewhat,sprawling,stigma,style,testa,thick,thicknes,tube,value,variation,vein,wall,wide,width,woody	0.5-0.6,1/2,4.5-5.0,absent,appressed,articulation,asymmetric,berry,bract,branching,breeding,broad-based,compound-lobed,compound-toothed,connective,cuneate,distinct,dry,eglandular,elliptic-oblong,elongating,enlarged,flat,fork,forked,fully,glandular,hair,herb,hermaphroditic,heteromorphism,inflated,insertion,interpetalar,lower,marking,mature,membranous,modification,monochasial,multi-branched,multicellular,needle-like,none,odour,orientation,paired,pattern,pinnatifid,placement,plurifoliate,pore,position,present,present-pair,radially,rhizome,rotate,round,scale,simple,smell,spot,staman,stellate,stone,structure,swollen,symmetric,symmetry,sympodial,system,tissue,trichome,tuber,unit,vegetative,xylopodia,yellow,zygomorphy
456	wfo-0001031287	invalid_json_followup	NA	38	NA	34	106	69	anther,apex,base,berry,calyx,colour,corolla,dendritic,filament,form,fruit,fruiting,green,growth,inflorescence,interjected,leaf,leaflet,length,margin,mm,pedicel,petiole,prickle,pseudostipule,shape,shrub,stem,surface,texture,trichome,type,white,winged	.5,0.5-1.5,0.9-1,1,1-1.2,1-1.3,1-1.5,1-5,1.5-2,1.5-5.5,2-2.5,3-4,4-5,4-6,4.5-5,5-14,6-10-flowered,6-7,abaxially,acute,adaxially,appearance,arrangement,attenuate,axil,bark,bi-lobed,branch,bud,characteristic,cm,conical,corrugation,dark,densely,dia,diameter,distal,divergently,drying,ellipsoid,elliptic,elongate,erect,exertion,exserted,giving,glabrous,glabrousnes,globose,greenish-white,height,history,later,lateral,life,lobe,lobed,lobing,long,main,midpoint,minutely,na,nearly,new,number,onto,ovary,ovoid-reniform,pair,pale,peduncle,per,perennial,pitted,plant,pointed,primary,pubescent,ray,red-papillose,reddish-brown,reflexed,rounded,seed,shaped,simple,size,somewhat,specified,stigma,strongly,style,tan,tear-drop,terminal,thicknes,tube,tuft,value,variation,vein,width,x,young							0.5,4.5-5.0,absent,appressed,articulation,basal,bract,branched,branching,breeding,broad-based,cell,connective,coriaceous,cuneate,difoliate,discrete,distinct,elliptic-oblong,enlarged,flat,fleshy,hair,heteromorphism,inflated,insertion,internodal,interpetalar,leaf-opposed,leathery,lower,marking,mature,modification,monochasial,needle-like,non-geminate,none,odour,orientation,paired,pattern,placement,plurifoliate,pore,position,radially,rhizome,round,scale,simple-entire,smell,spot,staman,stellate,stone,structure,swollen,symmetric,symmetry,sympodial,system,tissue,tuber,unbranched,unit,vegetative,xylopodia,zygomorphy	34.0	106.0	69.0	anther,apex,base,berry,calyx,colour,corolla,dendritic,filament,form,fruit,fruiting,green,growth,inflorescence,interjected,leaf,leaflet,length,margin,mm,pedicel,petiole,prickle,pseudostipule,shape,shrub,stem,surface,texture,trichome,type,white,winged	.5,0.5-1.5,0.9-1,1,1-1.2,1-1.3,1-1.5,1-5,1.5-2,1.5-5.5,2-2.5,3-4,4-5,4-6,4.5-5,5-14,6-10-flowered,6-7,abaxially,acute,adaxially,appearance,arrangement,attenuate,axil,bark,bi-lobed,branch,bud,characteristic,cm,conical,corrugation,dark,densely,dia,diameter,distal,divergently,drying,ellipsoid,elliptic,elongate,erect,exertion,exserted,giving,glabrous,glabrousnes,globose,greenish-white,height,history,later,lateral,life,lobe,lobed,lobing,long,main,midpoint,minutely,na,nearly,new,number,onto,ovary,ovoid-reniform,pair,pale,peduncle,per,perennial,pitted,plant,pointed,primary,pubescent,ray,red-papillose,reddish-brown,reflexed,rounded,seed,shaped,simple,size,somewhat,specified,stigma,strongly,style,tan,tear-drop,terminal,thicknes,tube,tuft,value,variation,vein,width,x,young	0.5,4.5-5.0,absent,appressed,articulation,basal,bract,branched,branching,breeding,broad-based,cell,connective,coriaceous,cuneate,difoliate,discrete,distinct,elliptic-oblong,enlarged,flat,fleshy,hair,heteromorphism,inflated,insertion,internodal,interpetalar,leaf-opposed,leathery,lower,marking,mature,modification,monochasial,needle-like,non-geminate,none,odour,orientation,paired,pattern,placement,plurifoliate,pore,position,radially,rhizome,round,scale,simple-entire,smell,spot,staman,stellate,stone,structure,swollen,symmetric,symmetry,sympodial,system,tissue,tuber,unbranched,unit,vegetative,xylopodia,zygomorphy
457	wfo-0001031300	invalid_json_followup	NA	43	NA	39	115	72	0.2-0.5,2.5-3.2,anther,apex,attenuate,base,berry,calyx,cell,colour,corolla,filament,form,fruit,fruiting,growth,inflorescence,interjected,leaf,leaflet,length,margin,membranous,mm,orange,pedicel,petiole,prickle,pseudostipule,red,shape,shrub,stellate,stem,surface,texture,trichome,type,white	-4,-5,.5,/4,0.2-0.4,0.2-1,0.3,0.5-0.9,0.5-18,0.5-2,0.6-0.8,0.6-1.2,0.7-0.9,0.7-1.2-2.2,0.8-1.5,1-2,1.2-1.7,1.5-3.5,10-20,2-3,2-4,2-5.5,2.2-2.3,2.2-2.7,3-4,5-15,acute,apart,apparently,arrangement,articulated,bark,branch,branched,brown,brown-green,bud,characteristic,chartaceous,cm,creeping,curved,deltate,densely,diameter,distal,dull,erect,exertion,filiform,flattened,flattened-reniform,glabrous,glabrousnes,gray-green,height,history,lateral,life,lobe,lobed,lobing,long,maturity,midpoint,moderately,na,near,new,number,oblanceolate,orange-brown,orange-green,outline,ovary,pair,pale,peduncle,per,pit,plant,poricidal,prickly,primary,pubescent,raised,rarely,ray,rounded,seed,simple,size,small,smooth,spaced,sparsely,spherical,stellate-pubescent,stigma,style,tapering,terete,terminal,thicknes,tip,tube,value,variation,vein,way,wide,width,yellow,yellow-green,yellow-orange							absent,appressed,articulation,basal,bract,branching,breeding,broad-based,connective,cuneate,dichasial,difoliate,discrete,distinct,eglandular,enlarged,flat,fleshy,fully,hair,hermaphroditic,heteromorphism,inflated,insertion,internodal,interpetalar,leathery,lower,marking,mature,modification,needle-like,non-geminate,none,odour,orientation,paired,pattern,placement,pore,position,present,present-inflorescence,present-leaf,present-stem,radially,recurved,rhizome,round,scale,simple-lobed,smell,spot,staman,stone,structure,swollen,symmetric,symmetry,sympodial,system,tapered-lanceolate,tissue,triangular,tuber,unbranched,unit,vegetative,vine,woody,xylopodia,zygomorphy	39.0	115.0	72.0	0.2-0.5,2.5-3.2,anther,apex,attenuate,base,berry,calyx,cell,colour,corolla,filament,form,fruit,fruiting,growth,inflorescence,interjected,leaf,leaflet,length,margin,membranous,mm,orange,pedicel,petiole,prickle,pseudostipule,red,shape,shrub,stellate,stem,surface,texture,trichome,type,white	-4,-5,.5,/4,0.2-0.4,0.2-1,0.3,0.5-0.9,0.5-18,0.5-2,0.6-0.8,0.6-1.2,0.7-0.9,0.7-1.2-2.2,0.8-1.5,1-2,1.2-1.7,1.5-3.5,10-20,2-3,2-4,2-5.5,2.2-2.3,2.2-2.7,3-4,5-15,acute,apart,apparently,arrangement,articulated,bark,branch,branched,brown,brown-green,bud,characteristic,chartaceous,cm,creeping,curved,deltate,densely,diameter,distal,dull,erect,exertion,filiform,flattened,flattened-reniform,glabrous,glabrousnes,gray-green,height,history,lateral,life,lobe,lobed,lobing,long,maturity,midpoint,moderately,na,near,new,number,oblanceolate,orange-brown,orange-green,outline,ovary,pair,pale,peduncle,per,pit,plant,poricidal,prickly,primary,pubescent,raised,rarely,ray,rounded,seed,simple,size,small,smooth,spaced,sparsely,spherical,stellate-pubescent,stigma,style,tapering,terete,terminal,thicknes,tip,tube,value,variation,vein,way,wide,width,yellow,yellow-green,yellow-orange	absent,appressed,articulation,basal,bract,branching,breeding,broad-based,connective,cuneate,dichasial,difoliate,discrete,distinct,eglandular,enlarged,flat,fleshy,fully,hair,hermaphroditic,heteromorphism,inflated,insertion,internodal,interpetalar,leathery,lower,marking,mature,modification,needle-like,non-geminate,none,odour,orientation,paired,pattern,placement,pore,position,present,present-inflorescence,present-leaf,present-stem,radially,recurved,rhizome,round,scale,simple-lobed,smell,spot,staman,stone,structure,swollen,symmetric,symmetry,sympodial,system,tapered-lanceolate,tissue,triangular,tuber,unbranched,unit,vegetative,vine,woody,xylopodia,zygomorphy
458	wfo-0001031310	invalid_json_followup	NA	40	NA	46	110	68	4.5-4.8,absent,anther,apex,base,berry,blue,branch,brown,calyx,cell,colour,corolla,cuneate,distal,filament,forked,form,fruit,fruiting,green,growth,hair,herb,inflorescence,interjected,leaf,leaflet,length,margin,membranous,mm,multicellular,pedicel,petiole,prickle,pseudostipule,purple,rotate,shape,simple,stem,surface,terminal,texture,type	.5,0-3,0.5-3,1-3,1-5.5,1-6,1.5-4,15-40,2-3,2.5-5.5,2.5-8.5,4-10,4-12,5.5-21,\u201chair-like\u201d,abaxially,acuminate,adaxially,arrangement,axillary,bark,blue-purple,brownish,bud,characteristic,chartaceous,cm,condition,connivent,corrugation,covering,decurrent,diameter,drying,erect-decumbent,exertion,flower,fresh,generally,glabrous,glabrousnes,globose,green-white,greenish,half,height,history,lanceolate,lateral,less,life,light,like,lob,lobe,lobing,make,midpoint,mottled,mucilaginous,na,narrowly,new,number,obtuse,odd-pinnate,ovary,ovate,ovate-elliptic,ovate-lanceolate,ovoid,pale,peduncle,per,petiolule,pilose,plant,primary,pubescent,ray,rosette-forming,seed,shortly,size,slightly,sometimes,somewhat,sparsely,stigma,streak,style,subellipsoid,subrosette-forming,subtending,testal,thick,thicknes,throughout,tube,unwinged,usually,value,variation,vein,wall,wet,white,whitish,width,x							1.0,1/2,appressed,articulation,bract,branching,breeding,broad-based,compound-entire,connective,distinct,eglandular,elliptic-oblong,elongating,enlarged,flat,fleshy,fork,fully,hermaphroditic,heteromorphism,inflated,insertion,interpetalar,leathery,lilac,lower,marking,mature,modification,monochasial,needle-like,none,odour,orientation,paired,pattern,pink,placement,plurifoliate,pore,position,present,present-pair,radially,rhizome,round,scale,simple-entire,smell,spot,staman,stellate,stone,structure,swollen,symmetric,symmetry,sympodial,system,tissue,trichome,trifoliate,tuber,unit,vegetative,xylopodia,zygomorphy	46.0	110.0	68.0	4.5-4.8,absent,anther,apex,base,berry,blue,branch,brown,calyx,cell,colour,corolla,cuneate,distal,filament,forked,form,fruit,fruiting,green,growth,hair,herb,inflorescence,interjected,leaf,leaflet,length,margin,membranous,mm,multicellular,pedicel,petiole,prickle,pseudostipule,purple,rotate,shape,simple,stem,surface,terminal,texture,type	.5,0-3,0.5-3,1-3,1-5.5,1-6,1.5-4,15-40,2-3,2.5-5.5,2.5-8.5,4-10,4-12,5.5-21,\u201chair-like\u201d,abaxially,acuminate,adaxially,arrangement,axillary,bark,blue-purple,brownish,bud,characteristic,chartaceous,cm,condition,connivent,corrugation,covering,decurrent,diameter,drying,erect-decumbent,exertion,flower,fresh,generally,glabrous,glabrousnes,globose,green-white,greenish,half,height,history,lanceolate,lateral,less,life,light,like,lob,lobe,lobing,make,midpoint,mottled,mucilaginous,na,narrowly,new,number,obtuse,odd-pinnate,ovary,ovate,ovate-elliptic,ovate-lanceolate,ovoid,pale,peduncle,per,petiolule,pilose,plant,primary,pubescent,ray,rosette-forming,seed,shortly,size,slightly,sometimes,somewhat,sparsely,stigma,streak,style,subellipsoid,subrosette-forming,subtending,testal,thick,thicknes,throughout,tube,unwinged,usually,value,variation,vein,wall,wet,white,whitish,width,x	1.0,1/2,appressed,articulation,bract,branching,breeding,broad-based,compound-entire,connective,distinct,eglandular,elliptic-oblong,elongating,enlarged,flat,fleshy,fork,fully,hermaphroditic,heteromorphism,inflated,insertion,interpetalar,leathery,lilac,lower,marking,mature,modification,monochasial,needle-like,none,odour,orientation,paired,pattern,pink,placement,plurifoliate,pore,position,present,present-pair,radially,rhizome,round,scale,simple-entire,smell,spot,staman,stellate,stone,structure,swollen,symmetric,symmetry,sympodial,system,tissue,trichome,trifoliate,tuber,unit,vegetative,xylopodia,zygomorphy
459	wfo-0001031316	success	49	39	7	34	112	84	acute,anther,apex,base,berry,branch,calyx,colour,corolla,filament,form,fruit,fruiting,growth,inflorescence,leaf,length,margin,marking,membranous,mm,orange,pedicel,petiole,purple,shape,shrub,simple,stem,surface,terminal,texture,trichome,type	-2,.1,/3,0.05-0.1,0.3-1,0.4-0.8,0.5-2,0.8-1.2,0.8-1.8,0.9-1.3,1.2-2.1,1.3-3.5,1.5-2,1.5-3.5,2-20,2-3,2.5-8,3-10,3.5-3.8,3.8-5,4-7,5-10,5-6,abaxially,acuminate,almost,ame,apically,apparently,arrangement,bark,blue-mauve,bright,c.,characteristic,cm,concolorous,connivent,cream,curved,dark,densely,diameter,discolorous,drying,dull,entire,erect,exertion,flattened-reniform,glabrescent,glabrous,glabrousnes,gray,green,height,held,history,inward,lateral,life,lobe,lobing,long,long-acuminate,lowermost,maturity,midpoint,moderately,multangulate,na,narrow-deltate,new,number,obtuse,orange-brown,ovary,ovate,pair,pale,peduncle,per,perennial,plant,poricidal,porrect,primary,ray,red-brown,seed,sessile,size,slender,sparsely,spherical,stellate-pubescent,stigma,strongly,style,tapering,terete,tip,tube,unarmed,vein,way,white,white-green,wide,yellow,yellow-green,young							0.6-5.0,5.0-11.0,absent,absent-inflorescence,absent-leaf,absent-stem,appressed,articulation,asymmetric,basal,bilaterally,blue,bract,branching,breeding,broad-based,cell,connective,cuneate,dichasial,difoliate,discrete,distinct,eglandular,enlarged,flat,fleshy,fork,forked,fully,hair,hermaphroditic,heteromorphism,inflated,insertion,interjected,internodal,interpetalar,leaflet,leathery,lilac,lower,mature,modification,multicellular,needle-like,non-geminate,none,odour,orientation,paired,pattern,pink,placement,pore,position,present,prickle,pseudostipule,radially,red,rhizome,round,scale,simple-entire,smell,spot,staman,stellate,stone,structure,swollen,symmetric,symmetry,sympodial,system,tapered-lanceolate,tissue,tuber,unbranched,unit,vegetative,xylopodia,zygomorphy	14.0	90.0	104.0	acute,anther,base,berry,length,marking,membranous,mm,orange,purple,shrub,simple,terminal,trichome	-2,.1,/3,0.05-0.1,0.3-1,0.4-0.8,0.5-2,0.8-1.2,0.8-1.8,0.9-1.3,1.2-2.1,1.3-3.5,1.5-2,1.5-3.5,2-20,2-3,2.5-8,3-10,3.5-3.8,3.8-5,4-7,5-10,5-6,abaxially,acuminate,almost,ame,apically,apparently,blue-mauve,bright,c.,cm,concolorous,connivent,cream,curved,dark,densely,diameter,discolorous,dull,entire,erect,flattened-reniform,glabrescent,glabrous,gray,green,held,inward,lateral,lobe,long,long-acuminate,lowermost,maturity,midpoint,moderately,multangulate,na,narrow-deltate,obtuse,orange-brown,ovate,pair,pale,per,perennial,poricidal,porrect,ray,red-brown,sessile,slender,sparsely,spherical,stellate-pubescent,strongly,tapering,terete,tip,unarmed,way,white,white-green,wide,yellow,yellow-green,young	0.6-5.0,5.0-11.0,absent,absent-inflorescence,absent-leaf,absent-stem,apex,appressed,articulation,asymmetric,basal,bilaterally,blue,bract,branch,branching,breeding,broad-based,calyx,cell,colour,connective,corolla,cuneate,dichasial,difoliate,discrete,distinct,eglandular,enlarged,filament,flat,fleshy,fork,forked,form,fruit,fruiting,fully,growth,hair,hermaphroditic,heteromorphism,inflated,inflorescence,insertion,interjected,internodal,interpetalar,leaf,leaflet,leathery,lilac,lower,margin,mature,modification,multicellular,needle-like,non-geminate,none,odour,orientation,paired,pattern,pedicel,petiole,pink,placement,pore,position,present,prickle,pseudostipule,radially,red,rhizome,round,scale,shape,simple-entire,smell,spot,staman,stellate,stem,stone,structure,surface,swollen,symmetric,symmetry,sympodial,system,tapered-lanceolate,texture,tissue,tuber,type,unbranched,unit,vegetative,xylopodia,zygomorphy
460	wfo-0001031333	success	44	39	7	32	86	77	anther,apex,base,berry,branch,colour,corolla,filament,form,fruit,fruiting,green,growth,inflorescence,leaf,length,margin,membranous,mm,pedicel,petiole,shape,simple,stem,surface,terminal,texture,truncate,type,vine,white,woody	+,.5,1-1.5,1-4,1-5,1.2-2,1.5,1.5-1.7,1.5-2,1/2,2,2.7-7,3-4,3/4,5-7,50,7-9,>,?,acuminate,acute,anthesi,arrangement,bark,bilobed,branched,broadly,brown,bud,capitate,caylx,characteristic,cm,conical,corrugation,densely,diameter,drying,ellipsoidal,elliptic,entire,exertion,exserted,flattened,glabrous,glabrousnes,globose,golden,greenish,height,history,immature,life,lobing,many,minute,minutely,na,narrowly,new,nodding,number,ovary,ovate,pair,pale,peduncle,per,pitted,plant,primary,pubescent,reniform,seed,size,somewhat,sparsely,stigma,strongly,style,time,tube,vein,way,x,yellowish							1.0-1.5,2.5-3.0,absent,appressed,articulation,bract,branching,breeding,broad-based,calyx,cell,connective,cup-shaped,distinct,eglandular,elliptic-oblong,elongating,enlarged,fleshy,fork,forked,fully,hair,hermaphroditic,heteromorphism,inflated,insertion,interjected,interpetalar,leaflet,leathery,lower,marking,mature,modification,monochasial,multi-branched,multicellular,near-basal,needle-like,none,odour,orientation,paired,pattern,placement,plurifoliate,pore,position,present,prickle,pseudostipule,radially,rhizome,rotate,round,rounded,scale,simple-entire,smell,spot,staman,stellate,stone,structure,swollen,symmetric,symmetry,sympodial,system,tissue,trichome,tuber,unit,vegetative,xylopodia,zygomorphy	11.0	60.0	98.0	base,berry,green,membranous,mm,simple,terminal,truncate,vine,white,woody	+,.5,1-1.5,1-4,1-5,1.2-2,1.5,1.5-1.7,1.5-2,1/2,2,2.7-7,3-4,3/4,5-7,50,7-9,>,?,acuminate,acute,anthesi,bilobed,branched,broadly,brown,capitate,cm,conical,densely,diameter,ellipsoidal,elliptic,entire,exserted,flattened,glabrous,globose,golden,greenish,immature,many,minute,minutely,na,narrowly,nodding,ovate,pair,pale,pitted,pubescent,reniform,somewhat,sparsely,strongly,time,way,x,yellowish	1.0-1.5,2.5-3.0,absent,anther,apex,appressed,articulation,bract,branch,branching,breeding,broad-based,calyx,cell,colour,connective,corolla,cup-shaped,distinct,eglandular,elliptic-oblong,elongating,enlarged,filament,fleshy,fork,forked,form,fruit,fruiting,fully,growth,hair,hermaphroditic,heteromorphism,inflated,inflorescence,insertion,interjected,interpetalar,leaf,leaflet,leathery,length,lower,margin,marking,mature,modification,monochasial,multi-branched,multicellular,near-basal,needle-like,none,odour,orientation,paired,pattern,pedicel,petiole,placement,plurifoliate,pore,position,present,prickle,pseudostipule,radially,rhizome,rotate,round,rounded,scale,shape,simple-entire,smell,spot,staman,stellate,stem,stone,structure,surface,swollen,symmetric,symmetry,sympodial,system,texture,tissue,trichome,tuber,type,unit,vegetative,xylopodia,zygomorphy
461	wfo-0001031333	success	47	39	8	37	95	72	anther,apex,base,berry,branch,calyx,colour,corolla,filament,form,fruit,fruiting,green,growth,inflorescence,interjected,leaf,leaflet,length,margin,membranous,mm,pedicel,petiole,prickle,pseudostipule,shape,simple,stem,surface,terminal,texture,truncate,type,vine,white,woody	+,.5,1-1.5,1-4,1-5,1.5,1.5-1.7,1.5-2,1/2,2.5-3,2.7-7,3-4,3/4,5-7,50,7-9,>,?,acuminate,acute,anthesi,appearance,arrangement,bark,bilobed,border,branched,broadly,brown,bud,capitate,characteristic,cm,corrugation,densely,diameter,distal,drying,ellipsoid,elliptic,entire,exertion,exserted,flattened,giving,glabrous,glabrousnes,globose,golden,greenish,height,history,immature,lateral,life,lobe,lobing,long,many,midpoint,minute,minutely,na,narrowly,new,nodding,number,ovary,ovate,pair,pale,peduncle,per,pitted,plant,primary,pubescent,ray,reniform,seed,size,somewhat,sparsely,stigma,strongly,style,thicknes,time,tube,variation,vein,way,wide,width,yellowish							1.0-1.5,2.5-3.0,absent,appressed,articulation,bract,branching,breeding,broad-based,cell,connective,cup-shaped,distinct,eglandular,elliptic-oblong,elongating,enlarged,fleshy,fork,forked,fully,hair,hermaphroditic,heteromorphism,inflated,insertion,interpetalar,leathery,lower,marking,mature,modification,monochasial,multi-branched,multicellular,near-basal,needle-like,none,odour,orientation,paired,pattern,placement,plurifoliate,pore,position,present,radially,rhizome,rotate,round,rounded,scale,simple-entire,smell,spot,staman,stellate,stone,structure,swollen,symmetric,symmetry,sympodial,system,tissue,trichome,tuber,unit,vegetative,xylopodia,zygomorphy	11.0	60.0	98.0	base,berry,green,membranous,mm,simple,terminal,truncate,vine,white,woody	+,.5,1-1.5,1-4,1-5,1.5,1.5-1.7,1.5-2,1/2,2.5-3,2.7-7,3-4,3/4,5-7,50,7-9,>,?,acuminate,acute,anthesi,bilobed,branched,broadly,brown,capitate,cm,densely,diameter,ellipsoid,elliptic,entire,exserted,flattened,glabrous,globose,golden,greenish,immature,long,many,minute,minutely,na,narrowly,nodding,ovate,pair,pale,per,pitted,pubescent,reniform,somewhat,sparsely,strongly,time,way,wide,yellowish	1.0-1.5,2.5-3.0,absent,anther,apex,appressed,articulation,bract,branch,branching,breeding,broad-based,calyx,cell,colour,connective,corolla,cup-shaped,distinct,eglandular,elliptic-oblong,elongating,enlarged,filament,fleshy,fork,forked,form,fruit,fruiting,fully,growth,hair,hermaphroditic,heteromorphism,inflated,inflorescence,insertion,interjected,interpetalar,leaf,leaflet,leathery,length,lower,margin,marking,mature,modification,monochasial,multi-branched,multicellular,near-basal,needle-like,none,odour,orientation,paired,pattern,pedicel,petiole,placement,plurifoliate,pore,position,present,prickle,pseudostipule,radially,rhizome,rotate,round,rounded,scale,shape,simple-entire,smell,spot,staman,stellate,stem,stone,structure,surface,swollen,symmetric,symmetry,sympodial,system,texture,tissue,trichome,tuber,type,unit,vegetative,xylopodia,zygomorphy
462	wfo-0001031359	invalid_json_followup	NA	38	NA	35	108	71	anther,apex,base,berry,calyx,colour,corolla,filament,form,fruit,fruiting,growth,inflorescence,interjected,internodal,leaf,leaflet,length,margin,mm,pedicel,petiole,prickle,pseudostipule,round,shape,shrub,simple,stem,surface,texture,trichome,type,white,yellow	.02,.25,.5,/4,0.5-1,0.5-6,1-4,1.1-1.6,1.2-1.6,1.2-2.5,1.3-1.6,1.9-2.3,12-21,2.5-3,3-3.5,3.6-8.8,5-30-flowered,5-angled,6-7,acuminate,alternate,angle,arrangement,attenuate,axil,bark,beneath,bi-lobed,branch,brown,bud,characteristic,cm,corrugation,dark,dia,diameter,distal,dried,drying,dull,elliptic,exertion,extending,flattened-reniform,glabrous,glabrousnes,globose,green,height,history,lateral,life,live,lobe,lobing,long,main,midpoint,minutely,na,narrowly,nearly,new,number,obovoid,occasionally,often,opposite,outline,ovary,papillae,papillose,peduncle,per,perennial,pit,pitted,plant,primary,ray,ripe,rusty,seed,shaped,shiny,size,slender,somewhat,specimen,stigma,style,tan,tapering,tear-drop,terminal,thicknes,tube,tuft,uniseriate,value,variation,vein,way,white-lenticellate,width,x,yellow-orange							0.25,3.0-3.5,absent,acute,appressed,articulation,basal,bract,branching,breeding,broad-based,cell,connective,cuneate,difoliate,discrete,distinct,eglandular,elliptic-oblong,enlarged,flat,fleshy,geminate,hair,heteromorphism,inflated,insertion,interpetalar,leaf-opposed,leathery,lower,marking,mature,membranous,modification,monochasial,multicellular,needle-like,none,odour,orange,orientation,paired,pattern,placement,pore,position,present,radially,red,rhizome,scale,simple-entire,smell,spot,staman,stellate,stone,structure,swollen,symmetric,symmetry,sympodial,system,tissue,tuber,unbranched,unit,vegetative,xylopodia,zygomorphy	35.0	108.0	71.0	anther,apex,base,berry,calyx,colour,corolla,filament,form,fruit,fruiting,growth,inflorescence,interjected,internodal,leaf,leaflet,length,margin,mm,pedicel,petiole,prickle,pseudostipule,round,shape,shrub,simple,stem,surface,texture,trichome,type,white,yellow	.02,.25,.5,/4,0.5-1,0.5-6,1-4,1.1-1.6,1.2-1.6,1.2-2.5,1.3-1.6,1.9-2.3,12-21,2.5-3,3-3.5,3.6-8.8,5-30-flowered,5-angled,6-7,acuminate,alternate,angle,arrangement,attenuate,axil,bark,beneath,bi-lobed,branch,brown,bud,characteristic,cm,corrugation,dark,dia,diameter,distal,dried,drying,dull,elliptic,exertion,extending,flattened-reniform,glabrous,glabrousnes,globose,green,height,history,lateral,life,live,lobe,lobing,long,main,midpoint,minutely,na,narrowly,nearly,new,number,obovoid,occasionally,often,opposite,outline,ovary,papillae,papillose,peduncle,per,perennial,pit,pitted,plant,primary,ray,ripe,rusty,seed,shaped,shiny,size,slender,somewhat,specimen,stigma,style,tan,tapering,tear-drop,terminal,thicknes,tube,tuft,uniseriate,value,variation,vein,way,white-lenticellate,width,x,yellow-orange	0.25,3.0-3.5,absent,acute,appressed,articulation,basal,bract,branching,breeding,broad-based,cell,connective,cuneate,difoliate,discrete,distinct,eglandular,elliptic-oblong,enlarged,flat,fleshy,geminate,hair,heteromorphism,inflated,insertion,interpetalar,leaf-opposed,leathery,lower,marking,mature,membranous,modification,monochasial,multicellular,needle-like,none,odour,orange,orientation,paired,pattern,placement,pore,position,present,radially,red,rhizome,scale,simple-entire,smell,spot,staman,stellate,stone,structure,swollen,symmetric,symmetry,sympodial,system,tissue,tuber,unbranched,unit,vegetative,xylopodia,zygomorphy
463	wfo-0001031362	success	40	38	7	31	84	70	anther,apex,attenuate,base,berry,calyx,colour,corolla,dendritic,filament,form,fruit,fruiting,growth,inflorescence,leaf,length,margin,mm,pedicel,petiole,plurifoliate,red,shape,shrub,stem,surface,texture,trichome,type,white	.2,.5,0.4-0.5,0.5-1,0.7-1,1-1.1,1-1.5,1-3,1-4,1.5-2,2-2.5,3-4,?,abaxially,acute,adaxially,appearance,arrangement,bark,branch,brown,bud,bushy,characteristic,closely,cm,conical,corrugation,densely,dia,diameter,drying,ellipsoid,exertion,flattened-reniform,giving,glabrous,glabrousnes,globose,golden,golden-brown,height,history,incrassate,lanceolate,lateral,life,lobed,lobing,long,main,minutely,na,nearly,new,nodding,orange-red,ovary,packed,pair,pale,peduncle,pitted,plant,primary,pubescent,pubesent,rounded,seed,shaped,simple,size,slender,small-capitate,somewhat,sparsely,stigma,style,subshrub,tan,tear-drop,tube,vein,x							0.5,2.0-2.5,absent,appressed,articulation,basal,bract,branched,branching,breeding,broad-based,cell,connective,discrete,distinct,elliptic-oblong,enlarged,flat,fleshy,hair,heteromorphism,inflated,insertion,interjected,internodal,interpetalar,leaf-opposed,leaflet,leathery,lower,marking,mature,membranous,modification,monochasial,needle-like,none,odour,orange,orientation,paired,pattern,placement,pore,position,prickle,pseudostipule,radially,rhizome,round,scale,simple-entire,smell,spot,staman,stellate,stone,structure,swollen,symmetric,symmetry,sympodial,system,tissue,tuber,unbranched,unit,vegetative,xylopodia,zygomorphy	11.0	60.0	90.0	attenuate,base,berry,dendritic,margin,mm,plurifoliate,red,shrub,trichome,white	.2,.5,0.4-0.5,0.5-1,0.7-1,1-1.1,1-1.5,1-3,1-4,1.5-2,2-2.5,3-4,?,abaxially,acute,adaxially,appearance,brown,bushy,closely,cm,conical,densely,dia,ellipsoid,flattened-reniform,giving,glabrous,globose,golden,golden-brown,incrassate,lanceolate,lateral,lobed,long,main,minutely,na,nearly,nodding,orange-red,packed,pair,pale,pitted,pubescent,pubesent,rounded,shaped,simple,slender,small-capitate,somewhat,sparsely,subshrub,tan,tear-drop,vein,x	0.5,2.0-2.5,absent,anther,apex,appressed,articulation,basal,bract,branched,branching,breeding,broad-based,calyx,cell,colour,connective,corolla,discrete,distinct,elliptic-oblong,enlarged,filament,flat,fleshy,form,fruit,fruiting,growth,hair,heteromorphism,inflated,inflorescence,insertion,interjected,internodal,interpetalar,leaf,leaf-opposed,leaflet,leathery,length,lower,marking,mature,membranous,modification,monochasial,needle-like,none,odour,orange,orientation,paired,pattern,pedicel,petiole,placement,pore,position,prickle,pseudostipule,radially,rhizome,round,scale,shape,simple-entire,smell,spot,staman,stellate,stem,stone,structure,surface,swollen,symmetric,symmetry,sympodial,system,texture,tissue,tuber,type,unbranched,unit,vegetative,xylopodia,zygomorphy
464	wfo-0001031400	success	43	40	9	36	93	76	absent,anther,apex,base,branch,calyx,cell,colour,corolla,distal,filament,form,fruit,fruiting,green,growth,inflorescence,interjected,leaf,leaflet,length,margin,mm,monochasial,pedicel,petiole,prickle,pseudostipule,shape,stellate,stem,surface,terminal,texture,type,white	0.25-0.8,0.4-1.7,0.6-1.8,0.7-6,0.8-1.1,1-4,1.2-2,1.5-5,10-11,2-5,2-9,4-13,4-6.5,4-7,4-7-25,5-12.5,6-23,7-28,acute,apically,appearance,arrangement,articulate,bark,border,branched,bud,characteristic,cm,corrugation,covering,cyme,dark,deeply,dehiscent,diameter,dichasial,dichasially,drying,ebracteate,exertion,giving,glabrousnes,globose,green-white,hair-like,height,herbaceous,history,lateral,life,linear,linear-lanceolate,lobe,lobing,long,make,midpoint,mucilaginous,na,new,number,oblique,oblong,odd-pinnate,ovary,ovoid,peduncle,per,perennial,plant,poricidally,primary,puberulent,ray,seed,size,stigma,straight,style,subglabrous,testal,thick,thicknes,tone,tube,variation,vein,violet,wall,wet,wide,width							1.0-4.0,1/2,1/4-1/2,4.0-6.5,appressed,articulation,asymmetric,basal,berry,bract,branching,breeding,broad-based,compound-entire,connective,cuneate,distinct,eglandular,elliptic-oblong,elongating,enlarged,flat,fleshy,fork,forked,fully,hair,herb,hermaphroditic,heteromorphism,inflated,insertion,interpetalar,leathery,lower,marking,mature,membranous,modification,multi-branched,multicellular,needle-like,none,odour,orientation,paired,pattern,placement,plurifoliate,pore,position,present,present-pair,radially,rhizome,round,scale,simple,smell,spot,staman,stone,structure,swollen,symmetric,symmetry,sympodial,system,tissue,trichome,trifoliate,tuber,unit,vegetative,xylopodia,zygomorphy	7.0	59.0	105.0	absent,cell,green,mm,monochasial,stellate,white	0.25-0.8,0.4-1.7,0.6-1.8,0.7-6,0.8-1.1,1-4,1.2-2,1.5-5,10-11,2-5,2-9,4-13,4-6.5,4-7,4-7-25,5-12.5,6-23,7-28,acute,apically,articulate,branched,cm,covering,cyme,dark,deeply,dehiscent,dichasial,dichasially,ebracteate,globose,green-white,hair-like,herbaceous,lateral,linear,linear-lanceolate,long,make,mucilaginous,na,oblique,oblong,odd-pinnate,ovoid,perennial,poricidally,puberulent,seed,straight,subglabrous,testal,thick,tone,violet,wall,wet,wide	1.0-4.0,1/2,1/4-1/2,4.0-6.5,anther,apex,appressed,articulation,asymmetric,basal,base,berry,bract,branch,branching,breeding,broad-based,calyx,colour,compound-entire,connective,corolla,cuneate,distal,distinct,eglandular,elliptic-oblong,elongating,enlarged,filament,flat,fleshy,fork,forked,form,fruit,fruiting,fully,growth,hair,herb,hermaphroditic,heteromorphism,inflated,inflorescence,insertion,interjected,interpetalar,leaf,leaflet,leathery,length,lower,margin,marking,mature,membranous,modification,multi-branched,multicellular,needle-like,none,odour,orientation,paired,pattern,pedicel,petiole,placement,plurifoliate,pore,position,present,present-pair,prickle,pseudostipule,radially,rhizome,round,scale,shape,simple,smell,spot,staman,stem,stone,structure,surface,swollen,symmetric,symmetry,sympodial,system,terminal,texture,tissue,trichome,trifoliate,tuber,type,unit,vegetative,xylopodia,zygomorphy
465	wfo-0001031401	success	46	39	7	39	114	75	anther,apex,attenuate,basal,base,berry,black,branch,calyx,colour,corolla,dendritic,dichasial,filament,fork,form,fruit,fruiting,growth,inflorescence,leaf,length,margin,mm,monochasial,pedicel,petiole,pore,shape,shrub,stem,surface,terminal,texture,tree,trichome,type,white,winged	0.5,0.6-1.2,0.8-1.2,1,1-1.4,1-1.5,1-6,1.1-3,1.5-2,1/2,2-2.4,2-5,2.5-4,3,3.5-4,3/4,5,5-9,7-9,abaxial,acute,adaxial,age,along,apical,appearing,arrangement,bark,becoming,bi-lobed,blade,brown,bud,characteristic,cm,corrugation,dark,deciduous,densely,diameter,drying,ecuador,ecuadorian,elliptic,exertion,exserted,finely,flattened,glabrous,glabrousnes,globose,golden,golden-yellow,height,history,lateral,lenticular,less,life,lobing,long,matted,minutely,na,narrowly,near,new,number,occasionally,often,outline,ovary,overtopping,pair,papillose,peduncle,per,pitted,plant,poricidal,primary,puberulent,pubescent,purplish-black,reddish-brown,rounded,roundish,secondary,seed,shiny,shoot,short,size,slit-like,small,sometimes,somewhat,sparsely,specimen,stigma,strongly,style,tapering,tip,tree-like,tube,usually,vein,violet,way,wide,x,yellow,young							1.5-2.0,3.5-4.0,absent,appressed,articulation,blue,bract,branched,branching,breeding,broad-based,cell,connective,coriaceous,cup-shaped,distinct,elliptic-oblong,elongating,enlarged,fleshy,forked,fully,hair,hermaphroditic,heteromorphism,inflated,insertion,interjected,internodal,interpetalar,leaflet,leathery,lilac,lower,marking,mature,membranous,modification,multi-branched,needle-like,none,odour,orientation,paired,pattern,pink,placement,plurifoliate,position,present,prickle,pseudostipule,purple,radially,rhizome,round,scale,simple-entire,smell,spot,staman,stellate,stone,structure,swollen,symmetric,symmetry,sympodial,system,tissue,tuber,unit,vegetative,xylopodia,zygomorphy	23.0	93.0	91.0	attenuate,basal,base,berry,black,branch,calyx,dendritic,dichasial,fork,leaf,mm,monochasial,petiole,pore,shrub,stem,surface,terminal,tree,trichome,white,winged	0.5,0.6-1.2,0.8-1.2,1,1-1.4,1-1.5,1-6,1.1-3,1.5-2,1/2,2-2.4,2-5,2.5-4,3,3.5-4,3/4,5,5-9,7-9,abaxial,acute,adaxial,age,along,apical,appearing,becoming,bi-lobed,blade,brown,cm,dark,deciduous,densely,diameter,drying,ecuador,ecuadorian,elliptic,exserted,finely,flattened,glabrous,globose,golden,golden-yellow,lateral,lenticular,less,long,matted,minutely,na,narrowly,near,new,occasionally,often,outline,overtopping,pair,papillose,pitted,poricidal,puberulent,pubescent,purplish-black,reddish-brown,rounded,roundish,secondary,shiny,shoot,short,slit-like,small,sometimes,somewhat,sparsely,specimen,strongly,tapering,tip,tree-like,tube,usually,vein,violet,way,wide,x,yellow,young	1.5-2.0,3.5-4.0,absent,anther,apex,appressed,articulation,blue,bract,branched,branching,breeding,broad-based,cell,colour,connective,coriaceous,corolla,cup-shaped,distinct,elliptic-oblong,elongating,enlarged,filament,fleshy,forked,form,fruit,fruiting,fully,growth,hair,hermaphroditic,heteromorphism,inflated,inflorescence,insertion,interjected,internodal,interpetalar,leaflet,leathery,length,lilac,lower,margin,marking,mature,membranous,modification,multi-branched,needle-like,none,odour,orientation,paired,pattern,pedicel,pink,placement,plurifoliate,position,present,prickle,pseudostipule,purple,radially,rhizome,round,scale,shape,simple-entire,smell,spot,staman,stellate,stone,structure,swollen,symmetric,symmetry,sympodial,system,texture,tissue,tuber,type,unit,vegetative,xylopodia,zygomorphy
466	wfo-0001031480	success	52	42	8	39	122	82	anther,apex,base,berry,branch,calyx,cell,colour,corolla,ellipsoid,filament,form,fruit,fruiting,growth,hair,inflorescence,interjected,leaf,leaflet,length,margin,marking,mm,pedicel,petiole,prickle,pseudostipule,purple,red,shape,shrub,stem,straight,surface,terminal,texture,trichome,type	/3,0.1-0.3,0.1-0.4,0.5-2,0.6-0.8,0.8-1,1-1.3,1-1.5,1-2,1-3,1.5-2.2,1.7-2.2,1.8-3,1/3,2-2.7,20-30,3-6,3-7,3.5-7,4-5,4-6,6-13,6-8,8-12,acuminate,acute,apically,apparently,appearance,arrangement,articulated,bark,border,bright,broad-deltate,characteristic,cm,cream,cuneate,curved,dark,deltate,densely,diameter,distal,dull,entire,erect,exertion,flattened-reniform,giving,glabrous,glabrousnes,glandular,green,height,history,lateral,life,lobe,lobed,lobing,long,maturity,mauve,midpoint,minutely,moderately,na,near,new,number,obtuse,orange-brown,outline,ovary,ovate,pair,pale,peduncle,per,pit,plant,poricidal,porrect,prickly,primary,raised,ray,red-brown,red-green,red-yellow-green,reticulate,scandent,seed,shallowly,simple,size,slender,small,smooth,spherical,spreading,stalked,stellate-pubescent,style,tapering,thick-chartaceous,thicknes,tip,truncate,tube,unarmed,upper,variation,variously,vein,way,wide,width,yellow,young							1.0-2.0,6.0-8.0,absent,absent-inflorescence,absent-leaf,absent-stem,andromonoecious,appressed,articulation,asymmetric,basal,blue,bract,branching,breeding,broad-based,connective,coriaceous,dichasial,difoliate,discrete,distinct,eglandular,enlarged,flat,fleshy,fork,forked,heteromorphism,inflated,insertion,internodal,interpetalar,leathery,lilac,lower,mature,membranous,modification,needle-like,non-geminate,none,odour,orange,orientation,paired,pattern,pink,placement,pore,position,present,present-inflorescence,present-leaf,present-stem,radially,recurved,rhizome,round,scale,simple-entire,simple-toothed,smell,spot,staman,stellate,stone,structure,swollen,symmetric,symmetry,sympodial,system,tapered-lanceolate,tissue,triangular,tuber,unbranched,unit,vegetative,xylopodia,zygomorphy	14.0	91.0	107.0	apex,base,berry,cell,ellipsoid,hair,marking,mm,purple,red,shrub,straight,terminal,trichome	/3,0.1-0.3,0.1-0.4,0.5-2,0.6-0.8,0.8-1,1-1.3,1-1.5,1-2,1-3,1.5-2.2,1.7-2.2,1.8-3,1/3,2-2.7,20-30,3-6,3-7,3.5-7,4-5,4-6,6-13,6-8,8-12,acuminate,acute,apically,apparently,articulated,bright,broad-deltate,cm,cream,cuneate,curved,dark,deltate,densely,diameter,dull,entire,erect,flattened-reniform,glabrous,glandular,green,lateral,lobed,long,maturity,mauve,minutely,moderately,na,near,obtuse,orange-brown,outline,ovate,pair,pale,pit,poricidal,porrect,prickly,raised,red-brown,red-green,red-yellow-green,reticulate,scandent,shallowly,simple,slender,small,smooth,spherical,spreading,stalked,stellate-pubescent,tapering,thick-chartaceous,tip,truncate,unarmed,upper,variously,way,wide,yellow,young	1.0-2.0,6.0-8.0,absent,absent-inflorescence,absent-leaf,absent-stem,andromonoecious,anther,appressed,articulation,asymmetric,basal,blue,bract,branch,branching,breeding,broad-based,calyx,colour,connective,coriaceous,corolla,dichasial,difoliate,discrete,distinct,eglandular,enlarged,filament,flat,fleshy,fork,forked,form,fruit,fruiting,growth,heteromorphism,inflated,inflorescence,insertion,interjected,internodal,interpetalar,leaf,leaflet,leathery,length,lilac,lower,margin,mature,membranous,modification,needle-like,non-geminate,none,odour,orange,orientation,paired,pattern,pedicel,petiole,pink,placement,pore,position,present,present-inflorescence,present-leaf,present-stem,prickle,pseudostipule,radially,recurved,rhizome,round,scale,shape,simple-entire,simple-toothed,smell,spot,staman,stellate,stem,stone,structure,surface,swollen,symmetric,symmetry,sympodial,system,tapered-lanceolate,texture,tissue,triangular,tuber,type,unbranched,unit,vegetative,xylopodia,zygomorphy
467	wfo-0001031483	success	44	38	7	33	98	68	anther,apex,attenuate,base,berry,calyx,colour,corolla,difoliate,filament,form,fruit,fruiting,geminate,green,growth,inflorescence,leaf,length,margin,mm,pedicel,petiole,pore,shape,shrub,stem,surface,sympodial,texture,type,unit,white	/2,0,0.5,0.5-2,1-2,1.2-1.4,1.7-5.5,11-20.5,2-2.5,3-4,3-8-flowered,6-10,7-10,across,acuminate,acute,almost,arrangement,bark,bearing,branch,bud,ca,characteristic,clavate,cm,corky,corrugation,decurrent,deltoid,dia,diameter,distal,dry,drying,end,exertion,exserted,filiform,flower,fresh,fusiform,glabrous,glabrousnes,height,history,indistinct,larger,lateral,lenticellate,life,linear,lobed,lobing,long,main,markedly,minutely,na,new,number,oblanceolate,obovate,obovoid,often,ovary,ovoid-reniform,pair,pale,paler,papillose,peduncle,per,plant,pointed,poricidal,primary,seed,shaped,short-triangular,simple,size,slender,slightly,soon,stigma,style,subshrub,tan,tapering,tear-drop,third,tip,tube,turbinate,vein,way,x							1.0,2.5,absent,appressed,articulation,basal,bract,branching,breeding,broad-based,cell,connective,cuneate,discrete,distinct,elliptic-oblong,enlarged,flat,fleshy,hair,heteromorphism,inflated,insertion,interjected,interpetalar,leaf-opposed,leaflet,leathery,lower,marking,mature,membranous,modification,monochasial,needle-like,none,odour,orientation,ovoid,paired,pattern,placement,position,present,prickle,pseudostipule,radially,rhizome,scale,simple-entire,smell,spot,staman,stellate,stone,structure,swollen,symmetric,symmetry,system,tissue,trichome,tuber,unbranched,vegetative,winged,xylopodia,zygomorphy	14.0	75.0	87.0	attenuate,base,berry,calyx,difoliate,geminate,green,mm,pore,shrub,stem,sympodial,unit,white	/2,0,0.5,0.5-2,1-2,1.2-1.4,1.7-5.5,11-20.5,2-2.5,3-4,3-8-flowered,6-10,7-10,across,acuminate,acute,almost,bearing,ca,clavate,cm,corky,decurrent,deltoid,dia,distal,dry,end,exserted,filiform,flower,fresh,fusiform,glabrous,indistinct,larger,lateral,lenticellate,linear,lobed,long,main,markedly,minutely,na,oblanceolate,obovate,obovoid,often,ovoid-reniform,pair,pale,paler,papillose,per,pointed,poricidal,shaped,short-triangular,simple,slender,slightly,soon,style,subshrub,tan,tapering,tear-drop,third,tip,tube,turbinate,vein,way,x	1.0,2.5,absent,anther,apex,appressed,articulation,basal,bract,branching,breeding,broad-based,cell,colour,connective,corolla,cuneate,discrete,distinct,elliptic-oblong,enlarged,filament,flat,fleshy,form,fruit,fruiting,growth,hair,heteromorphism,inflated,inflorescence,insertion,interjected,interpetalar,leaf,leaf-opposed,leaflet,leathery,length,lower,margin,marking,mature,membranous,modification,monochasial,needle-like,none,odour,orientation,ovoid,paired,pattern,pedicel,petiole,placement,position,present,prickle,pseudostipule,radially,rhizome,scale,shape,simple-entire,smell,spot,staman,stellate,stone,structure,surface,swollen,symmetric,symmetry,system,texture,tissue,trichome,tuber,type,unbranched,vegetative,winged,xylopodia,zygomorphy
468	wfo-0001031492	success	45	38	6	37	107	73	0.5,absent,anther,apex,attenuate,basal,base,berry,branch,branching,calyx,colour,corolla,filament,form,fruit,fruiting,growth,inflorescence,leaf,length,margin,mm,monochasial,pedicel,petiole,plurifoliate,pore,shape,shrub,stem,surface,terminal,texture,trichome,type,winged	.5,/4,0.7-1.3,0.9-1.1,08,1-1.3,1-1.5,1.3-2,1.5-1.8,1.5-2.5,10-15,2-10,2-3,2-5,20,3-4,3-5,4-10,4-4.5,6-8,8-11,8-9,acuminate,acute,age,apical,appearing,arrangement,bark,becoming,bi-lobed,bud,characteristic,cm,conical,dark,decurrent,densely,diameter,distinguishable,drying,dull,echinoid,elliptic,exertion,exserted,flattened,flower,glabrous,glabrousnes,globose,golden,grey,height,history,lamina,lateral,lenticular,life,lightly,lobed,lobing,long,minutely,na,narrowly,new,number,ovary,overtopping,pair,papillose,peduncle,per,pitted,plant,poricidal,predominantly,primary,pubescent,purplish-black,pyramidal,reddish-brown,scarcely,scattered,secondary,seed,shiny,shoot,short,size,slit-like,sometimes,sparsely,stigma,strongly,style,tapering,time,tip,tree-like,tube,vein,violet,way,wide,x							4.0-4.5,appressed,articulation,black,blue,bract,branched,breeding,broad-based,cell,connective,cup-shaped,dendritic,distinct,elliptic-oblong,elongating,enlarged,fleshy,fork,forked,fully,hair,hermaphroditic,heteromorphism,inflated,insertion,interjected,internodal,interpetalar,leaflet,leathery,lilac,lower,marking,mature,membranous,modification,multi-branched,needle-like,none,odour,orientation,paired,pattern,pink,placement,position,present,prickle,pseudostipule,purple,radially,rhizome,scale,simple-entire,smell,spot,staman,stellate,stone,structure,swollen,symmetric,symmetry,sympodial,system,tissue,tree,tuber,unit,vegetative,xylopodia,zygomorphy	22.0	88.0	88.0	0.5,absent,attenuate,basal,base,berry,branching,calyx,fruit,growth,leaf,mm,monochasial,petiole,plurifoliate,pore,shrub,stem,surface,terminal,trichome,winged	.5,/4,0.7-1.3,0.9-1.1,08,1-1.3,1-1.5,1.3-2,1.5-1.8,1.5-2.5,10-15,2-10,2-3,2-5,20,3-4,3-5,4-10,4-4.5,6-8,8-11,8-9,acuminate,acute,age,apical,appearing,becoming,bi-lobed,cm,conical,dark,decurrent,densely,diameter,distinguishable,drying,dull,echinoid,elliptic,exserted,flattened,flower,glabrous,globose,golden,grey,lamina,lateral,lenticular,lightly,lobed,long,minutely,na,narrowly,overtopping,pair,papillose,per,pitted,poricidal,predominantly,pubescent,purplish-black,pyramidal,reddish-brown,scarcely,scattered,secondary,shiny,shoot,short,slit-like,sometimes,sparsely,strongly,style,tapering,time,tip,tree-like,tube,vein,violet,way,wide,x	4.0-4.5,anther,apex,appressed,articulation,black,blue,bract,branch,branched,breeding,broad-based,cell,colour,connective,corolla,cup-shaped,dendritic,distinct,elliptic-oblong,elongating,enlarged,filament,fleshy,fork,forked,form,fruiting,fully,hair,hermaphroditic,heteromorphism,inflated,inflorescence,insertion,interjected,internodal,interpetalar,leaflet,leathery,length,lilac,lower,margin,marking,mature,membranous,modification,multi-branched,needle-like,none,odour,orientation,paired,pattern,pedicel,pink,placement,position,present,prickle,pseudostipule,purple,radially,rhizome,scale,shape,simple-entire,smell,spot,staman,stellate,stone,structure,swollen,symmetric,symmetry,sympodial,system,texture,tissue,tree,tuber,type,unit,vegetative,xylopodia,zygomorphy
469	wfo-0001031503	success	35	36	7	40	96	71	anther,apex,base,branch,calyx,colour,corolla,cuneate,eglandular,filament,forked,form,fruit,fruiting,growth,hair,inflorescence,interjected,leaf,leaflet,length,margin,mm,orange,pedicel,petiole,prickle,pseudostipule,rounded,shape,shrub,simple,stem,surface,terminal,texture,truncate,type,unbranched,white	-10,-15,-30,-7,0.3-3,0.5-1,0.5-4,1-1.5-7,1-2.5,1-3,1-5,2-3,2.5-10,3-15-25,3-4,3-5,6-7,7-10,7-15,abruptly,acuminate,acute,angled,appearance,arrangement,bark,border,branched,bud,characteristic,chartaceous,cm,connivent,corrugation,decurrent,deltate,densely,diameter,distal,distally,drying,elliptic,entire,exertion,flower,giving,glabrous,glabrousnes,globose,height,history,lanceolate,lateral,life,lobe,lobing,midpoint,moderately,na,narrowed,narrowly,new,number,obtuse,often,ovary,ovate,peduncle,per,perennial,plant,primary,puberulent,pubescent,rarely,ray,reddish,ripe,rugose-pubescent,seed,size,slightly,sparsely,stigma,style,subcapitate,thicknes,tip,triangular,tube,unequal,usually,variation,vein,width,x							6.0-10.0,absent,appressed,articulation,basal,berry,bract,branching,breeding,broad-based,cell,connective,discrete,distinct,enlarged,flat,fleshy,fork,fully,glandular,hermaphroditic,heteromorphism,inflated,insertion,internodal,interpetalar,leathery,lower,marking,mature,membranous,modification,multi-branched,multicellular,needle-like,none,odour,orientation,paired,pattern,placement,plurifoliate,pore,position,present,radially,red,rhizome,round,scale,simple-entire,smell,spot,staman,stellate,stone,structure,swollen,symmetric,symmetry,sympodial,system,tapered-lanceolate,tissue,trichome,tuber,unit,vegetative,winged,xylopodia,zygomorphy	14.0	60.0	97.0	apex,base,cuneate,eglandular,forked,hair,mm,orange,rounded,shrub,simple,truncate,unbranched,white	-10,-15,-30,-7,0.3-3,0.5-1,0.5-4,1-1.5-7,1-2.5,1-3,1-5,2-3,2.5-10,3-15-25,3-4,3-5,6-7,7-10,7-15,abruptly,acuminate,acute,angled,branched,chartaceous,cm,connivent,decurrent,deltate,densely,diameter,distally,elliptic,entire,flower,glabrous,globose,lanceolate,moderately,na,narrowed,narrowly,obtuse,often,ovate,perennial,puberulent,pubescent,rarely,reddish,ripe,rugose-pubescent,slightly,sparsely,subcapitate,tip,triangular,unequal,usually,x	6.0-10.0,absent,anther,appressed,articulation,basal,berry,bract,branch,branching,breeding,broad-based,calyx,cell,colour,connective,corolla,discrete,distinct,enlarged,filament,flat,fleshy,fork,form,fruit,fruiting,fully,glandular,growth,hermaphroditic,heteromorphism,inflated,inflorescence,insertion,interjected,internodal,interpetalar,leaf,leaflet,leathery,length,lower,margin,marking,mature,membranous,modification,multi-branched,multicellular,needle-like,none,odour,orientation,paired,pattern,pedicel,petiole,placement,plurifoliate,pore,position,present,prickle,pseudostipule,radially,red,rhizome,round,scale,shape,simple-entire,smell,spot,staman,stellate,stem,stone,structure,surface,swollen,symmetric,symmetry,sympodial,system,tapered-lanceolate,terminal,texture,tissue,trichome,tuber,type,unit,vegetative,winged,xylopodia,zygomorphy
470	wfo-0001031586	success	36	38	4	34	88	70	absent,acute,anther,apex,base,calyx,colour,corolla,filament,form,fruit,fruiting,green,growth,inflorescence,interjected,leaf,leaflet,length,margin,mm,pedicel,petiole,prickle,pseudostipule,shape,shrub,simple,stem,surface,texture,type,white,yellow	.25,0.1-1,0.5-1,1-1.2,1-2,1.3-5,1.4-2.5,2,3-11,7-10-flowered,alternate,appearance,arrangement,attenuate,bark,beneath,border,branch,bright,broadly,bud,capitate,characteristic,cm,completely,conical,corrugation,cream-colored,diameter,distal,drying,ellipsoid,elliptic,exerted,exertion,giving,glabrous,glabrousnes,globose,greenish,height,history,lateral,life,lobe,lobed,lobing,long,midpoint,na,nearly,new,number,olive,onto,open,ovary,pale,papillate,peduncle,per,perennial,plant,poricidal,primary,prominent,raised,ray,ridged,seed,shiny,size,somewhat,soon,stigma,style,tapering,terminal,thickened,thicknes,tip,truncate,tube,variation,vein,width,x,yellowish							1.0,5.0-6.0,appressed,articulation,basal,berry,bract,branching,breeding,broad-based,cell,connective,cuneate,difoliate,discrete,distinct,eglandular,elliptic-oblong,enlarged,flat,fleshy,geminate,hair,heteromorphism,inflated,insertion,interpetalar,leaf-opposed,leathery,lower,marking,mature,modification,monochasial,multicellular,needle-like,none,odour,orientation,paired,pattern,placement,pore,position,present,radially,rhizome,round,scale,simple-entire,smell,spot,staman,stellate,stone,structure,swollen,symmetric,symmetry,sympodial,system,tissue,trichome,tuber,unbranched,unit,vegetative,winged,xylopodia,zygomorphy	11.0	51.0	93.0	absent,acute,base,calyx,green,mm,petiole,shrub,simple,white,yellow	.25,0.1-1,0.5-1,1-1.2,1-2,1.3-5,1.4-2.5,2,3-11,7-10-flowered,alternate,attenuate,beneath,bright,broadly,capitate,cm,completely,conical,cream-colored,drying,ellipsoid,elliptic,exerted,glabrous,globose,greenish,lobe,lobed,long,na,nearly,olive,onto,open,pale,papillate,perennial,poricidal,prominent,raised,ridged,shiny,somewhat,soon,tapering,thickened,tip,truncate,x,yellowish	1.0,5.0-6.0,anther,apex,appressed,articulation,basal,berry,bract,branching,breeding,broad-based,cell,colour,connective,corolla,cuneate,difoliate,discrete,distinct,eglandular,elliptic-oblong,enlarged,filament,flat,fleshy,form,fruit,fruiting,geminate,growth,hair,heteromorphism,inflated,inflorescence,insertion,interjected,interpetalar,leaf,leaf-opposed,leaflet,leathery,length,lower,margin,marking,mature,modification,monochasial,multicellular,needle-like,none,odour,orientation,paired,pattern,pedicel,placement,pore,position,present,prickle,pseudostipule,radially,rhizome,round,scale,shape,simple-entire,smell,spot,staman,stellate,stem,stone,structure,surface,swollen,symmetric,symmetry,sympodial,system,texture,tissue,trichome,tuber,type,unbranched,unit,vegetative,winged,xylopodia,zygomorphy
471	wfo-0001031587	success	31	38	4	29	71	75	acute,anther,apex,base,calyx,colour,corolla,dendritic,filament,fleshy,form,fruit,growth,inflorescence,leaf,length,margin,mm,pedicel,petiole,shape,stem,surface,texture,tree,trichome,type,white,winged	0.8-1,1,1-1.5,1.7-2,12-16,17-30,2,2-2.5,2-9-celled,2/3,5,arrangement,attenuate,bark,bi-lobed,broadly,bud,characteristic,clavate,cm,conical,corrugation,decurrent,densely,diameter,drying,elliptic-ovoid,exertion,exserted,furcate,glabrous,globose,golden-red,height,history,lateral,life,lobing,main,minutely,na,number,oblique,occasionally,ovary,pale,papillose,parallel,peduncle,per,perennial,plant,primary,pubescent,rarely,reddish-grey,seed,shaped,simple,size,soft,somewhat,stigma,style,tear-drop,thick,tube,uniseriate,vein,way,x							1.0,6.0-7.0,absent,appressed,articulation,asymmetric,basal,berry,bract,branched,branching,breeding,broad-based,cell,connective,difoliate,discrete,distinct,elliptic-oblong,enlarged,flat,fruiting,geminate,green,hair,heteromorphism,inflated,insertion,interjected,internodal,interpetalar,leaf-opposed,leaflet,leathery,lower,marking,mature,modification,monochasial,needle-like,none,odour,orientation,paired,pattern,placement,pore,position,present,prickle,pseudostipule,radially,rhizome,round,rounded,scale,simple-entire,smell,spot,staman,stellate,stone,structure,swollen,symmetric,symmetry,sympodial,system,tissue,tuber,unbranched,unit,vegetative,xylopodia,zygomorphy	10.0	48.0	94.0	acute,base,dendritic,fleshy,leaf,mm,tree,trichome,white,winged	0.8-1,1,1-1.5,1.7-2,12-16,17-30,2,2-2.5,2-9-celled,2/3,5,attenuate,bi-lobed,broadly,clavate,cm,conical,decurrent,densely,elliptic-ovoid,exserted,furcate,glabrous,globose,golden-red,lateral,main,minutely,na,oblique,occasionally,pale,papillose,parallel,perennial,pubescent,rarely,reddish-grey,shaped,simple,soft,somewhat,tear-drop,thick,uniseriate,vein,way,x	1.0,6.0-7.0,absent,anther,apex,appressed,articulation,asymmetric,basal,berry,bract,branched,branching,breeding,broad-based,calyx,cell,colour,connective,corolla,difoliate,discrete,distinct,elliptic-oblong,enlarged,filament,flat,form,fruit,fruiting,geminate,green,growth,hair,heteromorphism,inflated,inflorescence,insertion,interjected,internodal,interpetalar,leaf-opposed,leaflet,leathery,length,lower,margin,marking,mature,modification,monochasial,needle-like,none,odour,orientation,paired,pattern,pedicel,petiole,placement,pore,position,present,prickle,pseudostipule,radially,rhizome,round,rounded,scale,shape,simple-entire,smell,spot,staman,stellate,stem,stone,structure,surface,swollen,symmetric,symmetry,sympodial,system,texture,tissue,tuber,type,unbranched,unit,vegetative,xylopodia,zygomorphy
472	wfo-0001031589	success	42	43	7	34	103	86	0.2-0.5,anther,apex,attenuate,base,berry,calyx,cell,colour,corolla,filament,form,fruit,fruiting,growth,inflorescence,leaf,length,lower,margin,marking,membranous,mm,pedicel,petiole,prickle,shape,shrub,stem,surface,texture,type,white,yellow	-6.5,0.1-0.5,0.4,0.5-1,0.55-0.7,0.6-1.2,0.8-2.3,0.9-1.3,0.9-1.6,1-1.8,1.2-1.5,1.7-2.5,1.8-2.9,1/3,1/3-1/4,2.5-6,20-30,3-5,3/4,acute,apically,appearance,arrangement,articulated,border,bright,brown-green,bud,caudate,characteristic,chartaceous,cm,cream,dark,deltate,densely,diameter,dull,elliptic,erect,exertion,flattened-reniform,giving,glabrous,glabrousnes,gray-green,green,height,history,lateral,life,lobe,lobed,lobing,long,long-obovate,maturity,mauve,moderately,na,narrow-cuneate,new,number,occasionally,often,orange-brown,outline,ovary,pair,pale,peduncle,per,perennial,pit,plant,poricidal,prickly,primary,raised,rounded,seed,shiny,simple,size,small,smooth,sparsely,spherical,stellate-pubescent,stigma,style,subentire,tapering,tip,tube,upper,vein,way,whole,wide,width,yellow-green,young							2.8-4.0,absent,absent-inflorescence,absent-leaf,andromonoecious,appressed,articulation,asymmetric,basal,blue,bract,branching,breeding,broad-based,connective,cuneate,dichasial,difoliate,discrete,distinct,eglandular,enlarged,flat,fleshy,fully,hair,hermaphroditic,heteromorphism,inflated,insertion,interjected,internodal,interpetalar,leaflet,leathery,lilac,mature,modification,needle-like,non-geminate,none,odour,orientation,paired,pattern,pink,placement,pore,position,present,present-inflorescence,present-leaf,present-stem,pseudostipule,purple,radially,recurved,rhizome,round,scale,simple-entire,simple-lobed,smell,spot,staman,stellate,stone,straight,structure,swollen,symmetric,symmetry,sympodial,system,tapered-lanceolate,tissue,triangular,trichome,tuber,unbranched,unit,vegetative,vine,woody,xylopodia,zygomorphy	13.0	76.0	107.0	0.2-0.5,attenuate,base,berry,cell,length,lower,marking,membranous,mm,shrub,white,yellow	-6.5,0.1-0.5,0.4,0.5-1,0.55-0.7,0.6-1.2,0.8-2.3,0.9-1.3,0.9-1.6,1-1.8,1.2-1.5,1.7-2.5,1.8-2.9,1/3,1/3-1/4,2.5-6,20-30,3-5,3/4,acute,apically,articulated,bright,brown-green,caudate,chartaceous,cm,cream,dark,deltate,densely,diameter,dull,elliptic,erect,flattened-reniform,glabrous,gray-green,green,lateral,lobed,long,long-obovate,maturity,mauve,moderately,na,narrow-cuneate,occasionally,often,orange-brown,outline,pair,pale,perennial,pit,poricidal,prickly,raised,rounded,shiny,simple,small,smooth,sparsely,spherical,stellate-pubescent,subentire,tapering,tip,upper,way,whole,wide,yellow-green,young	2.8-4.0,absent,absent-inflorescence,absent-leaf,andromonoecious,anther,apex,appressed,articulation,asymmetric,basal,blue,bract,branching,breeding,broad-based,calyx,colour,connective,corolla,cuneate,dichasial,difoliate,discrete,distinct,eglandular,enlarged,filament,flat,fleshy,form,fruit,fruiting,fully,growth,hair,hermaphroditic,heteromorphism,inflated,inflorescence,insertion,interjected,internodal,interpetalar,leaf,leaflet,leathery,lilac,margin,mature,modification,needle-like,non-geminate,none,odour,orientation,paired,pattern,pedicel,petiole,pink,placement,pore,position,present,present-inflorescence,present-leaf,present-stem,prickle,pseudostipule,purple,radially,recurved,rhizome,round,scale,shape,simple-entire,simple-lobed,smell,spot,staman,stellate,stem,stone,straight,structure,surface,swollen,symmetric,symmetry,sympodial,system,tapered-lanceolate,texture,tissue,triangular,trichome,tuber,type,unbranched,unit,vegetative,vine,woody,xylopodia,zygomorphy
473	wfo-0001031609	success	33	36	6	35	86	73	anther,apex,base,calyx,colour,corolla,cuneate,filament,forked,form,fruit,fruiting,green,growth,inflorescence,interjected,leaf,leaflet,length,margin,mm,orange,pedicel,petiole,prickle,pseudostipule,shape,shrub,stem,surface,texture,tree,type,unbranched,yellow	0.5-3,1-10,1-6,1.3-3,10-25,2-3,2-3-9-lobed,20-25,3-24,4,4-5,4-6,4.5-60,abaxially,acute,adaxially,apiculate,appearance,around,arrangement,bark,bilobed,border,branch,brownish,bud,characteristic,cm,connivent,corrugation,deltate,dia,diameter,distal,drying,ellipsoidal,elliptic,entire,exertion,flattened,giving,glabrous,glabrousnes,globose,height,history,lateral,life,lobe,lobed,lobing,midpoint,na,new,number,obovate,obtuse,ovary,peduncle,per,pinnately,plant,primary,puberulent,ray,reticulate,ripe,seed,shallowly,simple,size,small,stigma,style,succulent,terminal,thicknes,tip,triangular,truncate,tube,unlobed,variation,vein,width,x							3.0-5.0,absent,appressed,articulation,axillary,basal,berry,blue,bract,branching,breeding,broad-based,campanulate,cell,connective,discrete,distinct,elliptic-oblong,enlarged,flat,fleshy,fully,hair,hermaphroditic,heteromorphism,inflated,insertion,interpetalar,leathery,lilac,lower,marking,mature,modification,needle-like,none,obovoid,odour,orientation,paired,pattern,pink,placement,pore,position,present,purple,radially,red,rhizome,round,scale,simple-entire,simple-lobed,smell,spot,staman,stellate,stone,structure,swollen,symmetric,symmetry,sympodial,system,tissue,trichome,trifoliate,tuber,unit,vegetative,xylopodia,zygomorphy	12.0	48.0	96.0	apex,base,cuneate,forked,green,margin,mm,orange,shrub,tree,unbranched,yellow	0.5-3,1-10,1-6,1.3-3,10-25,2-3,2-3-9-lobed,20-25,3-24,4,4-5,4-6,4.5-60,abaxially,acute,adaxially,apiculate,around,bilobed,brownish,cm,connivent,deltate,dia,diameter,ellipsoidal,elliptic,entire,flattened,glabrous,globose,lobed,na,obovate,obtuse,pinnately,puberulent,reticulate,ripe,shallowly,simple,small,succulent,tip,triangular,truncate,unlobed,x	3.0-5.0,absent,anther,appressed,articulation,axillary,basal,berry,blue,bract,branching,breeding,broad-based,calyx,campanulate,cell,colour,connective,corolla,discrete,distinct,elliptic-oblong,enlarged,filament,flat,fleshy,form,fruit,fruiting,fully,growth,hair,hermaphroditic,heteromorphism,inflated,inflorescence,insertion,interjected,interpetalar,leaf,leaflet,leathery,length,lilac,lower,marking,mature,modification,needle-like,none,obovoid,odour,orientation,paired,pattern,pedicel,petiole,pink,placement,pore,position,present,prickle,pseudostipule,purple,radially,red,rhizome,round,scale,shape,simple-entire,simple-lobed,smell,spot,staman,stellate,stem,stone,structure,surface,swollen,symmetric,symmetry,sympodial,system,texture,tissue,trichome,trifoliate,tuber,type,unit,vegetative,xylopodia,zygomorphy
474	wfo-0001031615	success	44	38	7	36	90	70	acute,anther,apex,base,berry,calyx,colour,corolla,difoliate,filament,form,fruit,fruiting,geminate,glandular,green,growth,inflorescence,leaf,length,margin,mm,pedicel,petiole,shape,shrub,simple,stem,surface,sympodial,texture,tree,type,unit,white,winged	.5,0,0.5,0.8-1,0.9-1.1,1-1.6,1.3-1.8,1.5,1.5-5,11-15.5,2-4.2,3.8-6.1,4-6.5,5-20-flowered,5-6,6-8,8-10,acuminate,arrangement,attenuate,bark,bilobed,branch,brown,bud,capitate,characteristic,cm,corrugation,dark,dark-papillose,decurred,decurrent,deep,dia,diameter,drying,elliptic,exertion,exserted,flattened-reniform,furcate,glabrous,glabrousnes,globose,height,hirsute,history,lateral,less,life,lobed,lobing,long,main,major,maroon,minor,minutely,na,nearly,new,number,occasionally,older,opposite,ovary,pair,peduncle,per,pitted,plant,primary,scarcely,seed,shaped,size,slender,small,stigma,straight,style,subumbellate,tapering,tear-drop,tube,urceolate,vein,x,young							1.0,3.0,absent,appressed,articulation,basal,bract,branching,breeding,broad-based,cell,connective,discrete,distinct,eglandular,elliptic-oblong,enlarged,flat,fleshy,forked,hair,heteromorphism,inflated,insertion,interjected,interpetalar,leaf-opposed,leaflet,leathery,lower,marking,mature,membranous,modification,monochasial,multicellular,needle-like,none,odour,orientation,paired,pattern,placement,pore,position,present,prickle,pseudostipule,radially,rhizome,round,scale,simple-entire,smell,spot,staman,stellate,stone,structure,swollen,symmetric,symmetry,system,tissue,trichome,tuber,unbranched,vegetative,xylopodia,zygomorphy	17.0	65.0	89.0	acute,base,berry,calyx,difoliate,geminate,glandular,green,leaf,mm,shrub,simple,sympodial,tree,unit,white,winged	.5,0,0.5,0.8-1,0.9-1.1,1-1.6,1.3-1.8,1.5,1.5-5,11-15.5,2-4.2,3.8-6.1,4-6.5,5-20-flowered,5-6,6-8,8-10,acuminate,attenuate,bilobed,brown,capitate,cm,dark,dark-papillose,decurred,decurrent,deep,dia,elliptic,exserted,flattened-reniform,furcate,glabrous,globose,hirsute,lateral,less,lobed,long,main,major,maroon,minor,minutely,na,nearly,occasionally,older,opposite,pair,pitted,scarcely,shaped,slender,small,straight,subumbellate,tapering,tear-drop,tube,urceolate,vein,x,young	1.0,3.0,absent,anther,apex,appressed,articulation,basal,bract,branching,breeding,broad-based,cell,colour,connective,corolla,discrete,distinct,eglandular,elliptic-oblong,enlarged,filament,flat,fleshy,forked,form,fruit,fruiting,growth,hair,heteromorphism,inflated,inflorescence,insertion,interjected,interpetalar,leaf-opposed,leaflet,leathery,length,lower,margin,marking,mature,membranous,modification,monochasial,multicellular,needle-like,none,odour,orientation,paired,pattern,pedicel,petiole,placement,pore,position,present,prickle,pseudostipule,radially,rhizome,round,scale,shape,simple-entire,smell,spot,staman,stellate,stem,stone,structure,surface,swollen,symmetric,symmetry,system,texture,tissue,trichome,tuber,type,unbranched,vegetative,xylopodia,zygomorphy
475	wfo-0001031618	success	37	39	8	38	94	78	anther,apex,base,berry,calyx,colour,corolla,cuneate,ellipsoid,filament,form,fruit,fruiting,glandular,green,growth,hair,inflorescence,interjected,leaf,leaflet,length,margin,mm,obovoid,ovoid,pedicel,petiole,prickle,pseudostipule,purple,shape,shrub,simple,stem,surface,texture,type	0-3,1-1.5,1-1.5-2,1.5-2,10-18,10-lobed,2-2.5,2-3,3-4,3-8,4-5,90-110,acute,appearance,arrangement,axil,bark,border,branch,broadly,bud,capitate,characteristic,cm,corrugation,cyme,darker,diameter,discoidal,distal,drying,equal,erect,except,exerted,exertion,finely,giving,glabrous,glabrousnes,greyish,growing,height,history,lateral,lavender-purple,less,life,lobe,lobing,long,marbled,maturity,midpoint,minute,na,narrowly,new,number,oblong,ovary,pale,peduncle,per,pinatisect,plant,point,primary,ray,reddish-brown,reticulate,rounded,rugose,scorpioid,seed,size,somewhat,stigma,stripe,style,tapering,terete,terminal,thicknes,tinged,triangular,tube,unequal,variable,variation,vein,width,x,young							2.0-3.0,3.0-4.0,absent,appressed,articulation,asymmetric,attenuate,axillary,basal,black,blue,bract,branching,breeding,broad-based,cell,connective,distinct,elliptic-oblong,elongating,enlarged,flat,fleshy,forked,fully,hermaphroditic,heteromorphism,inflated,insertion,interpetalar,leathery,lilac,lower,marking,mature,membranous,modification,monochasial,multicellular,needle-like,none,odour,orientation,paired,pattern,pink,placement,plurifoliate,pore,position,present,radially,rhizome,rotate,scale,simple-entire,simple-lobed,simple-pinnatifid,smell,spot,staman,stellate,stone,structure,swollen,symmetric,symmetry,sympodial,system,tissue,trichome,tuber,unbranched,unit,vegetative,winged,xylopodia,zygomorphy	13.0	57.0	103.0	berry,cuneate,ellipsoid,glandular,green,hair,leaf,mm,obovoid,ovoid,purple,shrub,simple	0-3,1-1.5,1-1.5-2,1.5-2,10-18,10-lobed,2-2.5,2-3,3-4,3-8,4-5,90-110,acute,axil,branch,broadly,capitate,cm,cyme,darker,discoidal,equal,erect,except,exerted,finely,glabrous,greyish,growing,lavender-purple,less,lobe,long,marbled,maturity,minute,na,narrowly,oblong,pale,pinatisect,point,reddish-brown,reticulate,rounded,rugose,scorpioid,somewhat,stripe,tapering,terete,tinged,triangular,unequal,variable,x,young	2.0-3.0,3.0-4.0,absent,anther,apex,appressed,articulation,asymmetric,attenuate,axillary,basal,base,black,blue,bract,branching,breeding,broad-based,calyx,cell,colour,connective,corolla,distinct,elliptic-oblong,elongating,enlarged,filament,flat,fleshy,forked,form,fruit,fruiting,fully,growth,hermaphroditic,heteromorphism,inflated,inflorescence,insertion,interjected,interpetalar,leaflet,leathery,length,lilac,lower,margin,marking,mature,membranous,modification,monochasial,multicellular,needle-like,none,odour,orientation,paired,pattern,pedicel,petiole,pink,placement,plurifoliate,pore,position,present,prickle,pseudostipule,radially,rhizome,rotate,scale,shape,simple-entire,simple-lobed,simple-pinnatifid,smell,spot,staman,stellate,stem,stone,structure,surface,swollen,symmetric,symmetry,sympodial,system,texture,tissue,trichome,tuber,type,unbranched,unit,vegetative,winged,xylopodia,zygomorphy
476	wfo-0001031646	success	40	40	9	41	90	80	absent,acute,anther,apex,base,berry,blue,branch,calyx,colour,corolla,cuneate,filament,form,fruit,fruiting,growth,hair,inflorescence,interjected,leaf,leaflet,length,margin,mature,mm,multicellular,pedicel,petiole,prickle,pseudostipule,red,rounded,shape,shrub,simple,stem,surface,terminal,texture,type	.2,0.2-0.8,0.5-2,0.8-1.5,1-1.8,1-6,1.2-2.5,15-25,18-38,2-3,2.5-10,4-18,4-20,4-5,7-8,8-15,acuminate,appearance,arrangement,articulated,bark,basally,border,branched,brown,bud,characteristic,chartaceous,cm,corrugation,covered,densely,diameter,distal,drying,ellipsoidal,entire,exertion,flattened,flower,giving,glabrous,glabrousnes,globose,green,height,highly,history,immature,lateral,life,light,lobe,lobing,midpoint,na,new,number,oblique,oblong,ovary,ovate-lanceolate,peduncle,per,pinnate,plant,primary,pubescence,pubescent,ray,rotate-pentagonal,rugulose,seed,shortly,size,smooth,spreading,stigma,stout,style,tawny,thicknes,truncate,tube,uniseriate,variation,vein,violet,width,x							1.0,4.0-5.0,appressed,articulation,asymmetric,basal,bract,branching,breeding,broad-based,cell,compound-entire,connective,distinct,eglandular,ellipsoid,elliptic-oblong,elongating,enlarged,flat,fleshy,fork,forked,fully,glandular,herbaceous,hermaphroditic,heteromorphism,inflated,insertion,internodal,interpetalar,leathery,lilac,lower,marking,membranous,modification,monochasial,multi-branched,needle-like,none,odour,orange,orientation,paired,pattern,pink,placement,plurifoliate,pore,position,present,present-pair,purple,radially,rhizome,rotate,round,scale,smell,spot,staman,stellate,stone,structure,swollen,symmetric,symmetry,sympodial,system,tissue,trichome,tuber,unit,vegetative,vine,woody,xylopodia,zygomorphy	16.0	54.0	105.0	absent,acute,apex,base,berry,blue,cuneate,fruit,hair,mature,mm,multicellular,red,rounded,shrub,simple	.2,0.2-0.8,0.5-2,0.8-1.5,1-1.8,1-6,1.2-2.5,15-25,18-38,2-3,2.5-10,4-18,4-20,4-5,7-8,8-15,acuminate,articulated,basally,branched,brown,chartaceous,cm,covered,densely,diameter,ellipsoidal,entire,flattened,flower,glabrous,globose,green,highly,immature,light,na,oblique,oblong,ovate-lanceolate,pinnate,pubescence,pubescent,rotate-pentagonal,rugulose,shortly,smooth,spreading,stout,tawny,truncate,uniseriate,violet,x	1.0,4.0-5.0,anther,appressed,articulation,asymmetric,basal,bract,branch,branching,breeding,broad-based,calyx,cell,colour,compound-entire,connective,corolla,distinct,eglandular,ellipsoid,elliptic-oblong,elongating,enlarged,filament,flat,fleshy,fork,forked,form,fruiting,fully,glandular,growth,herbaceous,hermaphroditic,heteromorphism,inflated,inflorescence,insertion,interjected,internodal,interpetalar,leaf,leaflet,leathery,length,lilac,lower,margin,marking,membranous,modification,monochasial,multi-branched,needle-like,none,odour,orange,orientation,paired,pattern,pedicel,petiole,pink,placement,plurifoliate,pore,position,present,present-pair,prickle,pseudostipule,purple,radially,rhizome,rotate,round,scale,shape,smell,spot,staman,stellate,stem,stone,structure,surface,swollen,symmetric,symmetry,sympodial,system,terminal,texture,tissue,trichome,tuber,type,unit,vegetative,vine,woody,xylopodia,zygomorphy
477	wfo-0001031651	invalid_json_followup	NA	43	NA	40	111	85	absent,anther,apex,base,berry,branch,calyx,cell,colour,cordate,corolla,filament,form,fruit,fruiting,growth,herb,inflorescence,interjected,leaf,leaflet,length,lower,margin,mm,pedicel,petiole,prickle,pseudostipule,purple,red,rounded,shape,shrub,stem,surface,terminal,texture,type,white	-3.5,.1-0.2,.6,.7,/5,0-20,0.2-0.5,0.3-0.5,0.3-0.8,0.3-1.5,0.6-1,0.6-1.3,0.7-1,1-1.7,1-2,1.2-2,1.2-3,1.3-1.6,2-10,2/3-3/4,3-5,4-5,4-6,apart,apparently,arrangement,articulated,bark,branched,brown,bud,characteristic,chartaceous,cm,concolorous,corrugation,curved,dark,densely,diameter,discolorous,distal,drying,dull,elliptic,entire,erect,exertion,faint,flattened-reniform,glabrous,glabrousnes,gray,height,history,lateral,life,lob,lobed,lobing,long,maturity,midpoint,na,new,number,obtuse,orange-brown,outline,ovary,ovate,pair,peduncle,per,pit,plant,poricidal,prickly,primary,raised,ray,red-green,seed,simple,size,small,smooth,sometimes,spaced,spherical,spreading,stellate-pubescent,stigma,style,subentire,tapering,terete,thicknes,tip,tube,unarmed,value,variation,vein,visible,way,weakly,wide,width,yellow,yellow-green							0.1,4.0-6.0,absent-inflorescence,absent-leaf,absent-stem,appressed,articulation,basal,blue,bract,branching,breeding,broad-based,connective,cuneate,dichasial,difoliate,discrete,distinct,eglandular,enlarged,flat,fleshy,fork,fully,hair,herbaceous,hermaphroditic,heteromorphism,inflated,insertion,internodal,interpetalar,leathery,lilac,marking,mature,membranous,modification,needle-like,non-geminate,none,odour,orange,orientation,paired,pattern,pink,placement,pore,position,present,present-inflorescence,present-leaf,present-stem,radially,recurved,rhizome,round,scale,simple-entire,simple-lobed,smell,spot,staman,stellate,stone,structure,swollen,symmetric,symmetry,sympodial,system,tapered-lanceolate,tissue,triangular,trichome,tuber,unbranched,unit,vegetative,vine,woody,xylopodia,zygomorphy	40.0	111.0	85.0	absent,anther,apex,base,berry,branch,calyx,cell,colour,cordate,corolla,filament,form,fruit,fruiting,growth,herb,inflorescence,interjected,leaf,leaflet,length,lower,margin,mm,pedicel,petiole,prickle,pseudostipule,purple,red,rounded,shape,shrub,stem,surface,terminal,texture,type,white	-3.5,.1-0.2,.6,.7,/5,0-20,0.2-0.5,0.3-0.5,0.3-0.8,0.3-1.5,0.6-1,0.6-1.3,0.7-1,1-1.7,1-2,1.2-2,1.2-3,1.3-1.6,2-10,2/3-3/4,3-5,4-5,4-6,apart,apparently,arrangement,articulated,bark,branched,brown,bud,characteristic,chartaceous,cm,concolorous,corrugation,curved,dark,densely,diameter,discolorous,distal,drying,dull,elliptic,entire,erect,exertion,faint,flattened-reniform,glabrous,glabrousnes,gray,height,history,lateral,life,lob,lobed,lobing,long,maturity,midpoint,na,new,number,obtuse,orange-brown,outline,ovary,ovate,pair,peduncle,per,pit,plant,poricidal,prickly,primary,raised,ray,red-green,seed,simple,size,small,smooth,sometimes,spaced,spherical,spreading,stellate-pubescent,stigma,style,subentire,tapering,terete,thicknes,tip,tube,unarmed,value,variation,vein,visible,way,weakly,wide,width,yellow,yellow-green	0.1,4.0-6.0,absent-inflorescence,absent-leaf,absent-stem,appressed,articulation,basal,blue,bract,branching,breeding,broad-based,connective,cuneate,dichasial,difoliate,discrete,distinct,eglandular,enlarged,flat,fleshy,fork,fully,hair,herbaceous,hermaphroditic,heteromorphism,inflated,insertion,internodal,interpetalar,leathery,lilac,marking,mature,membranous,modification,needle-like,non-geminate,none,odour,orange,orientation,paired,pattern,pink,placement,pore,position,present,present-inflorescence,present-leaf,present-stem,radially,recurved,rhizome,round,scale,simple-entire,simple-lobed,smell,spot,staman,stellate,stone,structure,swollen,symmetric,symmetry,sympodial,system,tapered-lanceolate,tissue,triangular,trichome,tuber,unbranched,unit,vegetative,vine,woody,xylopodia,zygomorphy
478	wfo-0001031656	invalid_json_followup	NA	38	NA	41	106	65	acute,anther,apex,base,berry,calyx,colour,corolla,difoliate,ellipsoid,filament,fleshy,form,fruit,fruiting,geminate,green,growth,inflorescence,interjected,leaf,leaflet,length,lower,margin,mm,pedicel,petiole,prickle,pseudostipule,rounded,shape,shrub,stem,surface,swollen,sympodial,texture,type,unit,white	.5,/4,0.5-1,1-2,1-2.5,1.2-1.5,1.5-2,1.5-5,10-20,2.5-3.5,3-3.5,4-9,5-7,5-ribbed,6-8,acuminate,anthesi,appearance,arising,arrangement,bark,branch,bright,bud,capitate,characteristic,cm,corky,corrugation,dia,diameter,directly,distal,drying,elliptic,enclosing,exertion,flower,giving,glabrous,glabrousnes,globose,greyish,height,history,lateral,life,live,lobe,lobing,long,long-acuminate,main,matte,midpoint,minute,minutely,na,new,node,number,oblique,opposite,ovary,ovate,pair,papillose,peduncle,per,persistent,planar,plant,primary,prominent,rather,ray,red-papillose,reddish,reflexed,seed,sessile,shaped,shiny,size,slightly,somewhat,specimen,stigma,straight,strongly,style,tear-drop,terminal,thick,thicknes,tip,tube,upper,value,variation,vein,visible,way,width,woody,x							0.5,3.0-3.5,absent,appressed,articulation,asymmetric,basal,bract,branching,breeding,broad-based,cell,connective,discrete,distinct,eglandular,elliptic-oblong,enlarged,flat,glandular,hair,heteromorphism,inflated,insertion,interpetalar,leaf-opposed,leathery,marking,mature,membranous,modification,monochasial,multicellular,needle-like,none,odour,orientation,paired,pattern,placement,pore,position,present,radially,rhizome,round,scale,simple,simple-entire,smell,spot,staman,stellate,stone,structure,symmetric,symmetry,system,tissue,trichome,tuber,unbranched,vegetative,xylopodia,zygomorphy	41.0	106.0	65.0	acute,anther,apex,base,berry,calyx,colour,corolla,difoliate,ellipsoid,filament,fleshy,form,fruit,fruiting,geminate,green,growth,inflorescence,interjected,leaf,leaflet,length,lower,margin,mm,pedicel,petiole,prickle,pseudostipule,rounded,shape,shrub,stem,surface,swollen,sympodial,texture,type,unit,white	.5,/4,0.5-1,1-2,1-2.5,1.2-1.5,1.5-2,1.5-5,10-20,2.5-3.5,3-3.5,4-9,5-7,5-ribbed,6-8,acuminate,anthesi,appearance,arising,arrangement,bark,branch,bright,bud,capitate,characteristic,cm,corky,corrugation,dia,diameter,directly,distal,drying,elliptic,enclosing,exertion,flower,giving,glabrous,glabrousnes,globose,greyish,height,history,lateral,life,live,lobe,lobing,long,long-acuminate,main,matte,midpoint,minute,minutely,na,new,node,number,oblique,opposite,ovary,ovate,pair,papillose,peduncle,per,persistent,planar,plant,primary,prominent,rather,ray,red-papillose,reddish,reflexed,seed,sessile,shaped,shiny,size,slightly,somewhat,specimen,stigma,straight,strongly,style,tear-drop,terminal,thick,thicknes,tip,tube,upper,value,variation,vein,visible,way,width,woody,x	0.5,3.0-3.5,absent,appressed,articulation,asymmetric,basal,bract,branching,breeding,broad-based,cell,connective,discrete,distinct,eglandular,elliptic-oblong,enlarged,flat,glandular,hair,heteromorphism,inflated,insertion,interpetalar,leaf-opposed,leathery,marking,mature,membranous,modification,monochasial,multicellular,needle-like,none,odour,orientation,paired,pattern,placement,pore,position,present,radially,rhizome,round,scale,simple,simple-entire,smell,spot,staman,stellate,stone,structure,symmetric,symmetry,system,tissue,trichome,tuber,unbranched,vegetative,xylopodia,zygomorphy
479	wfo-0001031667	success	40	40	8	38	76	78	acute,anther,apex,base,branch,calyx,colour,corolla,cuneate,distal,filament,form,fruit,fruiting,green,growth,inflorescence,interjected,leaf,leaflet,length,margin,mm,monochasial,ovoid,pedicel,petiole,prickle,pseudostipule,rounded,shape,spot,stem,surface,terminal,texture,type,white	0.6-1,1-1.5,1-4,1.4-3,1.5-2,12-35,2-5,2.5-5,3-13,3-5,4-10,5-9,8-13,8-15,apiculate,appearance,arrangement,articulate,bark,border,branched,bud,characteristic,cm,cordate,corrugation,cyme,dark,diameter,dichasial,dichasially,drying,ebracteate,elliptic-lanceolate,exertion,giving,glabrousnes,globose,green-white,height,herbaceous,history,irregularly,lanceolate,lateral,life,lobe,lobed,lobing,long,midpoint,mucilaginous,na,new,number,oblique,odd-pinnate,ovary,peduncle,per,perennial,pilose,plant,primary,ray,seed,size,stigma,stripe,style,thicknes,tube,tuber-bearing,variation,vein,width							1.0-4.0,1/2,1/4-1/2,5.0-9.0,absent,appressed,articulation,asymmetric,basal,berry,bract,branching,breeding,broad-based,cell,compound-entire,connective,distinct,eglandular,elliptic-oblong,elongating,enlarged,flat,fleshy,fork,forked,fully,hair,herb,hermaphroditic,heteromorphism,inflated,insertion,interpetalar,leathery,lower,marking,mature,membranous,modification,multi-branched,multicellular,needle-like,none,odour,orientation,paired,pattern,placement,plurifoliate,pore,position,present,present-pair,radially,rhizome,round,scale,simple,smell,staman,stellate,stone,structure,swollen,symmetric,symmetry,sympodial,system,tissue,trichome,trifoliate,truncate,tuber,unit,vegetative,xylopodia,zygomorphy	9.0	40.0	107.0	acute,cuneate,green,mm,monochasial,ovoid,rounded,spot,white	0.6-1,1-1.5,1-4,1.4-3,1.5-2,12-35,2-5,2.5-5,3-13,3-5,4-10,5-9,8-13,8-15,apiculate,articulate,branched,cm,cordate,cyme,dark,dichasial,dichasially,ebracteate,elliptic-lanceolate,globose,green-white,herbaceous,irregularly,lanceolate,lobed,long,mucilaginous,na,oblique,odd-pinnate,perennial,pilose,stripe,tuber-bearing	1.0-4.0,1/2,1/4-1/2,5.0-9.0,absent,anther,apex,appressed,articulation,asymmetric,basal,base,berry,bract,branch,branching,breeding,broad-based,calyx,cell,colour,compound-entire,connective,corolla,distal,distinct,eglandular,elliptic-oblong,elongating,enlarged,filament,flat,fleshy,fork,forked,form,fruit,fruiting,fully,growth,hair,herb,hermaphroditic,heteromorphism,inflated,inflorescence,insertion,interjected,interpetalar,leaf,leaflet,leathery,length,lower,margin,marking,mature,membranous,modification,multi-branched,multicellular,needle-like,none,odour,orientation,paired,pattern,pedicel,petiole,placement,plurifoliate,pore,position,present,present-pair,prickle,pseudostipule,radially,rhizome,round,scale,shape,simple,smell,staman,stellate,stem,stone,structure,surface,swollen,symmetric,symmetry,sympodial,system,terminal,texture,tissue,trichome,trifoliate,truncate,tuber,type,unit,vegetative,xylopodia,zygomorphy
480	wfo-0001031672	success	42	37	7	39	93	75	anther,apex,base,branch,calyx,colour,cordate,corolla,filament,form,fruit,fruiting,green,growth,hair,inflorescence,interjected,leaf,leaflet,length,margin,mm,ovoid,pedicel,petiole,prickle,pseudostipule,shape,simple,stem,surface,terminal,texture,tree,truncate,type,unbranched,white,yellow	0-2,0.3-0.5,0.5-1.5,1,1-2,1-5,1.5-2,1.5-2.5,1.5-3.5,1.5-5,10-20,15-20,15-50,2-28,4,4-34,4.5-5,6,9-lobed,acuminate,acute,apiculate,appearance,arrangement,articulated,bark,basal,beyond,border,bud,characteristic,chartaceous,cm,corrugation,densely,diameter,distal,drying,entire,exertion,exserted,flattened,flower,giving,glabrous,glabrousnes,glandular-puberulent,globose,greenish-brown,height,history,lanceolate,lateral,life,lobe,lobed,lobing,long,midpoint,moderately,na,narrowly,near,new,number,ovary,ovate,peduncle,per,perennial,pilose,pinnately,plant,primary,puberulent,ray,rounded,seed,size,sparsely,stamen,stigma,style,subcoriaceous,thicknes,tip,triangular,tube,variation,vein,whitish,width,x							10.0,absent,appressed,articulation,berry,blue,bract,branching,breeding,broad-based,cell,connective,coriaceous,dendritic,discrete,distinct,eglandular,enlarged,flat,fleshy,fork,fully,hermaphroditic,heteromorphism,inflated,insertion,interpetalar,leathery,lilac,lower,marking,mature,membranous,modification,multicellular,near-basal,needle-like,none,odour,orientation,paired,pattern,pink,placement,plurifoliate,pore,position,present,purple,radially,rhizome,round,scale,simple-entire,simple-lobed,smell,spot,staman,stellate,stone,structure,swollen,symmetric,symmetry,sympodial,system,tapered-lanceolate,tissue,trichome,trifoliate,tuber,unit,vegetative,xylopodia,zygomorphy	14.0	57.0	100.0	apex,base,cordate,fruit,green,hair,mm,ovoid,simple,tree,truncate,unbranched,white,yellow	0-2,0.3-0.5,0.5-1.5,1,1-2,1-5,1.5-2,1.5-2.5,1.5-3.5,1.5-5,10-20,15-20,15-50,2-28,4,4-34,4.5-5,6,9-lobed,acuminate,acute,apiculate,articulated,basal,beyond,chartaceous,cm,densely,entire,exserted,flattened,flower,glabrous,glandular-puberulent,globose,greenish-brown,lanceolate,lobe,lobed,long,moderately,na,narrowly,near,ovate,perennial,pilose,pinnately,puberulent,rounded,sparsely,stamen,subcoriaceous,tip,triangular,whitish,x	10.0,absent,anther,appressed,articulation,berry,blue,bract,branch,branching,breeding,broad-based,calyx,cell,colour,connective,coriaceous,corolla,dendritic,discrete,distinct,eglandular,enlarged,filament,flat,fleshy,fork,form,fruiting,fully,growth,hermaphroditic,heteromorphism,inflated,inflorescence,insertion,interjected,interpetalar,leaf,leaflet,leathery,length,lilac,lower,margin,marking,mature,membranous,modification,multicellular,near-basal,needle-like,none,odour,orientation,paired,pattern,pedicel,petiole,pink,placement,plurifoliate,pore,position,present,prickle,pseudostipule,purple,radially,rhizome,round,scale,shape,simple-entire,simple-lobed,smell,spot,staman,stellate,stem,stone,structure,surface,swollen,symmetric,symmetry,sympodial,system,tapered-lanceolate,terminal,texture,tissue,trichome,trifoliate,tuber,type,unit,vegetative,xylopodia,zygomorphy
481	wfo-0001031684	invalid_json_followup	NA	38	NA	41	114	65	0.5-0.7,acute,anther,apex,base,berry,calyx,colour,corolla,difoliate,filament,form,fruit,fruiting,green,growth,inflorescence,interjected,internodal,leaf,leaflet,length,lower,margin,mm,pedicel,petiole,pore,prickle,pseudostipule,shape,shrub,stem,surface,texture,tree,trichome,type,unifoliate,white,winged	.25,.5,.75,/4,0.1,0.4-1.5,0.5-0.8,0.7-1,0.75-1,1-1.2,1-5,10-100,2,2-9,3-3.5,3-30,4-17,acuminate,along,arrangement,bark,bearing,beneath,black,borne,branch,branched,bud,characteristic,clavate,cm,corrugation,curly,decurrent,densely,dia,diameter,distal,drying,elliptic,exertion,expanded,exserted,extremely,filiform,flower,geminate,glabrous,glabrousnes,globose,grey,height,history,irregularly,lateral,less,life,like,lobe,lobed,lobing,long,midpoint,minutely,na,new,number,occasionally,older,opposite,ovary,ovoid-reniform,pale,papillose,peduncle,per,persistently,pitted,plant,poricidal,previously,primary,pubescent,ray,scar,seed,shaped,short,size,slender,slightly,small,soon,sparsely,stigma,straight,style,tan,tapering,tear-drop,terminal,thicknes,time,tip,tipped,tube,uniseriate,value,variation,vein,way,width,x,young							2.0,absent,appressed,articulation,basal,bract,branching,breeding,broad-based,cell,connective,discrete,distinct,eglandular,elliptic-oblong,enlarged,flat,forked,hair,hard,heteromorphism,inflated,insertion,interpetalar,leaf-opposed,marking,mature,membranous,modification,monochasial,multicellular,needle-like,non-geminate,none,odour,orientation,paired,pattern,placement,position,present,radially,rhizome,round,scale,simple,simple-entire,smell,spot,staman,stellate,stone,structure,swollen,symmetric,symmetry,sympodial,system,tissue,tuber,unbranched,unit,vegetative,xylopodia,zygomorphy	41.0	114.0	65.0	0.5-0.7,acute,anther,apex,base,berry,calyx,colour,corolla,difoliate,filament,form,fruit,fruiting,green,growth,inflorescence,interjected,internodal,leaf,leaflet,length,lower,margin,mm,pedicel,petiole,pore,prickle,pseudostipule,shape,shrub,stem,surface,texture,tree,trichome,type,unifoliate,white,winged	.25,.5,.75,/4,0.1,0.4-1.5,0.5-0.8,0.7-1,0.75-1,1-1.2,1-5,10-100,2,2-9,3-3.5,3-30,4-17,acuminate,along,arrangement,bark,bearing,beneath,black,borne,branch,branched,bud,characteristic,clavate,cm,corrugation,curly,decurrent,densely,dia,diameter,distal,drying,elliptic,exertion,expanded,exserted,extremely,filiform,flower,geminate,glabrous,glabrousnes,globose,grey,height,history,irregularly,lateral,less,life,like,lobe,lobed,lobing,long,midpoint,minutely,na,new,number,occasionally,older,opposite,ovary,ovoid-reniform,pale,papillose,peduncle,per,persistently,pitted,plant,poricidal,previously,primary,pubescent,ray,scar,seed,shaped,short,size,slender,slightly,small,soon,sparsely,stigma,straight,style,tan,tapering,tear-drop,terminal,thicknes,time,tip,tipped,tube,uniseriate,value,variation,vein,way,width,x,young	2.0,absent,appressed,articulation,basal,bract,branching,breeding,broad-based,cell,connective,discrete,distinct,eglandular,elliptic-oblong,enlarged,flat,forked,hair,hard,heteromorphism,inflated,insertion,interpetalar,leaf-opposed,marking,mature,membranous,modification,monochasial,multicellular,needle-like,non-geminate,none,odour,orientation,paired,pattern,placement,position,present,radially,rhizome,round,scale,simple,simple-entire,smell,spot,staman,stellate,stone,structure,swollen,symmetric,symmetry,sympodial,system,tissue,tuber,unbranched,unit,vegetative,xylopodia,zygomorphy
482	wfo-0001031695	invalid_json_followup	NA	37	NA	35	116	77	anther,apex,base,branch,calyx,colour,cordate,corolla,filament,form,fruit,fruiting,green,growth,inflorescence,interjected,leaf,leaflet,length,margin,mm,pedicel,petiole,prickle,pseudostipule,purple,shape,shrub,simple,stem,surface,terminal,texture,type,unbranched	0.5-1,0.5-2,1-2,1-9,1.5-8,10-35,2-3,2-4,2.5-5,20-30,3-19,3-7,30-40,4-10,4-5,4-6,5-20,6-10,abruptly,acuminate,acute,also,apiculate,appearance,arrangement,articulated,bark,basal,beyond,branched,bud,capitate,characteristic,chartaceous,cm,color,connivent,corrugation,dark,deep,densely,diameter,distal,drying,ellipsoidal,entire,exertion,exserted,flattened,flower,giving,glabrescent,glabrous,glabrousnes,glandular-puberulent,greenish,height,history,immature,lateral,lavender,leaving,life,lobe,lobed,lobing,long,midpoint,moderately,mottled,na,narrowly,new,number,oblique,oblong,obtuse,occasionally,often,ovary,ovate,ovoid,pedicellar,peduncle,per,perennial,pilose,pilose-hirsute,plant,primary,puberulent,pubescent,ray,remnant,ripe,seed,size,sometimes,somewhat,sparsely,stamen,stigma,stripe,style,subcoriaceous,thicknes,tip,triangular,tube,unequal,unknown,value,variation,vein,width,x							5.0-7.0,absent,appressed,articulation,asymmetric,berry,blue,bract,branching,breeding,broad-based,campanulate,cell,connective,coriaceous,discrete,distinct,eglandular,ellipsoid,enlarged,flat,fleshy,fork,forked,fully,hair,hermaphroditic,heteromorphism,inflated,insertion,interpetalar,leathery,lilac,lower,marking,mature,membranous,modification,multicellular,near-basal,needle-like,none,odour,orientation,paired,pattern,pink,placement,plurifoliate,pore,position,present,radially,rhizome,scale,simple-entire,simple-lobed,smell,spot,staman,stellate,stone,structure,swollen,symmetric,symmetry,sympodial,system,tapered-lanceolate,tissue,tree,trichome,tuber,unit,vegetative,xylopodia,zygomorphy	35.0	116.0	77.0	anther,apex,base,branch,calyx,colour,cordate,corolla,filament,form,fruit,fruiting,green,growth,inflorescence,interjected,leaf,leaflet,length,margin,mm,pedicel,petiole,prickle,pseudostipule,purple,shape,shrub,simple,stem,surface,terminal,texture,type,unbranched	0.5-1,0.5-2,1-2,1-9,1.5-8,10-35,2-3,2-4,2.5-5,20-30,3-19,3-7,30-40,4-10,4-5,4-6,5-20,6-10,abruptly,acuminate,acute,also,apiculate,appearance,arrangement,articulated,bark,basal,beyond,branched,bud,capitate,characteristic,chartaceous,cm,color,connivent,corrugation,dark,deep,densely,diameter,distal,drying,ellipsoidal,entire,exertion,exserted,flattened,flower,giving,glabrescent,glabrous,glabrousnes,glandular-puberulent,greenish,height,history,immature,lateral,lavender,leaving,life,lobe,lobed,lobing,long,midpoint,moderately,mottled,na,narrowly,new,number,oblique,oblong,obtuse,occasionally,often,ovary,ovate,ovoid,pedicellar,peduncle,per,perennial,pilose,pilose-hirsute,plant,primary,puberulent,pubescent,ray,remnant,ripe,seed,size,sometimes,somewhat,sparsely,stamen,stigma,stripe,style,subcoriaceous,thicknes,tip,triangular,tube,unequal,unknown,value,variation,vein,width,x	5.0-7.0,absent,appressed,articulation,asymmetric,berry,blue,bract,branching,breeding,broad-based,campanulate,cell,connective,coriaceous,discrete,distinct,eglandular,ellipsoid,enlarged,flat,fleshy,fork,forked,fully,hair,hermaphroditic,heteromorphism,inflated,insertion,interpetalar,leathery,lilac,lower,marking,mature,membranous,modification,multicellular,near-basal,needle-like,none,odour,orientation,paired,pattern,pink,placement,plurifoliate,pore,position,present,radially,rhizome,scale,simple-entire,simple-lobed,smell,spot,staman,stellate,stone,structure,swollen,symmetric,symmetry,sympodial,system,tapered-lanceolate,tissue,tree,trichome,tuber,unit,vegetative,xylopodia,zygomorphy
483	wfo-0001031698	success	18	38	2	20	41	82	apex,base,colour,form,fruit,fruiting,green,growth,leaf,length,margin,mm,pedicel,shape,shrub,stem,surface,texture,type,winged	1,2-2.5,2.5,2.5-3,4-4.5,arrangement,bark,branch,characteristic,cm,decument,diameter,dull,elliptic,flattened,glabrous,glabrousnes,height,history,incrassate,life,minutely,na,new,number,pale,paler,per,pitted,plant,primary,reddish-brown,reniform,repandly,rugose,seed,size,stout,strongly,vein,x							0.5,4.0-5.0,absent,acute,anther,appressed,articulation,basal,berry,bract,branching,breeding,broad-based,calyx,cell,connective,coriaceous,corolla,difoliate,discrete,distinct,eglandular,elliptic-oblong,enlarged,filament,flat,geminate,hair,hard,heteromorphism,inflated,inflorescence,insertion,interjected,interpetalar,leaf-opposed,leaflet,lower,marking,mature,modification,monochasial,multicellular,needle-like,none,odour,orientation,paired,pattern,petiole,placement,pore,position,present,prickle,pseudostipule,radially,rhizome,round,scale,simple,simple-entire,smell,spot,staman,stellate,stone,structure,swollen,symmetric,symmetry,sympodial,system,tissue,trichome,tuber,unbranched,unit,vegetative,white,xylopodia,zygomorphy	6.0	24.0	96.0	apex,base,green,mm,shrub,winged	1,2-2.5,2.5,2.5-3,4-4.5,cm,decument,dull,elliptic,flattened,glabrous,incrassate,minutely,na,pale,paler,pitted,reddish-brown,reniform,repandly,rugose,stout,strongly,x	0.5,4.0-5.0,absent,acute,anther,appressed,articulation,basal,berry,bract,branching,breeding,broad-based,calyx,cell,colour,connective,coriaceous,corolla,difoliate,discrete,distinct,eglandular,elliptic-oblong,enlarged,filament,flat,form,fruit,fruiting,geminate,growth,hair,hard,heteromorphism,inflated,inflorescence,insertion,interjected,interpetalar,leaf,leaf-opposed,leaflet,length,lower,margin,marking,mature,modification,monochasial,multicellular,needle-like,none,odour,orientation,paired,pattern,pedicel,petiole,placement,pore,position,present,prickle,pseudostipule,radially,rhizome,round,scale,shape,simple,simple-entire,smell,spot,staman,stellate,stem,stone,structure,surface,swollen,symmetric,symmetry,sympodial,system,texture,tissue,trichome,tuber,type,unbranched,unit,vegetative,white,xylopodia,zygomorphy
484	wfo-0001031707	success	48	40	6	39	104	71	0.5,acute,anther,apex,axillary,base,berry,calyx,colour,corolla,distinct,enlarged,filament,flat,form,fruit,fruiting,green,growth,inflorescence,leaf,leaflet,length,mm,pedicel,petiole,pink,pointed,prickle,round,shape,simple,stem,surface,texture,type,vine,white,woody	/4,1-1.2,1-1.3,1-1.5,1-3,1.2-1.8,1.2-2,1.5-1.7,1.5-2,1.5-6,1/3,16-20,2,2-10,2-4,2-6,3,4-5,6-7,8-12,80-140,9-15,acuminate,almost,apical,apically,appearance,arrangement,attenuate,axil,basiscopically,bearing,border,brown,bud,capitate,characteristic,clavate,cm,conical,conspicuously,densely,diameter,distal,elliptic,erect,flattened,flower,four-lobed,giving,glabrous,glabrousnes,globose,greenish,height,history,horizontal,lanceolate,lateral,life,lobe,lobing,long,midpoint,na,narrowly,new,number,oblique,obovate,occasionally,open,ovary,pair,peduncle,per,pinnate,plant,poricidal,pubescent,quadrate,quite,ray,reddish,sagittate,seed,size,slightly,smooth,somewhat,sparsely,stigma,stout,style,terminal,ternate,thicknes,time,tip,variation,way,white-lenticellate,width,x							4.0-5.0,absent,appressed,articulation,asymmetric,basal,blue,bract,branching,breeding,broad-based,cell,compound-entire,connective,eglandular,elliptic-oblong,elongating,fleshy,forked,fully,hair,hermaphroditic,heteromorphism,inflated,insertion,interjected,interpetalar,leathery,lilac,lower,margin,marking,mature,membranous,modification,monochasial,multicellular,needle-like,none,odour,orientation,paired,pattern,placement,pore,position,pseudostipule,purple,radially,rhizome,scale,smell,spot,staman,stellate,stone,structure,swollen,symmetric,symmetry,sympodial,system,tissue,trichome,tuber,unbranched,unifoliate,unit,vegetative,xylopodia,zygomorphy	18.0	77.0	92.0	0.5,acute,axillary,base,berry,distinct,enlarged,flat,green,leaflet,mm,pink,pointed,round,simple,vine,white,woody	/4,1-1.2,1-1.3,1-1.5,1-3,1.2-1.8,1.2-2,1.5-1.7,1.5-2,1.5-6,1/3,16-20,2,2-10,2-4,2-6,3,4-5,6-7,8-12,80-140,9-15,acuminate,almost,apical,apically,attenuate,axil,basiscopically,bearing,brown,capitate,clavate,cm,conical,conspicuously,densely,diameter,distal,elliptic,erect,flattened,flower,four-lobed,glabrous,globose,greenish,horizontal,lanceolate,lobe,long,na,narrowly,oblique,obovate,occasionally,open,pair,per,pinnate,poricidal,pubescent,quadrate,quite,reddish,sagittate,slightly,smooth,somewhat,sparsely,stout,ternate,time,tip,way,white-lenticellate,x	4.0-5.0,absent,anther,apex,appressed,articulation,asymmetric,basal,blue,bract,branching,breeding,broad-based,calyx,cell,colour,compound-entire,connective,corolla,eglandular,elliptic-oblong,elongating,filament,fleshy,forked,form,fruit,fruiting,fully,growth,hair,hermaphroditic,heteromorphism,inflated,inflorescence,insertion,interjected,interpetalar,leaf,leathery,length,lilac,lower,margin,marking,mature,membranous,modification,monochasial,multicellular,needle-like,none,odour,orientation,paired,pattern,pedicel,petiole,placement,pore,position,prickle,pseudostipule,purple,radially,rhizome,scale,shape,smell,spot,staman,stellate,stem,stone,structure,surface,swollen,symmetric,symmetry,sympodial,system,texture,tissue,trichome,tuber,type,unbranched,unifoliate,unit,vegetative,xylopodia,zygomorphy
485	wfo-0001031723	success	44	41	7	40	124	81	anther,apex,base,berry,branch,branching,calyx,colour,corolla,cuneate,filament,form,fruit,fruiting,glandular,growth,hair,inflorescence,leaf,length,margin,marking,mm,orange,pedicel,petiole,prickle,red,shape,shrub,simple,stellate,stem,straight,surface,terminal,texture,trichome,type,white	-1.5,-8,0-2,0.1-0.2,0.2-1,0.4,0.4-0.9,0.4-1,0.4-1-2.5-5,0.55-0.9,0.6-1,0.7-1,0.8-1.5,1-15-45,1-2,1-2-5.5-6.5,1-3,1.2-2,1.5-4-10-16,2-3.5,2-4-11,2.5-4.5,2.5-5,2/3-3/4,4-6,5-9,8-20,abaxially,acuminate,acute,ame,apically,apparently,arrangement,articulated,bark,branched,brown,c.,characteristic,chartaceous,cm,connivent,curved,dark,deltate,densely,diameter,discolorous,drying,dull,elongated,entire,erect,evenly,exertion,filiform,finely,flattened-reniform,gently,glabrous,glabrousnes,green,height,history,lateral,life,lobe,lobed,lobing,long,maturity,mauve,midpoint,minute,moderately,multangulate,na,narrow-deltate,near,new,obtuse,orange-brown,ovary,ovate,pair,pale,peduncle,perennial,plant,poricidal,prickly,primary,ray,recurved,reflexed,rounded,secondary,seed,sessile,size,sometimes,sparsely,spherical,spreading,stalked,stellate-pubescent,stigma,strongly,style,subentire,tapering,tip,tube,unarmed,usually,variously,vein,way,weakly,wide,yellow,yellow-green,young							0.2-1.0,4.0-6.0,absent,absent-inflorescence,absent-leaf,absent-stem,appressed,articulation,basal,blue,bract,breeding,broad-based,cell,connective,dichasial,discrete,distinct,eglandular,enlarged,flat,fleshy,fork,forked,fully,hermaphroditic,heteromorphism,inflated,insertion,interjected,internodal,interpetalar,leaflet,leathery,lilac,lower,mature,membranous,modification,multi-branched,multicellular,needle-like,none,odour,orientation,paired,pattern,pink,placement,plurifoliate,pore,position,present,present-stem,pseudostipule,purple,radially,rhizome,round,scale,simple-entire,smell,spot,staman,stone,structure,swollen,symmetric,symmetry,sympodial,system,tapered-lanceolate,tissue,triangular,truncate,tuber,unbranched,unit,vegetative,xylopodia,zygomorphy	20.0	105.0	101.0	apex,base,berry,branching,cuneate,glandular,hair,length,marking,mm,orange,prickle,red,shrub,simple,stellate,straight,terminal,trichome,white	-1.5,-8,0-2,0.1-0.2,0.2-1,0.4,0.4-0.9,0.4-1,0.4-1-2.5-5,0.55-0.9,0.6-1,0.7-1,0.8-1.5,1-15-45,1-2,1-2-5.5-6.5,1-3,1.2-2,1.5-4-10-16,2-3.5,2-4-11,2.5-4.5,2.5-5,2/3-3/4,4-6,5-9,8-20,abaxially,acuminate,acute,ame,apically,apparently,articulated,branched,brown,c.,chartaceous,cm,connivent,curved,dark,deltate,densely,diameter,discolorous,drying,dull,elongated,entire,erect,evenly,filiform,finely,flattened-reniform,gently,glabrous,green,lateral,lobe,lobed,long,maturity,mauve,midpoint,minute,moderately,multangulate,na,narrow-deltate,near,obtuse,orange-brown,ovate,pair,pale,perennial,poricidal,prickly,primary,ray,recurved,reflexed,rounded,secondary,sessile,sometimes,sparsely,spherical,spreading,stalked,stellate-pubescent,strongly,subentire,tapering,tip,unarmed,usually,variously,way,weakly,wide,yellow,yellow-green,young	0.2-1.0,4.0-6.0,absent,absent-inflorescence,absent-leaf,absent-stem,anther,appressed,articulation,basal,blue,bract,branch,breeding,broad-based,calyx,cell,colour,connective,corolla,dichasial,discrete,distinct,eglandular,enlarged,filament,flat,fleshy,fork,forked,form,fruit,fruiting,fully,growth,hermaphroditic,heteromorphism,inflated,inflorescence,insertion,interjected,internodal,interpetalar,leaf,leaflet,leathery,lilac,lower,margin,mature,membranous,modification,multi-branched,multicellular,needle-like,none,odour,orientation,paired,pattern,pedicel,petiole,pink,placement,plurifoliate,pore,position,present,present-stem,pseudostipule,purple,radially,rhizome,round,scale,shape,simple-entire,smell,spot,staman,stem,stone,structure,surface,swollen,symmetric,symmetry,sympodial,system,tapered-lanceolate,texture,tissue,triangular,truncate,tuber,type,unbranched,unit,vegetative,xylopodia,zygomorphy
486	wfo-0001031729	success	42	39	7	31	91	83	anther,apex,base,branch,calyx,colour,corolla,filament,form,fruit,fruiting,green,growth,inflorescence,leaf,length,margin,membranous,mm,pedicel,petiole,pink,plurifoliate,shape,shrub,small,stem,surface,texture,type,white	-2,..,0-0.5,0.5-1,0.6-1-2.5,1-1.5,1-2,1.0-1.3,1.5,1.5-2,11-30-45,12-13,2-2.5,2-3,2.5-,2.5-5,3-4,3.5-4,4.1-16,5-10-20,5-6,5-7,abruptly,acuminate,arrangement,attenuate,bark,branched,brown,bud,characteristic,cm,conical,corrugation,curved,dark,darker,diameter,drying,elliptic,exertion,flattened,flattened-capitate,glabrous,glabrousnes,globose,greenish,height,history,later,life,lobed,lobing,long,markedly,middle,mottling,na,nearly,new,nodding,number,obovate,occasionally,ovary,ovate-reniform,pair,pale,peduncle,per,perennial,plant,point,pointed,primary,purplish,reddish,seed,single,size,smooth,somewhat,stigma,stripe,style,tan,time,tube,vein,x,young							1.0-2.5,2.5-7.0,absent,appressed,articulation,basal,berry,blue,bract,branching,breeding,broad-based,cell,connective,cuneate,distinct,eglandular,elliptic-oblong,elongated,elongating,enlarged,flat,fleshy,fork,forked,fully,hair,herb,hermaphroditic,heteromorphism,inflated,insertion,interjected,interpetalar,leaflet,leathery,lilac,lower,marking,mature,modification,monochasial,multi-branched,multicellular,needle-like,none,odour,orientation,paired,pattern,placement,pore,position,present,prickle,pseudostipule,purple,radially,rhizome,round,scale,simple,simple-entire,smell,spot,staman,stellate,stone,structure,swollen,symmetric,symmetry,sympodial,system,terminal,tissue,trichome,tuber,unbranched,unit,vegetative,xylopodia,zygomorphy	11.0	68.0	103.0	anther,base,fruit,green,membranous,mm,pink,plurifoliate,shrub,small,white	-2,..,0-0.5,0.5-1,0.6-1-2.5,1-1.5,1-2,1.0-1.3,1.5,1.5-2,11-30-45,12-13,2-2.5,2-3,2.5-,2.5-5,3-4,3.5-4,4.1-16,5-10-20,5-6,5-7,abruptly,acuminate,attenuate,branched,brown,cm,conical,curved,dark,darker,diameter,drying,elliptic,flattened,flattened-capitate,glabrous,globose,greenish,later,lobed,long,markedly,middle,mottling,na,nearly,nodding,obovate,occasionally,ovate-reniform,pair,pale,per,perennial,point,pointed,purplish,reddish,single,smooth,somewhat,stripe,tan,time,x,young	1.0-2.5,2.5-7.0,absent,apex,appressed,articulation,basal,berry,blue,bract,branch,branching,breeding,broad-based,calyx,cell,colour,connective,corolla,cuneate,distinct,eglandular,elliptic-oblong,elongated,elongating,enlarged,filament,flat,fleshy,fork,forked,form,fruiting,fully,growth,hair,herb,hermaphroditic,heteromorphism,inflated,inflorescence,insertion,interjected,interpetalar,leaf,leaflet,leathery,length,lilac,lower,margin,marking,mature,modification,monochasial,multi-branched,multicellular,needle-like,none,odour,orientation,paired,pattern,pedicel,petiole,placement,pore,position,present,prickle,pseudostipule,purple,radially,rhizome,round,scale,shape,simple,simple-entire,smell,spot,staman,stellate,stem,stone,structure,surface,swollen,symmetric,symmetry,sympodial,system,terminal,texture,tissue,trichome,tuber,type,unbranched,unit,vegetative,xylopodia,zygomorphy
487	wfo-0001031738	invalid_json_followup	NA	43	NA	40	144	76	anther,apex,base,berry,branch,calyx,cell,colour,cordate,corolla,filament,form,fruit,fruiting,growth,inflorescence,interjected,leaf,leaflet,length,lower,margin,mm,orange,pedicel,petiole,prickle,pseudostipule,shape,shrub,stem,surface,terminal,texture,tree,trichome,truncate,type,white,yellow	-5,0-15,0-2,0.1-0.25,0.7-1,0.7-1.1,0.9-2.1,1-1.5,1-1.8,1-4,1.4-1.7,1.5-2-4-5,1.5-4,1/2-2/3,1/3,1/3-2/3,1/4,10-15,15-40,2-3-4,2.3-3,3-4,3-6,3.5-3.8,3.5-4.5,4,4-5,4-6,4-8,5,5-8,6-15,7-12,7-12.5,8-18,acuminate,acute,always,apically,apparently,arrangement,articulated,auriculate,bark,branched,bud,characteristic,chartaceous,cm,connivent,corrugation,dark,deltate,densely,diameter,discolorous,distal,distance,drying,dull,erect,evenly,exertion,extending,flattened-reniform,flower,frequently,glabrescent,glabrous,glabrousnes,green,height,history,lateral,life,lobe,lobed,lobing,long,long-styled,maturity,midpoint,midvein,na,narrow-deltate,new,number,oblong,obovate,often,one,open,orange-brown,outline,ovary,ovate,pair,pale,peduncle,per,perennial,pit,plant,poricidal,prickly,primary,prominent,raised,ray,reflexed,rounded,secondary,seed,side,simple,size,small,smooth,sometimes,spherical,spreading,stellate-pubescent,stigma,strongly,style,tapering,terete,thicknes,time,tip,tube,unarmed,upper,value,variation,vein,way,weakly,white-brown,wide,width,yellow-green,yellow-orange,young							0.7-1.0,4.0-6.0,absent,absent-inflorescence,absent-leaf,absent-stem,andromonoecious,appressed,articulation,asymmetric,basal,bract,branching,breeding,broad-based,connective,dichasial,discrete,distinct,eglandular,enlarged,flat,fleshy,fork,forked,hair,heteromorphism,inflated,insertion,internodal,interpetalar,leathery,marking,mature,membranous,modification,multi-branched,needle-like,none,odour,orientation,paired,pattern,placement,plurifoliate,pore,position,present,present-leaf,present-stem,radially,red,rhizome,round,scale,simple-lobed,smell,spot,staman,stellate,stone,straight,structure,swollen,symmetric,symmetry,sympodial,system,tapered-lanceolate,tissue,triangular,tuber,unit,vegetative,xylopodia,zygomorphy	40.0	144.0	76.0	anther,apex,base,berry,branch,calyx,cell,colour,cordate,corolla,filament,form,fruit,fruiting,growth,inflorescence,interjected,leaf,leaflet,length,lower,margin,mm,orange,pedicel,petiole,prickle,pseudostipule,shape,shrub,stem,surface,terminal,texture,tree,trichome,truncate,type,white,yellow	-5,0-15,0-2,0.1-0.25,0.7-1,0.7-1.1,0.9-2.1,1-1.5,1-1.8,1-4,1.4-1.7,1.5-2-4-5,1.5-4,1/2-2/3,1/3,1/3-2/3,1/4,10-15,15-40,2-3-4,2.3-3,3-4,3-6,3.5-3.8,3.5-4.5,4,4-5,4-6,4-8,5,5-8,6-15,7-12,7-12.5,8-18,acuminate,acute,always,apically,apparently,arrangement,articulated,auriculate,bark,branched,bud,characteristic,chartaceous,cm,connivent,corrugation,dark,deltate,densely,diameter,discolorous,distal,distance,drying,dull,erect,evenly,exertion,extending,flattened-reniform,flower,frequently,glabrescent,glabrous,glabrousnes,green,height,history,lateral,life,lobe,lobed,lobing,long,long-styled,maturity,midpoint,midvein,na,narrow-deltate,new,number,oblong,obovate,often,one,open,orange-brown,outline,ovary,ovate,pair,pale,peduncle,per,perennial,pit,plant,poricidal,prickly,primary,prominent,raised,ray,reflexed,rounded,secondary,seed,side,simple,size,small,smooth,sometimes,spherical,spreading,stellate-pubescent,stigma,strongly,style,tapering,terete,thicknes,time,tip,tube,unarmed,upper,value,variation,vein,way,weakly,white-brown,wide,width,yellow-green,yellow-orange,young	0.7-1.0,4.0-6.0,absent,absent-inflorescence,absent-leaf,absent-stem,andromonoecious,appressed,articulation,asymmetric,basal,bract,branching,breeding,broad-based,connective,dichasial,discrete,distinct,eglandular,enlarged,flat,fleshy,fork,forked,hair,heteromorphism,inflated,insertion,internodal,interpetalar,leathery,marking,mature,membranous,modification,multi-branched,needle-like,none,odour,orientation,paired,pattern,placement,plurifoliate,pore,position,present,present-leaf,present-stem,radially,red,rhizome,round,scale,simple-lobed,smell,spot,staman,stellate,stone,straight,structure,swollen,symmetric,symmetry,sympodial,system,tapered-lanceolate,tissue,triangular,tuber,unit,vegetative,xylopodia,zygomorphy
488	wfo-0001031752	invalid_json_followup	NA	36	NA	41	111	75	anther,apex,basal,base,branch,calyx,colour,corolla,filament,form,fruit,fruiting,fusiform,green,growth,inflorescence,interjected,leaf,leaflet,length,margin,mm,pedicel,petiole,pink,prickle,pseudostipule,rounded,shape,shrub,simple,stem,surface,terminal,texture,tree,truncate,type,unbranched,white,yellow	-10,0.5-1,1,1-2,1-4,1.5-3,1.5-3.5-6,15-25,15-40-100,2-2.5,2-5,20-35,3-11.5,3-4,3-7,3.5-5,5-23,5-8,abaxially,acuminate,acute,adaxially,apiculate,appearance,arrangement,articulated,bark,beyond,bud,characteristic,chartaceous,cm,connivent,corrugation,cuneate,darker,deltate,densely,diameter,distal,drying,ellipsoidal,elliptic,entire,exertion,exserted,flattened,flower,giving,glabrate,glabrescent,glabrous,glabrousnes,glandular-puberulent,height,history,immature,lanceolate,lateral,leaving,less,life,light,lobe,lobing,long,midpoint,moderately,na,narrowly,near,new,number,oblong,older,ovary,ovate,ovoid,pedicellar,peduncle,per,plant,primary,puberulent,pubescent,purplish,ray,remnant,ripe,rugose,seed,size,small,sparsely,stamen,stigma,stripe,style,subcordate,subcoriaceous,thicknes,tip,triangular,tube,value,variation,vein,wide,width,x,young							5.0-6.0,absent,appressed,articulation,axillary,berry,blue,bract,branching,breeding,broad-based,cell,connective,cordate,coriaceous,discrete,distinct,ellipsoid,enlarged,flat,fleshy,fork,fully,glandular,hair,hermaphroditic,heteromorphism,inflated,insertion,interpetalar,leathery,lilac,lower,marking,mature,membranous,modification,multicellular,near-basal,needle-like,none,odour,orientation,paired,pattern,placement,plurifoliate,pore,position,present,purple,radially,rhizome,scale,simple-entire,smell,spot,staman,stellate,stone,structure,swollen,symmetric,symmetry,sympodial,system,tapered-lanceolate,tissue,trichome,trifoliate,tuber,unit,vegetative,xylopodia,zygomorphy	41.0	111.0	75.0	anther,apex,basal,base,branch,calyx,colour,corolla,filament,form,fruit,fruiting,fusiform,green,growth,inflorescence,interjected,leaf,leaflet,length,margin,mm,pedicel,petiole,pink,prickle,pseudostipule,rounded,shape,shrub,simple,stem,surface,terminal,texture,tree,truncate,type,unbranched,white,yellow	-10,0.5-1,1,1-2,1-4,1.5-3,1.5-3.5-6,15-25,15-40-100,2-2.5,2-5,20-35,3-11.5,3-4,3-7,3.5-5,5-23,5-8,abaxially,acuminate,acute,adaxially,apiculate,appearance,arrangement,articulated,bark,beyond,bud,characteristic,chartaceous,cm,connivent,corrugation,cuneate,darker,deltate,densely,diameter,distal,drying,ellipsoidal,elliptic,entire,exertion,exserted,flattened,flower,giving,glabrate,glabrescent,glabrous,glabrousnes,glandular-puberulent,height,history,immature,lanceolate,lateral,leaving,less,life,light,lobe,lobing,long,midpoint,moderately,na,narrowly,near,new,number,oblong,older,ovary,ovate,ovoid,pedicellar,peduncle,per,plant,primary,puberulent,pubescent,purplish,ray,remnant,ripe,rugose,seed,size,small,sparsely,stamen,stigma,stripe,style,subcordate,subcoriaceous,thicknes,tip,triangular,tube,value,variation,vein,wide,width,x,young	5.0-6.0,absent,appressed,articulation,axillary,berry,blue,bract,branching,breeding,broad-based,cell,connective,cordate,coriaceous,discrete,distinct,ellipsoid,enlarged,flat,fleshy,fork,fully,glandular,hair,hermaphroditic,heteromorphism,inflated,insertion,interpetalar,leathery,lilac,lower,marking,mature,membranous,modification,multicellular,near-basal,needle-like,none,odour,orientation,paired,pattern,placement,plurifoliate,pore,position,present,purple,radially,rhizome,scale,simple-entire,smell,spot,staman,stellate,stone,structure,swollen,symmetric,symmetry,sympodial,system,tapered-lanceolate,tissue,trichome,trifoliate,tuber,unit,vegetative,xylopodia,zygomorphy
489	wfo-0001031756	invalid_json_followup	NA	42	NA	37	105	77	anther,apex,base,berry,calyx,colour,cordate,corolla,filament,form,fruit,fruiting,green,growth,inflated,inflorescence,interjected,leaf,leaflet,length,margin,mature,mm,pedicel,petiole,prickle,pseudostipule,shape,shoot,shrub,stem,straight,surface,texture,truncate,type,white	.1,.5,.8,/2,0,0-2,0.02-0.2,0.4-1.6,0.5-1,0.5-1.3,0.6-1.2,0.6-1.6,0.7-1.7,0.8-1,1-4,1.5-2,1.8-2.5,3-15,3-5,3-7,7-10,9-14,abaxially,acute,apart,apically,arrangement,articulated,bark,branch,bud,characteristic,cm,color,concolorous,conical,corrugation,deltate,densely,diameter,distal,drying,entire,erect,evenly,exertion,finely,flattened-reniform,glabrous,glabrousnes,gray,height,history,known,lateral,life,lobe,lobing,long,mauve,midpoint,moderately,na,new,number,older,orange-brown,ovary,ovate,pair,pale,peduncle,per,perennial,pitted,plant,poricidal,prickly,primary,ray,red-brown,rounded,seed,short,simple,size,spaced,sparsely,spherical,stellate-pubescent,stigma,style,tapering,terminal,thicknes,tip,tube,value,variation,vein,way,wide,width,yellow-green,young							0.5,4.0,absent,absent-leaf,appressed,articulation,axillary,basal,blue,bract,branching,breeding,broad-based,cell,connective,dichasial,discrete,distinct,eglandular,enlarged,flat,fleshy,fully,hair,hermaphroditic,heteromorphism,insertion,interpetalar,leathery,lilac,lower,marking,membranous,modification,needle-like,none,odour,orientation,paired,pattern,pink,placement,plurifoliate,pore,position,present,present-inflorescence,present-stem,purple,radially,rhizome,round,scale,simple-entire,smell,spot,spur,staman,stellate,stone,structure,symmetric,symmetry,sympodial,system,tapered-lanceolate,tissue,triangular,trichome,tuber,unbranched,unit,vegetative,vine,woody,xylopodia,zygomorphy	37.0	105.0	77.0	anther,apex,base,berry,calyx,colour,cordate,corolla,filament,form,fruit,fruiting,green,growth,inflated,inflorescence,interjected,leaf,leaflet,length,margin,mature,mm,pedicel,petiole,prickle,pseudostipule,shape,shoot,shrub,stem,straight,surface,texture,truncate,type,white	.1,.5,.8,/2,0,0-2,0.02-0.2,0.4-1.6,0.5-1,0.5-1.3,0.6-1.2,0.6-1.6,0.7-1.7,0.8-1,1-4,1.5-2,1.8-2.5,3-15,3-5,3-7,7-10,9-14,abaxially,acute,apart,apically,arrangement,articulated,bark,branch,bud,characteristic,cm,color,concolorous,conical,corrugation,deltate,densely,diameter,distal,drying,entire,erect,evenly,exertion,finely,flattened-reniform,glabrous,glabrousnes,gray,height,history,known,lateral,life,lobe,lobing,long,mauve,midpoint,moderately,na,new,number,older,orange-brown,ovary,ovate,pair,pale,peduncle,per,perennial,pitted,plant,poricidal,prickly,primary,ray,red-brown,rounded,seed,short,simple,size,spaced,sparsely,spherical,stellate-pubescent,stigma,style,tapering,terminal,thicknes,tip,tube,value,variation,vein,way,wide,width,yellow-green,young	0.5,4.0,absent,absent-leaf,appressed,articulation,axillary,basal,blue,bract,branching,breeding,broad-based,cell,connective,dichasial,discrete,distinct,eglandular,enlarged,flat,fleshy,fully,hair,hermaphroditic,heteromorphism,insertion,interpetalar,leathery,lilac,lower,marking,membranous,modification,needle-like,none,odour,orientation,paired,pattern,pink,placement,plurifoliate,pore,position,present,present-inflorescence,present-stem,purple,radially,rhizome,round,scale,simple-entire,smell,spot,spur,staman,stellate,stone,structure,symmetric,symmetry,sympodial,system,tapered-lanceolate,tissue,triangular,trichome,tuber,unbranched,unit,vegetative,vine,woody,xylopodia,zygomorphy
490	wfo-0001031786	invalid_json_followup	NA	43	NA	39	118	81	anther,apex,base,berry,calyx,cell,colour,corolla,cuneate,filament,form,fruit,fruiting,growth,herb,inflorescence,interjected,leaf,leaflet,length,margin,membranous,mm,orange,pedicel,petiole,prickle,pseudostipule,red,shape,shrub,stem,straight,surface,texture,trichome,truncate,type,white	.5,/3,0-20,0.1-0.4,0.2-2.5,0.5-1.5,0.7-1,0.7-1.6,0.7-4,0.8-1.2,1,1-3,1-6,1.2-1.6,1.5-1.9,1.5-2.5,2-13,2-3,2-7,2.5-3.5,4-5,6-8,acute,almost,apart,apparently,arrangement,articulated,bark,becoming,branch,branched,bud,characteristic,chartaceous,clavate,cm,concolorous,connivent,corrugation,curved,dark,deep,diameter,distal,drying,elliptic,erect,evenly,exertion,flattened-reniform,glabrous,glabrousnes,gray,gray-brown,green,height,history,lateral,life,lobe,lobed,lobing,long,maturity,mauve,midpoint,minute,na,new,number,orange-brown,outline,ovary,ovate,pair,pale,peduncle,per,pit,plant,poricidal,prickly,primary,raised,ray,red-brown,reflexed,scandent,seed,shiny,simple,size,small,smooth,sometimes,spaced,sparsely,spherical,spreading,stellate-pubescent,stigma,style,tapering,terete,terminal,thicknes,tip,tube,value,variation,vein,way,weakly,wide,width,yellow-orange,young							0.7-1.0,6.0-8.0,absent,absent-inflorescence,absent-leaf,appressed,articulation,asymmetric,basal,blue,bract,branching,breeding,broad-based,connective,dichasial,discrete,distinct,eglandular,enlarged,flat,fleshy,fully,hair,herbaceous,hermaphroditic,heteromorphism,inflated,insertion,internodal,interpetalar,leathery,lilac,lower,marking,mature,modification,needle-like,none,odour,orientation,paired,pattern,pink,placement,plurifoliate,pore,position,present,present-inflorescence,present-leaf,present-stem,purple,radially,recurved,rhizome,round,scale,simple-lobed,smell,spot,staman,stellate,stone,structure,swollen,symmetric,symmetry,sympodial,system,tapered-lanceolate,tissue,triangular,tuber,unbranched,unit,vegetative,vine,woody,xylopodia,zygomorphy	39.0	118.0	81.0	anther,apex,base,berry,calyx,cell,colour,corolla,cuneate,filament,form,fruit,fruiting,growth,herb,inflorescence,interjected,leaf,leaflet,length,margin,membranous,mm,orange,pedicel,petiole,prickle,pseudostipule,red,shape,shrub,stem,straight,surface,texture,trichome,truncate,type,white	.5,/3,0-20,0.1-0.4,0.2-2.5,0.5-1.5,0.7-1,0.7-1.6,0.7-4,0.8-1.2,1,1-3,1-6,1.2-1.6,1.5-1.9,1.5-2.5,2-13,2-3,2-7,2.5-3.5,4-5,6-8,acute,almost,apart,apparently,arrangement,articulated,bark,becoming,branch,branched,bud,characteristic,chartaceous,clavate,cm,concolorous,connivent,corrugation,curved,dark,deep,diameter,distal,drying,elliptic,erect,evenly,exertion,flattened-reniform,glabrous,glabrousnes,gray,gray-brown,green,height,history,lateral,life,lobe,lobed,lobing,long,maturity,mauve,midpoint,minute,na,new,number,orange-brown,outline,ovary,ovate,pair,pale,peduncle,per,pit,plant,poricidal,prickly,primary,raised,ray,red-brown,reflexed,scandent,seed,shiny,simple,size,small,smooth,sometimes,spaced,sparsely,spherical,spreading,stellate-pubescent,stigma,style,tapering,terete,terminal,thicknes,tip,tube,value,variation,vein,way,weakly,wide,width,yellow-orange,young	0.7-1.0,6.0-8.0,absent,absent-inflorescence,absent-leaf,appressed,articulation,asymmetric,basal,blue,bract,branching,breeding,broad-based,connective,dichasial,discrete,distinct,eglandular,enlarged,flat,fleshy,fully,hair,herbaceous,hermaphroditic,heteromorphism,inflated,insertion,internodal,interpetalar,leathery,lilac,lower,marking,mature,modification,needle-like,none,odour,orientation,paired,pattern,pink,placement,plurifoliate,pore,position,present,present-inflorescence,present-leaf,present-stem,purple,radially,recurved,rhizome,round,scale,simple-lobed,smell,spot,staman,stellate,stone,structure,swollen,symmetric,symmetry,sympodial,system,tapered-lanceolate,tissue,triangular,tuber,unbranched,unit,vegetative,vine,woody,xylopodia,zygomorphy
491	wfo-0001031793	success	38	44	8	36	78	81	anther,apex,base,berry,colour,corolla,cuneate,filament,forked,form,fruit,growth,hair,inflorescence,interpetalar,leaf,leaflet,length,margin,mm,pedicel,petiole,prickle,pseudostipule,rounded,shape,shrub,stellate,stem,surface,texture,tissue,tree,type,unbranched,white	-4,.5,1-1.5,1-2,1.5-4,10-15,13-20,15-20,2-3,2-5,3-8,8-11,abundant,acuminate,aging,almost,armed,arrangement,articulated,bilobed,black,branched,broadly,brownish,capitate,characteristic,cm,densely,diameter,distal,elliptic,extra-axillary,flattened,flower,globose,height,history,lateral,life,lobe,lobing,long,many,midpoint,minutely,na,number,oblong-lanceolate,orange-yellow,orbicular-ovate,ovary,peduncle,per,perennial,plant,porocidal,primary,pubescent,ray,scattered,seed,shallow,simple,size,small,stellate-pubescent,stigma,style,terminal,thicknes,tip,variation,vein,well-developed,width,x,yellow,yellow-brown							1.2-1.5,4.5-5.2,absent,absent-leaf,appressed,articulation,asymmetric,basal,bract,branching,breeding,broad-based,calyx,cell,connective,coriaceous,difoliate,discrete,distinct,eglandular,enlarged,flat,fleshy,fruiting,fully,geminate,glandular,hermaphroditic,heteromorphism,inflated,insertion,interjected,internodal,leathery,lower,marking,mature,membranous,modification,monochasial,multi-branched,needle-like,non-geminate,none,odour,orange,orientation,paired,pattern,placement,pore,position,present,present-leaf,present-stem,radially,red,rhizome,round,scale,simple-entire,simple-toothed,smell,spot,staman,stone,straight,structure,swollen,symmetric,symmetry,sympodial,system,tapered-lanceolate,triangular,trichome,tuber,unit,vegetative,xylopodia,zygomorphy	15.0	54.0	102.0	base,berry,cuneate,forked,fruit,hair,interpetalar,mm,rounded,shrub,stellate,tissue,tree,unbranched,white	-4,.5,1-1.5,1-2,1.5-4,10-15,13-20,15-20,2-3,2-5,3-8,8-11,abundant,acuminate,aging,almost,armed,articulated,bilobed,black,branched,broadly,brownish,capitate,cm,densely,diameter,elliptic,extra-axillary,flattened,flower,globose,lobe,long,many,minutely,na,oblong-lanceolate,orange-yellow,orbicular-ovate,per,perennial,porocidal,pubescent,scattered,shallow,simple,small,stellate-pubescent,tip,well-developed,x,yellow,yellow-brown	1.2-1.5,4.5-5.2,absent,absent-leaf,anther,apex,appressed,articulation,asymmetric,basal,bract,branching,breeding,broad-based,calyx,cell,colour,connective,coriaceous,corolla,difoliate,discrete,distinct,eglandular,enlarged,filament,flat,fleshy,form,fruiting,fully,geminate,glandular,growth,hermaphroditic,heteromorphism,inflated,inflorescence,insertion,interjected,internodal,leaf,leaflet,leathery,length,lower,margin,marking,mature,membranous,modification,monochasial,multi-branched,needle-like,non-geminate,none,odour,orange,orientation,paired,pattern,pedicel,petiole,placement,pore,position,present,present-leaf,present-stem,prickle,pseudostipule,radially,red,rhizome,round,scale,shape,simple-entire,simple-toothed,smell,spot,staman,stem,stone,straight,structure,surface,swollen,symmetric,symmetry,sympodial,system,tapered-lanceolate,texture,triangular,trichome,tuber,type,unit,vegetative,xylopodia,zygomorphy
492	wfo-0001031829	success	39	39	7	32	73	71	absent,acute,anther,apex,base,berry,branched,calyx,colour,corolla,filament,form,fruit,fruiting,green,growth,inflorescence,leaf,length,margin,mm,pedicel,petiole,shape,shrub,simple,stem,surface,texture,trichome,type,white	.25,.5,0.7-1,1-2,1.3-1.5,1.5-3.5,2-4,3-5-flowered,3/4,4-8.5,alternate,arrangement,bark,branch,broadly,bud,capitate,characteristic,cm,conical,corrugation,deflexed,densely,diameter,drying,elliptic,exertion,exserted,glabrous,glabrousnes,globose,greenish-brown,height,history,immature,known,leathery,life,like,lobed,lobing,long,minute,na,new,number,occasionally,often,ovary,peduncle,per,perennial,plant,primary,pubescent,revolute,seed,shaped,size,soft,somewhat,sparsely,stigma,style,tapering,tear-drop,thick,tube,uniseriate,vein,way,x,yellowish							0.25,4.0-4.5,appressed,articulation,basal,bract,branching,breeding,broad-based,cell,connective,dendritic,difoliate,discrete,distinct,eglandular,elliptic-oblong,enlarged,flat,geminate,hair,hard,heteromorphism,inflated,insertion,interjected,interpetalar,leaf-opposed,leaflet,lower,marking,mature,membranous,modification,monochasial,multicellular,needle-like,none,odour,orientation,paired,pattern,placement,pore,position,present,prickle,pseudostipule,radially,rhizome,round,scale,simple-entire,smell,spot,staman,stellate,stone,structure,swollen,symmetric,symmetry,sympodial,system,tissue,tuber,unbranched,unit,vegetative,xylopodia,zygomorphy	16.0	47.0	87.0	absent,acute,base,berry,branched,calyx,green,inflorescence,leaf,margin,mm,shrub,simple,stem,trichome,white	.25,.5,0.7-1,1-2,1.3-1.5,1.5-3.5,2-4,3-5-flowered,3/4,4-8.5,alternate,broadly,capitate,cm,conical,deflexed,densely,elliptic,exserted,glabrous,globose,greenish-brown,immature,known,leathery,like,lobed,long,minute,na,occasionally,often,perennial,pubescent,revolute,shaped,soft,somewhat,sparsely,tapering,tear-drop,thick,tube,uniseriate,way,x,yellowish	0.25,4.0-4.5,anther,apex,appressed,articulation,basal,bract,branching,breeding,broad-based,cell,colour,connective,corolla,dendritic,difoliate,discrete,distinct,eglandular,elliptic-oblong,enlarged,filament,flat,form,fruit,fruiting,geminate,growth,hair,hard,heteromorphism,inflated,insertion,interjected,interpetalar,leaf-opposed,leaflet,length,lower,marking,mature,membranous,modification,monochasial,multicellular,needle-like,none,odour,orientation,paired,pattern,pedicel,petiole,placement,pore,position,present,prickle,pseudostipule,radially,rhizome,round,scale,shape,simple-entire,smell,spot,staman,stellate,stone,structure,surface,swollen,symmetric,symmetry,sympodial,system,texture,tissue,tuber,type,unbranched,unit,vegetative,xylopodia,zygomorphy
493	wfo-0001031832	invalid_json_followup	NA	40	NA	38	119	77	anther,apex,attenuate,base,berry,branch,bullate,calyx,colour,corolla,filament,fleshy,form,fruit,fruiting,green,growth,inflorescence,interjected,leaf,leaflet,length,margin,mm,pedicel,petiole,prickle,pseudostipule,shape,shrub,simple,stem,surface,terminal,texture,tree,type,white	0.1-0.3,0.2-0.6,0.2-1.5,0.3-3,0.7-1.6,0.7-2,0.8-1.2,1-12,1.2-1.6,1.2-2,1.7-4,14,2-3.6,2-6,2.8-4.8,3-6.5,3-7,4-20,7-10,8-25,9,abaxially,acuminate,acute,adaxially,anthesi,apart,arrangement,articulated,bark,becoming,blunt-tipped,branched,brown,brownish,bud,capitate,characteristic,closely,cm,conical,continued,corrugation,dark,deltoid,diameter,distal,drying,due,entire,exertion,exserted,ferrugineous,flower,glabrescent,glabrous,glabrousnes,globose,granular-tomentose,greenish,height,history,honeycombed,lanceolate,lateral,life,lobe,lobing,midpoint,midvein,mostly,na,new,number,oblanceolate,oblong,obovoid,obtuse,orbicular,ovary,ovate,pale,peduncle,per,perennial,persistent,pitted,plant,primary,probably,ray,reniform,reticulate-punctate,ripe,rough,scabrous,seed,side,size,somewhat,soon,spaced,stigma,style,suborbicular,terete,thicknes,time,tube,unarmed,value,variation,vein,violet,weakly,width,x,yellow,yellowish							0.0-1.0,2.0-3.6,absent,appressed,articulation,basal,blue,bract,branching,breeding,broad-based,cell,connective,cuneate,dendritic,dichasial,distinct,eglandular,elliptic-oblong,elongating,enlarged,flat,fork,fully,hair,hermaphroditic,heteromorphism,inflated,insertion,interpetalar,leathery,lilac,lower,marking,mature,modification,multi-branched,multicellular,needle-like,none,odour,orange,orientation,paired,pattern,pink,placement,plurifoliate,pore,position,present,purple,radially,red,rhizome,round,scale,simple-entire,smell,spot,staman,stellate,stone,structure,swollen,symmetric,symmetry,sympodial,system,tissue,trichome,tuber,unit,vegetative,winged,xylopodia,zygomorphy	38.0	119.0	77.0	anther,apex,attenuate,base,berry,branch,bullate,calyx,colour,corolla,filament,fleshy,form,fruit,fruiting,green,growth,inflorescence,interjected,leaf,leaflet,length,margin,mm,pedicel,petiole,prickle,pseudostipule,shape,shrub,simple,stem,surface,terminal,texture,tree,type,white	0.1-0.3,0.2-0.6,0.2-1.5,0.3-3,0.7-1.6,0.7-2,0.8-1.2,1-12,1.2-1.6,1.2-2,1.7-4,14,2-3.6,2-6,2.8-4.8,3-6.5,3-7,4-20,7-10,8-25,9,abaxially,acuminate,acute,adaxially,anthesi,apart,arrangement,articulated,bark,becoming,blunt-tipped,branched,brown,brownish,bud,capitate,characteristic,closely,cm,conical,continued,corrugation,dark,deltoid,diameter,distal,drying,due,entire,exertion,exserted,ferrugineous,flower,glabrescent,glabrous,glabrousnes,globose,granular-tomentose,greenish,height,history,honeycombed,lanceolate,lateral,life,lobe,lobing,midpoint,midvein,mostly,na,new,number,oblanceolate,oblong,obovoid,obtuse,orbicular,ovary,ovate,pale,peduncle,per,perennial,persistent,pitted,plant,primary,probably,ray,reniform,reticulate-punctate,ripe,rough,scabrous,seed,side,size,somewhat,soon,spaced,stigma,style,suborbicular,terete,thicknes,time,tube,unarmed,value,variation,vein,violet,weakly,width,x,yellow,yellowish	0.0-1.0,2.0-3.6,absent,appressed,articulation,basal,blue,bract,branching,breeding,broad-based,cell,connective,cuneate,dendritic,dichasial,distinct,eglandular,elliptic-oblong,elongating,enlarged,flat,fork,fully,hair,hermaphroditic,heteromorphism,inflated,insertion,interpetalar,leathery,lilac,lower,marking,mature,modification,multi-branched,multicellular,needle-like,none,odour,orange,orientation,paired,pattern,pink,placement,plurifoliate,pore,position,present,purple,radially,red,rhizome,round,scale,simple-entire,smell,spot,staman,stellate,stone,structure,swollen,symmetric,symmetry,sympodial,system,tissue,trichome,tuber,unit,vegetative,winged,xylopodia,zygomorphy
494	wfo-0001031834	success	40	39	6	33	80	76	acute,anther,apex,base,berry,calyx,colour,corolla,filament,form,fruit,fruiting,green,growth,inflorescence,interjected,leaf,leaflet,length,margin,mm,pedicel,petiole,prickle,pseudostipule,shape,shrub,simple,stem,surface,texture,type,white	0.5,0.5-3,0.5-3.5,0.6-1.4,0.8-1,0.8-1.3,1.5,1.6-2,1.9-6.5,2,2/3,6-7,6.5-14,acuminate,alternate,appearance,arrangement,bark,border,branch,bud,characteristic,cm,corrugation,decurrent,deltoid,dia,diameter,distal,drying,exertion,flattened-reniform,giving,glabrousnes,globose,greenish-yellow,height,history,lateral,less,life,lobe,lobing,midpoint,minutely,na,new,number,ovary,ovate,pale,papillose,peduncle,per,perennial,pitted,plant,primary,pubescent,ray,scabrous,seed,shaped,size,slender,sparsely,stigma,style,tan,tapering,tear-drop,terminal,thicknes,tube,variation,vein,way,width,x,yellow							0.6,2.6-2.8,absent,appressed,articulation,basal,bract,branched,branching,breeding,broad-based,cell,connective,dendritic,difoliate,distinct,eglandular,elliptic-oblong,elongating,enlarged,flat,fleshy,fully,glandular,hair,hermaphroditic,heteromorphism,inflated,insertion,internodal,interpetalar,leaf-opposed,leathery,lower,marking,mature,membranous,modification,monochasial,multicellular,needle-like,non-geminate,none,odour,orientation,paired,pattern,placement,pore,position,present,radially,rhizome,round,scale,simple-entire,smell,spot,staman,stellate,stone,structure,swollen,symmetric,symmetry,sympodial,system,tissue,trichome,tuber,unbranched,unit,vegetative,winged,xylopodia,zygomorphy	8.0	41.0	101.0	acute,base,berry,green,mm,shrub,simple,white	0.5,0.5-3,0.5-3.5,0.6-1.4,0.8-1,0.8-1.3,1.5,1.6-2,1.9-6.5,2,2/3,6-7,6.5-14,acuminate,alternate,cm,decurrent,deltoid,dia,flattened-reniform,globose,greenish-yellow,less,minutely,na,ovate,pale,papillose,perennial,pitted,pubescent,scabrous,shaped,slender,sparsely,tan,tapering,tear-drop,way,x,yellow	0.6,2.6-2.8,absent,anther,apex,appressed,articulation,basal,bract,branched,branching,breeding,broad-based,calyx,cell,colour,connective,corolla,dendritic,difoliate,distinct,eglandular,elliptic-oblong,elongating,enlarged,filament,flat,fleshy,form,fruit,fruiting,fully,glandular,growth,hair,hermaphroditic,heteromorphism,inflated,inflorescence,insertion,interjected,internodal,interpetalar,leaf,leaf-opposed,leaflet,leathery,length,lower,margin,marking,mature,membranous,modification,monochasial,multicellular,needle-like,non-geminate,none,odour,orientation,paired,pattern,pedicel,petiole,placement,pore,position,present,prickle,pseudostipule,radially,rhizome,round,scale,shape,simple-entire,smell,spot,staman,stellate,stem,stone,structure,surface,swollen,symmetric,symmetry,sympodial,system,texture,tissue,trichome,tuber,type,unbranched,unit,vegetative,winged,xylopodia,zygomorphy
495	wfo-0001031842	success	45	38	8	42	113	65	0.1-0.5,anther,apex,base,berry,calyx,colour,corolla,difoliate,filament,form,fruit,fruiting,geminate,green,growth,inflorescence,interjected,leaf,leaf-opposed,leaflet,length,margin,mm,pedicel,petiole,pore,prickle,pseudostipule,shape,shrub,simple,stem,surface,sympodial,terminal,texture,tree,trichome,type,unit,white	.4,.5,.75,0.6-1,0.7-1,1,1-1.5,1-1.8,1-3.5,1.5-2,10-20,10-30-flowered,2-10,2-3,2.5-3,3-8,3/4,4.5-6,7-9,acute,anthesi,appearance,arrangement,attenuate,axil,bark,bearing,beneath,bi-lobed,border,brown,bud,capitate,characteristic,cm,cusp,dark,decurrent,deeply,dia,diameter,distal,dry,ellipsoid,elliptic,exertion,exserted,exsertion,flattened-reniform,giving,glabrous,glabrousnes,globose,height,history,later,lateral,life,lobe,lobed,lobing,long,main,midpoint,minor,minutely,na,near,new,number,often,onto,opposite,ovary,overtopping,pale,papillose,peduncle,per,pitted,plant,poricidal,quadrate,ray,reddish-resinous,reflexed,seed,shaped,shiny,shoot,size,slender,somewhat,soon,specimen,stigma,strongly,style,tapering,tear-drop,thicknes,time,tip,tube,tuft,uniseriate,variation,vein,way,width,x,yellowish-white,young							2.5-3.0,absent,appressed,articulation,basal,bract,branch,branching,breeding,broad-based,cell,connective,cuneate,discrete,distinct,eglandular,elliptic-oblong,enlarged,flat,fork,hair,hard,heteromorphism,inflated,insertion,internodal,interpetalar,lower,marking,mature,membranous,modification,monochasial,multicellular,needle-like,none,odour,orientation,paired,pattern,placement,position,present,radially,rhizome,round,scale,simple-entire,smell,spot,staman,stellate,stone,structure,swollen,symmetric,symmetry,system,tissue,tuber,unbranched,vegetative,winged,xylopodia,zygomorphy	24.0	83.0	83.0	0.1-0.5,apex,base,berry,calyx,corolla,difoliate,geminate,green,leaf,leaf-opposed,margin,mm,petiole,pore,shrub,simple,surface,sympodial,terminal,tree,trichome,unit,white	.4,.5,.75,0.6-1,0.7-1,1,1-1.5,1-1.8,1-3.5,1.5-2,10-20,10-30-flowered,2-10,2-3,2.5-3,3-8,3/4,4.5-6,7-9,acute,anthesi,attenuate,axil,bearing,beneath,bi-lobed,brown,capitate,cm,cusp,dark,decurrent,deeply,dia,dry,ellipsoid,elliptic,exserted,exsertion,flattened-reniform,glabrous,globose,later,lateral,lobe,lobed,long,main,minutely,na,near,new,often,onto,opposite,overtopping,pale,papillose,pitted,poricidal,quadrate,reddish-resinous,reflexed,shaped,shiny,shoot,slender,somewhat,soon,specimen,strongly,tapering,tear-drop,time,tip,tube,tuft,uniseriate,vein,way,x,yellowish-white,young	2.5-3.0,absent,anther,appressed,articulation,basal,bract,branch,branching,breeding,broad-based,cell,colour,connective,cuneate,discrete,distinct,eglandular,elliptic-oblong,enlarged,filament,flat,fork,form,fruit,fruiting,growth,hair,hard,heteromorphism,inflated,inflorescence,insertion,interjected,internodal,interpetalar,leaflet,length,lower,marking,mature,membranous,modification,monochasial,multicellular,needle-like,none,odour,orientation,paired,pattern,pedicel,placement,position,present,prickle,pseudostipule,radially,rhizome,round,scale,shape,simple-entire,smell,spot,staman,stellate,stem,stone,structure,swollen,symmetric,symmetry,system,texture,tissue,tuber,type,unbranched,vegetative,winged,xylopodia,zygomorphy
496	wfo-0001031843	invalid_json_followup	NA	39	NA	34	123	78	anther,apex,base,berry,branch,branching,calyx,colour,corolla,filament,form,fruit,fruiting,green,growth,inflorescence,interjected,leaf,leaflet,length,margin,mm,pattern,pedicel,petiole,prickle,pseudostipule,shape,shrub,stem,surface,terminal,texture,type	.5,.6,0.5-1,0.6-1.2,1-7,1.2-2,1.2-2.2,1.5,1.5-2,1.8-2.5,1/6-1/4,2-3,2.5,3-4,3-7,4-12,45-60°,5-10,5-12,6-9,acuminate,almost,along,anthesi,apically,arrangement,attenuate,bark,black,branched,brown,bud,canaliculate,capitate,caudate,characteristic,cm,completely,conical,corrugation,cupular,dark,deeply,diameter,dilated,discoid,discolorous,distal,distributed,drying,dull,ellipsoid,equal,evenly,exertion,finely,flower,forming,glabrous,glabrousnes,height,history,honeycomb,lateral,liana,life,lobe,lobing,long,loop,main,midpoint,midvein,na,new,number,oblique,oblong,obovate,orange,orange-brown,orange-yellow,ovary,pair,papillose,partly,peduncle,per,pitted,plant,primary,pubescent,ray,red,reddish,rounded,seed,shiny,shortly,size,slender,slightly,smooth,sometimes,sparsely,spheroidal,spreading,stigma,strongly,style,thick-chartaceous,thicknes,tube,twice,unarmed,value,variation,vein,violet,weakly,width,x,young							1.5-2.0,3.0-4.0,absent,acute,appressed,articulation,asymmetric,basal,blue,bract,breeding,broad-based,cell,connective,cuneate,discrete,distinct,eglandular,elliptic-oblong,enlarged,flat,fleshy,fork,forked,fully,hair,hermaphroditic,heteromorphism,inflated,insertion,interpetalar,leathery,lilac,lower,marking,mature,membranous,modification,monochasial,multicellular,near-basal,needle-like,none,odour,orientation,paired,pink,placement,plurifoliate,pore,position,purple,radially,rhizome,round,scale,simple,simple-entire,smell,spot,staman,stellate,stone,structure,swollen,symmetric,symmetry,sympodial,system,tissue,trichome,tuber,unit,vegetative,vine,woody,xylopodia,zygomorphy	34.0	123.0	78.0	anther,apex,base,berry,branch,branching,calyx,colour,corolla,filament,form,fruit,fruiting,green,growth,inflorescence,interjected,leaf,leaflet,length,margin,mm,pattern,pedicel,petiole,prickle,pseudostipule,shape,shrub,stem,surface,terminal,texture,type	.5,.6,0.5-1,0.6-1.2,1-7,1.2-2,1.2-2.2,1.5,1.5-2,1.8-2.5,1/6-1/4,2-3,2.5,3-4,3-7,4-12,45-60°,5-10,5-12,6-9,acuminate,almost,along,anthesi,apically,arrangement,attenuate,bark,black,branched,brown,bud,canaliculate,capitate,caudate,characteristic,cm,completely,conical,corrugation,cupular,dark,deeply,diameter,dilated,discoid,discolorous,distal,distributed,drying,dull,ellipsoid,equal,evenly,exertion,finely,flower,forming,glabrous,glabrousnes,height,history,honeycomb,lateral,liana,life,lobe,lobing,long,loop,main,midpoint,midvein,na,new,number,oblique,oblong,obovate,orange,orange-brown,orange-yellow,ovary,pair,papillose,partly,peduncle,per,pitted,plant,primary,pubescent,ray,red,reddish,rounded,seed,shiny,shortly,size,slender,slightly,smooth,sometimes,sparsely,spheroidal,spreading,stigma,strongly,style,thick-chartaceous,thicknes,tube,twice,unarmed,value,variation,vein,violet,weakly,width,x,young	1.5-2.0,3.0-4.0,absent,acute,appressed,articulation,asymmetric,basal,blue,bract,breeding,broad-based,cell,connective,cuneate,discrete,distinct,eglandular,elliptic-oblong,enlarged,flat,fleshy,fork,forked,fully,hair,hermaphroditic,heteromorphism,inflated,insertion,interpetalar,leathery,lilac,lower,marking,mature,membranous,modification,monochasial,multicellular,near-basal,needle-like,none,odour,orientation,paired,pink,placement,plurifoliate,pore,position,purple,radially,rhizome,round,scale,simple,simple-entire,smell,spot,staman,stellate,stone,structure,swollen,symmetric,symmetry,sympodial,system,tissue,trichome,tuber,unit,vegetative,vine,woody,xylopodia,zygomorphy
497	wfo-0001031852	success	36	40	9	35	82	78	absent,anther,apex,base,branch,calyx,colour,corolla,distal,filament,form,fruit,fruiting,green,growth,inflorescence,interjected,leaf,leaflet,length,margin,mm,monochasial,ovoid,pedicel,petiole,prickle,pseudostipule,shape,stem,surface,terminal,texture,type,white	0.1-1,0.5-1.3,0.5-3,1-4,1-4.2,1-9,1.3-2.5,1.4-3,2-5.5,2.6-9.5,3.5-10,4-10,4-6,5-15,7-12-35,9-11,acuminate,acute,appearance,arrangement,bark,border,branched,bud,characteristic,cm,conical,corrugation,cyme,decurrent,diameter,dichasial,dichasially,drying,ebracteate,elliptic,elliptic-lanceolate,exertion,giving,glabrousnes,globose,green-white,height,herbaceous,history,lanceolate,lateral,life,light,lobe,lobing,long,midpoint,mucilaginous,na,new,number,oblique,oblong,odd-pinnate,ovary,ovate-elliptic,peduncle,per,perennial,plant,primary,pubescent,ray,seed,sessile,size,stigma,style,thicknes,throughout,tube,variation,vein,white-cream,wide,width							1.0-4.0,1/2,1/4-1/2,4.0-6.0,appressed,articulation,asymmetric,attenuate,basal,berry,bract,branching,breeding,broad-based,cell,compound-entire,connective,cuneate,distinct,eglandular,elliptic-oblong,elongating,enlarged,flat,fleshy,fork,forked,fully,hair,herb,hermaphroditic,heteromorphism,inflated,insertion,interpetalar,leathery,lower,marking,mature,membranous,modification,multi-branched,multicellular,needle-like,none,odour,orientation,paired,pattern,placement,plurifoliate,pore,position,present,present-pair,radially,rhizome,scale,simple,smell,spot,staman,stellate,stone,structure,swollen,symmetric,symmetry,sympodial,system,tissue,trichome,trifoliate,tuber,unit,vegetative,xylopodia,zygomorphy	6.0	47.0	107.0	absent,green,mm,monochasial,ovoid,white	0.1-1,0.5-1.3,0.5-3,1-4,1-4.2,1-9,1.3-2.5,1.4-3,2-5.5,2.6-9.5,3.5-10,4-10,4-6,5-15,7-12-35,9-11,acuminate,acute,branched,cm,conical,cyme,decurrent,diameter,dichasial,dichasially,ebracteate,elliptic,elliptic-lanceolate,globose,green-white,herbaceous,lanceolate,light,long,mucilaginous,na,oblique,oblong,odd-pinnate,ovate-elliptic,perennial,pubescent,sessile,throughout,white-cream,wide	1.0-4.0,1/2,1/4-1/2,4.0-6.0,anther,apex,appressed,articulation,asymmetric,attenuate,basal,base,berry,bract,branch,branching,breeding,broad-based,calyx,cell,colour,compound-entire,connective,corolla,cuneate,distal,distinct,eglandular,elliptic-oblong,elongating,enlarged,filament,flat,fleshy,fork,forked,form,fruit,fruiting,fully,growth,hair,herb,hermaphroditic,heteromorphism,inflated,inflorescence,insertion,interjected,interpetalar,leaf,leaflet,leathery,length,lower,margin,marking,mature,membranous,modification,multi-branched,multicellular,needle-like,none,odour,orientation,paired,pattern,pedicel,petiole,placement,plurifoliate,pore,position,present,present-pair,prickle,pseudostipule,radially,rhizome,scale,shape,simple,smell,spot,staman,stellate,stem,stone,structure,surface,swollen,symmetric,symmetry,sympodial,system,terminal,texture,tissue,trichome,trifoliate,tuber,type,unit,vegetative,xylopodia,zygomorphy
498	wfo-0001031864	invalid_json_followup	NA	39	NA	37	104	78	acute,anther,apex,base,berry,calyx,colour,corolla,filament,fleshy,form,fruit,fruiting,growth,hair,herbaceous,inflorescence,interjected,leaf,leaflet,length,margin,mm,pedicel,petiole,prickle,pseudostipule,rotate,rounded,shape,stem,surface,texture,trichome,type,unbranched,vine	.2,.25,.5,0.2-0.5,0.4-3,0.5-13.5,0.6-3.5,0.6-4,0.7-0.8,0.8-1,1-1.2,1-1.8,1-2,1-5,1-6.5,1.2-1.5,1.5,1.5-10,1.5-2.5,15-60,2-3,2.5-6,3-3.5,3-pinnate,acuminate,adaxially,apiculate,arrangement,bark,branch,bud,cal,capitate,characteristic,chartaceous,ciliate,clavate,cm,corrugation,cuneate,deltoid,dense,diameter,distal,drying,entire,exertion,extra-axillary,fine,flattened,flower,glabrous,glabrousnes,height,history,lateral,lenticular,life,lobe,lobing,long,middle,midpoint,minutely,moderately,na,new,number,oblique,ovary,ovoid-deltoid,papillose,peduncle,per,plant,pointed,primary,pubescence,pubescent,ray,sand-punctate,scattered,seed,short,size,slender,slightly,sparsely,stigma,style,terminal,thicknes,tip,truncate,tube,unknown,value,variation,vein,violet,wide-diameter,widely,width,x							1.0-1.2,1.0-1.8,absent,appressed,articulation,asymmetric,axillary,basal,black,blue,bract,branching,breeding,broad-based,cell,compound-entire,connective,distinct,eglandular,elliptic-oblong,elongating,enlarged,flat,fully,herb,hermaphroditic,heteromorphism,inflated,insertion,internodal,interpetalar,leaf-opposed,leathery,lilac,lower,marking,mature,membranous,modification,monochasial,multicellular,needle-like,none,odour,orange,orientation,paired,pattern,pink,placement,plurifoliate,pore,position,present,purple,radially,red,rhizome,scale,simple,smell,spot,staman,stellate,stone,structure,swollen,symmetric,symmetry,sympodial,system,tissue,tuber,unit,vegetative,xylopodia,yellow,zygomorphy	37.0	104.0	78.0	acute,anther,apex,base,berry,calyx,colour,corolla,filament,fleshy,form,fruit,fruiting,growth,hair,herbaceous,inflorescence,interjected,leaf,leaflet,length,margin,mm,pedicel,petiole,prickle,pseudostipule,rotate,rounded,shape,stem,surface,texture,trichome,type,unbranched,vine	.2,.25,.5,0.2-0.5,0.4-3,0.5-13.5,0.6-3.5,0.6-4,0.7-0.8,0.8-1,1-1.2,1-1.8,1-2,1-5,1-6.5,1.2-1.5,1.5,1.5-10,1.5-2.5,15-60,2-3,2.5-6,3-3.5,3-pinnate,acuminate,adaxially,apiculate,arrangement,bark,branch,bud,cal,capitate,characteristic,chartaceous,ciliate,clavate,cm,corrugation,cuneate,deltoid,dense,diameter,distal,drying,entire,exertion,extra-axillary,fine,flattened,flower,glabrous,glabrousnes,height,history,lateral,lenticular,life,lobe,lobing,long,middle,midpoint,minutely,moderately,na,new,number,oblique,ovary,ovoid-deltoid,papillose,peduncle,per,plant,pointed,primary,pubescence,pubescent,ray,sand-punctate,scattered,seed,short,size,slender,slightly,sparsely,stigma,style,terminal,thicknes,tip,truncate,tube,unknown,value,variation,vein,violet,wide-diameter,widely,width,x	1.0-1.2,1.0-1.8,absent,appressed,articulation,asymmetric,axillary,basal,black,blue,bract,branching,breeding,broad-based,cell,compound-entire,connective,distinct,eglandular,elliptic-oblong,elongating,enlarged,flat,fully,herb,hermaphroditic,heteromorphism,inflated,insertion,internodal,interpetalar,leaf-opposed,leathery,lilac,lower,marking,mature,membranous,modification,monochasial,multicellular,needle-like,none,odour,orange,orientation,paired,pattern,pink,placement,plurifoliate,pore,position,present,purple,radially,red,rhizome,scale,simple,smell,spot,staman,stellate,stone,structure,swollen,symmetric,symmetry,sympodial,system,tissue,tuber,unit,vegetative,xylopodia,yellow,zygomorphy
499	wfo-0001031864	invalid_json_followup	NA	39	NA	37	106	78	absent,acute,anther,apex,base,calyx,colour,corolla,filament,fleshy,form,fruit,fruiting,growth,hair,herb,inflorescence,interjected,leaf,leaflet,length,margin,mm,pedicel,petiole,prickle,pseudostipule,rotate,rounded,shape,simple,stem,surface,texture,type,unbranched,yellow	.2,.25,.5,0.4-3,0.5-13.5,0.6-3.5,0.6-4,1-1.2,1-1.8,1-2,1-5,1-6.5,1.5,15-60,2-3,3-3.5,3-5-celled,3-pinnate,5-15,5-9,abaxially,acuminate,adaxially,apart,apiculate,arrangement,articulated,bark,basally,blue-purple,branch,bud,capitate,center,characteristic,ciliate,clavate,cm,connivent,cordate,corrugation,cuneate,deltoid,dense,diameter,distal,drying,entire,exertion,extra-axillary,fine,flower,glabrous,glabrousnes,green,height,history,lateral,lenticular,life,lobing,long,midpoint,minutely,na,new,number,oblique,oblong,ovary,papillose,peduncle,per,plant,primary,pubescence,pubescent,ray,scattered,seed,short,size,slender,somewhat,spaced,sparsely,stigma,style,terminal,terrestrial,thick,thicknes,tip,truncate,tube,uniseriate,unknown,value,variation,vein,weakly,widely,width,wiry,woody,x							1.0-1.2,1.0-1.8,appressed,articulation,asymmetric,axillary,basal,berry,black,blue,bract,branching,breeding,broad-based,cell,compound-entire,connective,distinct,eglandular,elliptic-oblong,elongating,enlarged,flat,fully,herbaceous,hermaphroditic,heteromorphism,inflated,insertion,internodal,interpetalar,leaf-opposed,leathery,lilac,lower,marking,mature,membranous,modification,monochasial,multicellular,needle-like,none,odour,orange,orientation,paired,pattern,pink,placement,plurifoliate,pore,position,present,purple,radially,red,rhizome,scale,smell,spot,staman,stellate,stone,structure,swollen,symmetric,symmetry,sympodial,system,tissue,trichome,tuber,unit,vegetative,vine,xylopodia,zygomorphy	37.0	106.0	78.0	absent,acute,anther,apex,base,calyx,colour,corolla,filament,fleshy,form,fruit,fruiting,growth,hair,herb,inflorescence,interjected,leaf,leaflet,length,margin,mm,pedicel,petiole,prickle,pseudostipule,rotate,rounded,shape,simple,stem,surface,texture,type,unbranched,yellow	.2,.25,.5,0.4-3,0.5-13.5,0.6-3.5,0.6-4,1-1.2,1-1.8,1-2,1-5,1-6.5,1.5,15-60,2-3,3-3.5,3-5-celled,3-pinnate,5-15,5-9,abaxially,acuminate,adaxially,apart,apiculate,arrangement,articulated,bark,basally,blue-purple,branch,bud,capitate,center,characteristic,ciliate,clavate,cm,connivent,cordate,corrugation,cuneate,deltoid,dense,diameter,distal,drying,entire,exertion,extra-axillary,fine,flower,glabrous,glabrousnes,green,height,history,lateral,lenticular,life,lobing,long,midpoint,minutely,na,new,number,oblique,oblong,ovary,papillose,peduncle,per,plant,primary,pubescence,pubescent,ray,scattered,seed,short,size,slender,somewhat,spaced,sparsely,stigma,style,terminal,terrestrial,thick,thicknes,tip,truncate,tube,uniseriate,unknown,value,variation,vein,weakly,widely,width,wiry,woody,x	1.0-1.2,1.0-1.8,appressed,articulation,asymmetric,axillary,basal,berry,black,blue,bract,branching,breeding,broad-based,cell,compound-entire,connective,distinct,eglandular,elliptic-oblong,elongating,enlarged,flat,fully,herbaceous,hermaphroditic,heteromorphism,inflated,insertion,internodal,interpetalar,leaf-opposed,leathery,lilac,lower,marking,mature,membranous,modification,monochasial,multicellular,needle-like,none,odour,orange,orientation,paired,pattern,pink,placement,plurifoliate,pore,position,present,purple,radially,red,rhizome,scale,smell,spot,staman,stellate,stone,structure,swollen,symmetric,symmetry,sympodial,system,tissue,trichome,tuber,unit,vegetative,vine,xylopodia,zygomorphy
500	wfo-0001031871	invalid_json	NA	40	NA	33	90	79	anther,berry,calyx,cell,colour,corolla,filament,form,fruit,green,growth,hair,herb,inflorescence,interjected,leaf,leaflet,length,mm,ovoid,pedicel,petiole,placement,pseudostipule,shape,staman,stem,surface,terminal,texture,tuber,type,white	0.4-2,0.6-1.2,1-2,1.4-2.1,1.5-11,1.5-2,1.5-2.1,1.6-2.7,2-3,2-4,2.9-6,3-10,3.5-4,33-40,36-44,4-6,4-7,5-merous,5.4-12.3,6-12,6-7,6.5-20.5,7-9,7.5-23,abaxial,adaxial,arrangement,blade,brownish,capitate,characteristic,chartaceous,clavate,cm,condition,covering,dark,deep,diameter,dot,drying,end,erect,flower,fresh,glabrous,globose,green-white,greenish,hair-like,height,history,homostylous,lateral,life,lobe,long,make,medium,mottled,mucilaginous,narrowly,odd-pinnate,one,ovary,peduncle,placed,plant,purple,ripe,seed,short,size,stigma,stolon,style,subglabrous,testal,thick,throughout,tiny,tube,typically,value,wall,wet,whitish,wide,winged,x							1.0-2.0,1/2,6.0-7.0,absent,acute,apex,appressed,articulation,asymmetric,base,bract,branch,branching,breeding,broad-based,compound-entire,connective,distal,distinct,eglandular,elliptic-oblong,elongating,enlarged,flat,fleshy,fork,forked,fruiting,fully,hermaphroditic,heteromorphism,inflated,insertion,interpetalar,leathery,lower,margin,marking,mature,membranous,modification,monochasial,multicellular,needle-like,none,odour,orientation,paired,pattern,plurifoliate,pore,position,present,present-pair,prickle,radially,rhizome,rotate,round,rounded,scale,simple,smell,spot,stellate,stone,structure,swollen,symmetric,symmetry,sympodial,system,tissue,trichome,trifoliate,unit,vegetative,xylopodia,zygomorphy	33.0	90.0	79.0	anther,berry,calyx,cell,colour,corolla,filament,form,fruit,green,growth,hair,herb,inflorescence,interjected,leaf,leaflet,length,mm,ovoid,pedicel,petiole,placement,pseudostipule,shape,staman,stem,surface,terminal,texture,tuber,type,white	0.4-2,0.6-1.2,1-2,1.4-2.1,1.5-11,1.5-2,1.5-2.1,1.6-2.7,2-3,2-4,2.9-6,3-10,3.5-4,33-40,36-44,4-6,4-7,5-merous,5.4-12.3,6-12,6-7,6.5-20.5,7-9,7.5-23,abaxial,adaxial,arrangement,blade,brownish,capitate,characteristic,chartaceous,clavate,cm,condition,covering,dark,deep,diameter,dot,drying,end,erect,flower,fresh,glabrous,globose,green-white,greenish,hair-like,height,history,homostylous,lateral,life,lobe,long,make,medium,mottled,mucilaginous,narrowly,odd-pinnate,one,ovary,peduncle,placed,plant,purple,ripe,seed,short,size,stigma,stolon,style,subglabrous,testal,thick,throughout,tiny,tube,typically,value,wall,wet,whitish,wide,winged,x	1.0-2.0,1/2,6.0-7.0,absent,acute,apex,appressed,articulation,asymmetric,base,bract,branch,branching,breeding,broad-based,compound-entire,connective,distal,distinct,eglandular,elliptic-oblong,elongating,enlarged,flat,fleshy,fork,forked,fruiting,fully,hermaphroditic,heteromorphism,inflated,insertion,interpetalar,leathery,lower,margin,marking,mature,membranous,modification,monochasial,multicellular,needle-like,none,odour,orientation,paired,pattern,plurifoliate,pore,position,present,present-pair,prickle,radially,rhizome,rotate,round,rounded,scale,simple,smell,spot,stellate,stone,structure,swollen,symmetric,symmetry,sympodial,system,tissue,trichome,trifoliate,unit,vegetative,xylopodia,zygomorphy
501	wfo-0001031876	success	41	38	8	35	76	64	0.5,acute,anther,apex,base,berry,calyx,colour,corolla,filament,form,fruit,fruiting,green,growth,inflorescence,interjected,leaf,leaflet,length,margin,mm,pedicel,petiole,prickle,pseudostipule,shape,shrub,stem,surface,texture,type,unifoliate,white,winged	.1,.5,0.8-1,1-1.6,1.5-2.2,27-35,9-15,appearance,arc,arrangement,bark,border,branch,bright,bud,characteristic,cm,corrugation,cup-like,decurrent,dia,diameter,distal,drying,elliptic,exertion,giving,glabrous,glabrousnes,globose,height,history,lateral,less,life,lightly,lobe,lobing,long,long-acuminate,midpoint,na,nearly,new,number,oblanceolate,oblique,ovary,papillose,peduncle,per,plant,primary,ray,recurved,reflexed,seed,shaped,simple,size,slender,slightly,stigma,straight,style,tapering,tear-drop,terminal,thicknes,tube,variation,vein,width,x,ye,yellow							3.0,absent,appressed,articulation,asymmetric,basal,bract,branching,breeding,broad-based,cell,connective,discrete,distinct,elliptic-oblong,enlarged,flat,fleshy,hair,heteromorphism,inflated,insertion,interpetalar,leaf-opposed,leathery,lower,marking,mature,membranous,modification,monochasial,needle-like,none,odour,orientation,paired,pattern,placement,pore,position,radially,rhizome,round,scale,simple-entire,smell,spot,staman,stellate,stone,structure,swollen,symmetric,symmetry,sympodial,system,tissue,trichome,tuber,unbranched,unit,vegetative,xylopodia,zygomorphy	10.0	37.0	89.0	0.5,acute,base,berry,green,mm,shrub,unifoliate,white,winged	.1,.5,0.8-1,1-1.6,1.5-2.2,27-35,9-15,arc,bright,cm,cup-like,decurrent,dia,elliptic,glabrous,globose,less,lightly,long,long-acuminate,na,nearly,oblanceolate,oblique,papillose,recurved,reflexed,shaped,simple,slender,slightly,straight,tapering,tear-drop,x,ye,yellow	3.0,absent,anther,apex,appressed,articulation,asymmetric,basal,bract,branching,breeding,broad-based,calyx,cell,colour,connective,corolla,discrete,distinct,elliptic-oblong,enlarged,filament,flat,fleshy,form,fruit,fruiting,growth,hair,heteromorphism,inflated,inflorescence,insertion,interjected,interpetalar,leaf,leaf-opposed,leaflet,leathery,length,lower,margin,marking,mature,membranous,modification,monochasial,needle-like,none,odour,orientation,paired,pattern,pedicel,petiole,placement,pore,position,prickle,pseudostipule,radially,rhizome,round,scale,shape,simple-entire,smell,spot,staman,stellate,stem,stone,structure,surface,swollen,symmetric,symmetry,sympodial,system,texture,tissue,trichome,tuber,type,unbranched,unit,vegetative,xylopodia,zygomorphy
502	wfo-0001031877	success	44	39	7	40	108	79	2,anther,apex,basal,base,berry,branch,calyx,colour,corolla,ellipsoid,filament,form,fruit,fruiting,growth,inflorescence,leaf,leaflet,length,lobe,margin,mm,pedicel,petiole,prickle,purple,red,shape,simple,stellate,stem,surface,terminal,texture,trichome,truncate,type,vine,white	+,0.3-1,0.3-1-3.5,0.3-1.2,0.6-1.2,1-1.5,1-3,1.1-1.8-5,1.5,1.5-1.9,2-6-10,2.5,3-5,6-8,abruptly,acuminate,acute,adaxially,angled,anthesi,appearance,arrangement,bark,basally,border,bright,brown,bud,capitate,characteristic,clavate,cm,conical,connivent,corrugation,deltate,densely,diameter,distal,drying,ellipsoidal,entire,exertion,exserted,flattened,giving,glabrous,glabrousnes,globose,greenish,hastate,height,history,later,lateral,life,line,lobed,lobing,long-acuminate,loosely,midpoint,minute,minutely,na,nearly,new,number,often,outline,ovary,pair,pale,peduncle,per,perennial,pitted,plant,plump,primary,pubescent,ray,reddish,reniform,ripe,scrambler,seed,size,slender,slightly,somewhat,sparingly,sparsely,stigma,strongly,style,thicknes,tinged,tip,triangular,tube,uniseriate,usually,variation,vein,width,x,yellow							1.0,3.5-4.0,absent,appressed,articulation,blue,bract,branching,breeding,broad-based,cell,connective,cordate,cup-shaped,distinct,eglandular,elliptic-oblong,elongating,enlarged,fleshy,fork,forked,fully,hair,hermaphroditic,heteromorphism,inflated,insertion,interjected,internodal,interpetalar,leathery,lilac,lower,marking,mature,membranous,modification,monochasial,multicellular,needle-like,none,odour,orange,orientation,paired,pattern,pink,placement,plurifoliate,pore,position,present,pseudostipule,radially,rhizome,round,scale,shrub,simple-entire,simple-lobed,smell,spot,staman,stone,structure,swollen,symmetric,symmetry,sympodial,system,tissue,tuber,unbranched,unit,vegetative,woody,xylopodia,zygomorphy	17.0	76.0	102.0	2,basal,base,berry,calyx,ellipsoid,lobe,mm,purple,red,simple,stellate,terminal,trichome,truncate,vine,white	+,0.3-1,0.3-1-3.5,0.3-1.2,0.6-1.2,1-1.5,1-3,1.1-1.8-5,1.5,1.5-1.9,2-6-10,2.5,3-5,6-8,abruptly,acuminate,acute,adaxially,angled,anthesi,basally,bright,brown,capitate,clavate,cm,conical,connivent,deltate,densely,diameter,ellipsoidal,entire,exserted,flattened,glabrous,globose,greenish,hastate,later,lateral,line,lobed,long-acuminate,loosely,minute,minutely,na,nearly,often,outline,pair,pale,per,perennial,pitted,plump,pubescent,reddish,reniform,ripe,scrambler,slender,slightly,somewhat,sparingly,sparsely,strongly,tinged,tip,triangular,tube,uniseriate,usually,x,yellow	1.0,3.5-4.0,absent,anther,apex,appressed,articulation,blue,bract,branch,branching,breeding,broad-based,cell,colour,connective,cordate,corolla,cup-shaped,distinct,eglandular,elliptic-oblong,elongating,enlarged,filament,fleshy,fork,forked,form,fruit,fruiting,fully,growth,hair,hermaphroditic,heteromorphism,inflated,inflorescence,insertion,interjected,internodal,interpetalar,leaf,leaflet,leathery,length,lilac,lower,margin,marking,mature,membranous,modification,monochasial,multicellular,needle-like,none,odour,orange,orientation,paired,pattern,pedicel,petiole,pink,placement,plurifoliate,pore,position,present,prickle,pseudostipule,radially,rhizome,round,scale,shape,shrub,simple-entire,simple-lobed,smell,spot,staman,stem,stone,structure,surface,swollen,symmetric,symmetry,sympodial,system,texture,tissue,tuber,type,unbranched,unit,vegetative,woody,xylopodia,zygomorphy
503	wfo-0001031880	invalid_json_followup	NA	41	NA	39	107	76	anther,apex,base,berry,calyx,colour,cordate,corolla,filament,fleshy,form,fruit,fruiting,glandular,growth,herb,inflorescence,interjected,internodal,leaf,leaflet,length,margin,mm,orange,pedicel,petiole,prickle,pseudostipule,purple,red,shape,simple,stem,surface,texture,trichome,truncate,type	.5,0.5-2,0.7-0.8,1,1-1.3,1-1.5,1.5,2-3,2-9,2.5-8,3-3.5,3-foliate,3-lobed,4,4-8,5-6,6-9,acuminate,acute,anthesi,appearance,arrangement,bark,branch,broadly,brown,bud,capitate,character,characteristic,ciliate,cm,conical,corrugation,crenate,cup-shaped,curved,dark,densely,diameter,distal,drying,ellipsoid,elliptic,entire,erect,exerted,exertion,flattened,flower,giving,glabrousnes,gland-tipped,globose,green,height,heteromorphic,history,hollow,irregularly,lateral,less,life,lobe,lobing,long,midpoint,minutely,na,new,number,ovary,ovate,ovoid,pair,pale,papillose,peduncle,per,pitted,plant,primary,pubescent,ray,reddish,reflexed,seed,shallowly,size,slender,slightly,stigma,strongly,style,subshrub,terminal,thicknes,toothed,triangular,tube,upward,value,variation,vein,width,x,–5							2.0-3.0,3.0-9.0,absent,appressed,articulation,basal,bilaterally,blue,bract,branching,breeding,broad-based,campanulate,cell,compound-entire,connective,depressed,discrete,distinct,elongated,elongating,enlarged,flat,fully,hair,hermaphroditic,heteromorphism,inflated,insertion,interpetalar,leathery,lilac,lower,marking,mature,membranous,modification,monochasial,multicellular,needle-like,none,odour,orientation,paired,pattern,pink,placement,plurifoliate,pore,position,present,rhizome,scale,shrub,simple-entire,simple-lobed,simple-pinnatifid,smell,spot,staman,stellate,stone,structure,symmetric,symmetry,sympodial,system,tapered-lanceolate,tissue,trifoliate,tuber,unbranched,unit,vegetative,xylopodia,zygomorphy	39.0	107.0	76.0	anther,apex,base,berry,calyx,colour,cordate,corolla,filament,fleshy,form,fruit,fruiting,glandular,growth,herb,inflorescence,interjected,internodal,leaf,leaflet,length,margin,mm,orange,pedicel,petiole,prickle,pseudostipule,purple,red,shape,simple,stem,surface,texture,trichome,truncate,type	.5,0.5-2,0.7-0.8,1,1-1.3,1-1.5,1.5,2-3,2-9,2.5-8,3-3.5,3-foliate,3-lobed,4,4-8,5-6,6-9,acuminate,acute,anthesi,appearance,arrangement,bark,branch,broadly,brown,bud,capitate,character,characteristic,ciliate,cm,conical,corrugation,crenate,cup-shaped,curved,dark,densely,diameter,distal,drying,ellipsoid,elliptic,entire,erect,exerted,exertion,flattened,flower,giving,glabrousnes,gland-tipped,globose,green,height,heteromorphic,history,hollow,irregularly,lateral,less,life,lobe,lobing,long,midpoint,minutely,na,new,number,ovary,ovate,ovoid,pair,pale,papillose,peduncle,per,pitted,plant,primary,pubescent,ray,reddish,reflexed,seed,shallowly,size,slender,slightly,stigma,strongly,style,subshrub,terminal,thicknes,toothed,triangular,tube,upward,value,variation,vein,width,x,–5	2.0-3.0,3.0-9.0,absent,appressed,articulation,basal,bilaterally,blue,bract,branching,breeding,broad-based,campanulate,cell,compound-entire,connective,depressed,discrete,distinct,elongated,elongating,enlarged,flat,fully,hair,hermaphroditic,heteromorphism,inflated,insertion,interpetalar,leathery,lilac,lower,marking,mature,membranous,modification,monochasial,multicellular,needle-like,none,odour,orientation,paired,pattern,pink,placement,plurifoliate,pore,position,present,rhizome,scale,shrub,simple-entire,simple-lobed,simple-pinnatifid,smell,spot,staman,stellate,stone,structure,symmetric,symmetry,sympodial,system,tapered-lanceolate,tissue,trifoliate,tuber,unbranched,unit,vegetative,xylopodia,zygomorphy
504	wfo-0001031881	invalid_json	NA	38	NA	30	79	76	absent,anther,base,branched,calyx,colour,corolla,filament,form,fruit,fruiting,green,growth,hair,inflorescence,leaf,length,mm,pedicel,petiole,pore,shape,shrub,stem,surface,texture,tree,type,white,winged	.5,0.2,0.5-0.7,1-1.3,1-1.5,1-7,1.2-6,1.5-2.5,1/3,2,3/4,5-6,abaxial,adaxial,alternate,arrangement,beneath,branch,broadly,brown,bud,campanulate,capitate,characteristic,cm,dark,decurrent,deflexed,densely,dia,diameter,distal,dry,ellipsoid,elliptic,erect,exertion,exserted,glabrous,globose,golden,golden-pubescent,height,history,life,lightly,lobed,lobing,long,material,minute,minutely,obovate,opposite,ovary,ovoid-reniform,papillose,perennial,pitted,plant,poricidal,puberulent,pubescent,seed,shaped,size,small,soon,sparsely,stigma,style,tear-drop,tip,tube,usually,value,way,x,young							0.0-0.2,3.5-4.0,acute,apex,appressed,articulation,basal,berry,bract,branching,breeding,broad-based,cell,connective,dendritic,difoliate,discrete,distinct,eglandular,elliptic-oblong,enlarged,flat,fleshy,forked,geminate,heteromorphism,inflated,insertion,interjected,interpetalar,leaf-opposed,leaflet,leathery,lower,margin,marking,mature,membranous,modification,monochasial,multicellular,needle-like,none,odour,orientation,paired,pattern,placement,position,present,prickle,pseudostipule,radially,rhizome,round,scale,simple,simple-entire,smell,spot,staman,stellate,stone,structure,swollen,symmetric,symmetry,sympodial,system,tissue,trichome,tuber,unit,vegetative,xylopodia,zygomorphy	30.0	79.0	76.0	absent,anther,base,branched,calyx,colour,corolla,filament,form,fruit,fruiting,green,growth,hair,inflorescence,leaf,length,mm,pedicel,petiole,pore,shape,shrub,stem,surface,texture,tree,type,white,winged	.5,0.2,0.5-0.7,1-1.3,1-1.5,1-7,1.2-6,1.5-2.5,1/3,2,3/4,5-6,abaxial,adaxial,alternate,arrangement,beneath,branch,broadly,brown,bud,campanulate,capitate,characteristic,cm,dark,decurrent,deflexed,densely,dia,diameter,distal,dry,ellipsoid,elliptic,erect,exertion,exserted,glabrous,globose,golden,golden-pubescent,height,history,life,lightly,lobed,lobing,long,material,minute,minutely,obovate,opposite,ovary,ovoid-reniform,papillose,perennial,pitted,plant,poricidal,puberulent,pubescent,seed,shaped,size,small,soon,sparsely,stigma,style,tear-drop,tip,tube,usually,value,way,x,young	0.0-0.2,3.5-4.0,acute,apex,appressed,articulation,basal,berry,bract,branching,breeding,broad-based,cell,connective,dendritic,difoliate,discrete,distinct,eglandular,elliptic-oblong,enlarged,flat,fleshy,forked,geminate,heteromorphism,inflated,insertion,interjected,interpetalar,leaf-opposed,leaflet,leathery,lower,margin,marking,mature,membranous,modification,monochasial,multicellular,needle-like,none,odour,orientation,paired,pattern,placement,position,present,prickle,pseudostipule,radially,rhizome,round,scale,simple,simple-entire,smell,spot,staman,stellate,stone,structure,swollen,symmetric,symmetry,sympodial,system,tissue,trichome,tuber,unit,vegetative,xylopodia,zygomorphy
505	wfo-0001031886	success	47	40	8	35	92	72	2.0-2.5,absent,anther,apex,axillary,base,berry,calyx,colour,corolla,filament,form,fruit,fruiting,green,growth,inflorescence,interjected,leaf,leaflet,length,margin,mm,pedicel,petiole,prickle,pseudostipule,shape,shrub,simple,stem,surface,texture,type,white	-9,0.5-1,1,1-1.2,1-1.5,1-4,1.2-2.5,1.5-2,10-40,2-2.5,2-4,2-5,3-6,3.0,4-15-25,40,5-10,5-6,5-ridged,6-20,6-8,9-10,acuminate,anthesi,appearance,arrangement,attenuate,bark,border,branch,brown,bud,capitate,characteristic,clavate,cm,completely,conical,corrugation,diameter,distal,drying,elliptic,exertion,giving,glabrous,glabrousnes,greenish,height,history,lateral,life,lobe,lobing,long,midpoint,minutely,na,nearly,new,nodding,number,occasionally,ovary,ovoid-reniform,pair,papillate,papillose,peduncle,per,perennial,pinnate,plant,poricidal,primary,ray,reflexed,rugose,seed,size,somewhat,stigma,strongly,style,terminal,thicknes,tip,tube,variation,vein,width,x							0.5-1.0,acute,appressed,articulation,asymmetric,basal,bract,branching,breeding,broad-based,cell,compound-entire,connective,distinct,eglandular,elliptic-oblong,elongating,enlarged,flat,fleshy,forked,fully,hair,herb,hermaphroditic,heteromorphism,inflated,insertion,interpetalar,leathery,lower,marking,mature,membranous,modification,monochasial,multi-branched,multicellular,needle-like,none,odour,orientation,paired,pattern,placement,pointed,pore,position,radially,rhizome,scale,small,smell,spot,staman,stellate,stone,structure,swollen,symmetric,symmetry,sympodial,system,tissue,trichome,tuber,unbranched,unifoliate,unit,vegetative,xylopodia,zygomorphy	10.0	54.0	97.0	2.0-2.5,absent,axillary,base,berry,green,mm,shrub,simple,white	-9,0.5-1,1,1-1.2,1-1.5,1-4,1.2-2.5,1.5-2,10-40,2-2.5,2-4,2-5,3-6,3.0,4-15-25,40,5-10,5-6,5-ridged,6-20,6-8,9-10,acuminate,anthesi,attenuate,brown,capitate,clavate,cm,completely,conical,diameter,elliptic,glabrous,greenish,long,minutely,na,nearly,nodding,occasionally,ovoid-reniform,pair,papillate,papillose,perennial,pinnate,poricidal,reflexed,rugose,somewhat,strongly,tip,x	0.5-1.0,acute,anther,apex,appressed,articulation,asymmetric,basal,bract,branching,breeding,broad-based,calyx,cell,colour,compound-entire,connective,corolla,distinct,eglandular,elliptic-oblong,elongating,enlarged,filament,flat,fleshy,forked,form,fruit,fruiting,fully,growth,hair,herb,hermaphroditic,heteromorphism,inflated,inflorescence,insertion,interjected,interpetalar,leaf,leaflet,leathery,length,lower,margin,marking,mature,membranous,modification,monochasial,multi-branched,multicellular,needle-like,none,odour,orientation,paired,pattern,pedicel,petiole,placement,pointed,pore,position,prickle,pseudostipule,radially,rhizome,scale,shape,small,smell,spot,staman,stellate,stem,stone,structure,surface,swollen,symmetric,symmetry,sympodial,system,texture,tissue,trichome,tuber,type,unbranched,unifoliate,unit,vegetative,xylopodia,zygomorphy
506	wfo-0001031895	invalid_json_followup	NA	39	NA	33	109	73	acute,anther,apex,base,berry,calyx,colour,corolla,filament,fleshy,form,fruit,fruiting,green,growth,inflorescence,interjected,leaf,leaf-opposed,leaflet,length,margin,mm,pedicel,petiole,prickle,pseudostipule,shape,shrub,stem,surface,texture,type	-1.5,0.5,1-1.5,1.5-2,1.5-3,1.5-6,2-2.5,2.5-3,3-10,3-4,3-8,3.5-6,4,4-5,4.5-16.5,5,6-7,6-9,\u00bc-1/2,anthesi,appearance,arrangement,attenuate,bark,beneath,black,bluish,branch,broadly,bud,campanulate,capitate,characteristic,cm,completely,conical,corrugation,cup-shaped,dark,diameter,distal,drying,ellipsoid,elliptic,entire,erect,exertion,flower,giving,glabrous,glabrousnes,globose,height,history,immature,lateral,leafy,less,life,lobe,lobing,matte,midpoint,minutely,na,new,number,occasionally,older,once-branched,ovary,ovoid,pair,pale,peduncle,per,pitted,planar,plant,poricidal,primary,ray,reddish,reniform,revolute,seed,shiny,shoot,short,simple,size,slightly,somewhat,stigma,stout,style,tan,terminal,thicknes,tip,tube,value,variation,vein,violet,way,white,width,x							2.5-3.0,6.0-7.0,absent,appressed,articulation,basal,blue,bract,branching,breeding,broad-based,cell,connective,cuneate,discrete,distinct,elliptic-oblong,enlarged,flat,forked,fully,hair,hermaphroditic,heteromorphism,inflated,insertion,interpetalar,leathery,lilac,lower,marking,mature,modification,monochasial,needle-like,none,odour,orientation,paired,pattern,pink,placement,plurifoliate,pore,position,present,purple,radially,rhizome,rotate,round,scale,simple-entire,smell,spot,staman,stellate,stone,structure,swollen,symmetric,symmetry,sympodial,system,tissue,tree,trichome,tuber,unbranched,unit,vegetative,xylopodia,zygomorphy	33.0	109.0	73.0	acute,anther,apex,base,berry,calyx,colour,corolla,filament,fleshy,form,fruit,fruiting,green,growth,inflorescence,interjected,leaf,leaf-opposed,leaflet,length,margin,mm,pedicel,petiole,prickle,pseudostipule,shape,shrub,stem,surface,texture,type	-1.5,0.5,1-1.5,1.5-2,1.5-3,1.5-6,2-2.5,2.5-3,3-10,3-4,3-8,3.5-6,4,4-5,4.5-16.5,5,6-7,6-9,\u00bc-1/2,anthesi,appearance,arrangement,attenuate,bark,beneath,black,bluish,branch,broadly,bud,campanulate,capitate,characteristic,cm,completely,conical,corrugation,cup-shaped,dark,diameter,distal,drying,ellipsoid,elliptic,entire,erect,exertion,flower,giving,glabrous,glabrousnes,globose,height,history,immature,lateral,leafy,less,life,lobe,lobing,matte,midpoint,minutely,na,new,number,occasionally,older,once-branched,ovary,ovoid,pair,pale,peduncle,per,pitted,planar,plant,poricidal,primary,ray,reddish,reniform,revolute,seed,shiny,shoot,short,simple,size,slightly,somewhat,stigma,stout,style,tan,terminal,thicknes,tip,tube,value,variation,vein,violet,way,white,width,x	2.5-3.0,6.0-7.0,absent,appressed,articulation,basal,blue,bract,branching,breeding,broad-based,cell,connective,cuneate,discrete,distinct,elliptic-oblong,enlarged,flat,forked,fully,hair,hermaphroditic,heteromorphism,inflated,insertion,interpetalar,leathery,lilac,lower,marking,mature,modification,monochasial,needle-like,none,odour,orientation,paired,pattern,pink,placement,plurifoliate,pore,position,present,purple,radially,rhizome,rotate,round,scale,simple-entire,smell,spot,staman,stellate,stone,structure,swollen,symmetric,symmetry,sympodial,system,tissue,tree,trichome,tuber,unbranched,unit,vegetative,xylopodia,zygomorphy
507	wfo-0001031897	success	47	39	6	38	107	78	absent,acute,anther,apex,base,berry,black,branch,calyx,colour,coriaceous,corolla,epiphyte,filament,form,fruit,fruiting,green,growth,hair,inflorescence,leaf,length,margin,mm,multicellular,ovoid,pedicel,petiole,shape,simple,stem,surface,terminal,texture,trichome,type,white	.1,.8,0.1-0.5,0.15,0.5-1,0.5-3,0.6,0°,1.1,1.3-2,1.5-8,1.7-3,13,2-4,4-5,6-9,almost,along,apically,arrangement,attenuate,bark,brachyblast,branched,brown,bud,characteristic,chartaceous,clavate,clustered,cm,concolorous,conical,cuneate,curved,dendritic,densely,diameter,dilated,distributed,dry,drying,dull,elliptic,entire,erect,evenly,exertion,eye,faint,glabrous,grey,height,history,lanceolate,lateral,life,light,lobing,long,longitudinally,main,mauve,midvein,na,naked,never,number,obconical,oblong,occasionally,ovary,pair,peduncle,per,perennial,plant,pointed,primary,pubescent,rarely,reddish,revolute,ribbed,ridged,seed,short,shrub,size,slender,slightly,smooth,sparse,sparsely,stigma,style,terete,thick,tube,unarmed,usually,vein,visible,weakly,winged,x,young							1.5,5.0-6.0,appressed,articulation,basal,blue,bract,branching,breeding,broad-based,cell,connective,discrete,distinct,eglandular,ellipsoid,elliptic-oblong,enlarged,flat,fleshy,fork,fully,hemiepiphyte,hermaphroditic,heteromorphism,inflated,insertion,interjected,interpetalar,leaflet,leathery,lilac,lower,marking,mature,membranous,modification,monochasial,needle-like,none,odour,orange,orientation,paired,pattern,pink,placement,plurifoliate,pore,position,prickle,pseudostipule,purple,radially,red,rhizome,scale,simple-entire,smell,spot,staman,stellate,stone,structure,swollen,symmetric,symmetry,sympodial,system,tissue,tuber,unbranched,unit,vegetative,vine,woody,xylopodia,zygomorphy	17.0	85.0	99.0	absent,acute,apex,base,berry,black,branch,coriaceous,epiphyte,green,hair,mm,multicellular,ovoid,simple,terminal,white	.1,.8,0.1-0.5,0.15,0.5-1,0.5-3,0.6,0°,1.1,1.3-2,1.5-8,1.7-3,13,2-4,4-5,6-9,almost,along,apically,attenuate,brachyblast,branched,brown,chartaceous,clavate,clustered,cm,concolorous,conical,cuneate,curved,dendritic,densely,dilated,distributed,dry,dull,elliptic,entire,erect,evenly,eye,faint,glabrous,grey,lanceolate,lateral,light,long,longitudinally,mauve,midvein,na,naked,never,obconical,oblong,occasionally,pair,perennial,pointed,primary,pubescent,rarely,reddish,revolute,ribbed,ridged,short,shrub,slender,slightly,smooth,sparse,sparsely,terete,thick,unarmed,usually,vein,visible,weakly,winged,x,young	1.5,5.0-6.0,anther,appressed,articulation,basal,blue,bract,branching,breeding,broad-based,calyx,cell,colour,connective,corolla,discrete,distinct,eglandular,ellipsoid,elliptic-oblong,enlarged,filament,flat,fleshy,fork,form,fruit,fruiting,fully,growth,hemiepiphyte,hermaphroditic,heteromorphism,inflated,inflorescence,insertion,interjected,interpetalar,leaf,leaflet,leathery,length,lilac,lower,margin,marking,mature,membranous,modification,monochasial,needle-like,none,odour,orange,orientation,paired,pattern,pedicel,petiole,pink,placement,plurifoliate,pore,position,prickle,pseudostipule,purple,radially,red,rhizome,scale,shape,simple-entire,smell,spot,staman,stellate,stem,stone,structure,surface,swollen,symmetric,symmetry,sympodial,system,texture,tissue,trichome,tuber,type,unbranched,unit,vegetative,vine,woody,xylopodia,zygomorphy
508	wfo-0001032157	invalid_json_followup	NA	38	NA	34	95	69	acute,anther,apex,base,berry,calyx,colour,corolla,filament,form,fruit,fruiting,green,growth,inflorescence,interjected,leaf,leaflet,length,margin,mm,pedicel,petiole,pore,prickle,pseudostipule,shape,shrub,simple,stem,surface,texture,type,white	.2,.5,.75,0.25,0.6-1,0.75-1,1-3,1.9-2.2,2-3,2.2,3-6,5-15-flowered,5-9,7-9,9-17,alternate,arrangement,bark,becoming,beneath,bi-lobed,branch,bud,characteristic,cm,completely,corrugation,crystalline,decurrent,deflexed,dia,diameter,distal,dry,drying,elliptic,exertion,exserted,glabrous,glabrousnes,globose,golden,height,history,lateral,less,life,live,lobe,lobed,lobing,long,main,midpoint,minutely,na,nearly,new,number,ovary,ovoid-reniform,pair,paler,papillose,peduncle,per,persistent,pitted,plant,poricidal,primary,ray,reddish,rounded,seed,shaped,shiny,size,slender,soon,stigma,style,tapering,tear-drop,terminal,thicknes,tip,tube,value,variation,vein,width,woody,x,yellowish							0.5,2.0-3.0,absent,appressed,articulation,basal,bract,branching,breeding,broad-based,cell,connective,difoliate,discrete,distinct,eglandular,elliptic-oblong,enlarged,flat,fleshy,geminate,hair,heteromorphism,inflated,insertion,interpetalar,leaf-opposed,leathery,lower,marking,mature,membranous,modification,monochasial,multicellular,needle-like,none,odour,orientation,paired,pattern,placement,position,present,radially,rhizome,round,scale,simple-entire,smell,spot,staman,stellate,stone,structure,swollen,symmetric,symmetry,sympodial,system,tissue,trichome,tuber,unbranched,unit,vegetative,winged,xylopodia,zygomorphy	34.0	95.0	69.0	acute,anther,apex,base,berry,calyx,colour,corolla,filament,form,fruit,fruiting,green,growth,inflorescence,interjected,leaf,leaflet,length,margin,mm,pedicel,petiole,pore,prickle,pseudostipule,shape,shrub,simple,stem,surface,texture,type,white	.2,.5,.75,0.25,0.6-1,0.75-1,1-3,1.9-2.2,2-3,2.2,3-6,5-15-flowered,5-9,7-9,9-17,alternate,arrangement,bark,becoming,beneath,bi-lobed,branch,bud,characteristic,cm,completely,corrugation,crystalline,decurrent,deflexed,dia,diameter,distal,dry,drying,elliptic,exertion,exserted,glabrous,glabrousnes,globose,golden,height,history,lateral,less,life,live,lobe,lobed,lobing,long,main,midpoint,minutely,na,nearly,new,number,ovary,ovoid-reniform,pair,paler,papillose,peduncle,per,persistent,pitted,plant,poricidal,primary,ray,reddish,rounded,seed,shaped,shiny,size,slender,soon,stigma,style,tapering,tear-drop,terminal,thicknes,tip,tube,value,variation,vein,width,woody,x,yellowish	0.5,2.0-3.0,absent,appressed,articulation,basal,bract,branching,breeding,broad-based,cell,connective,difoliate,discrete,distinct,eglandular,elliptic-oblong,enlarged,flat,fleshy,geminate,hair,heteromorphism,inflated,insertion,interpetalar,leaf-opposed,leathery,lower,marking,mature,membranous,modification,monochasial,multicellular,needle-like,none,odour,orientation,paired,pattern,placement,position,present,radially,rhizome,round,scale,simple-entire,smell,spot,staman,stellate,stone,structure,swollen,symmetric,symmetry,sympodial,system,tissue,trichome,tuber,unbranched,unit,vegetative,winged,xylopodia,zygomorphy
509	wfo-0001032161	success	39	38	5	32	84	73	acute,anther,apex,base,berry,branch,calyx,colour,corolla,filament,form,fruit,fruiting,green,growth,inflorescence,internodal,leaf,length,margin,mm,pedicel,petiole,prickle,pseudostipule,shape,shrub,stem,surface,texture,type,white	0.4-1.2,0.7-4,0.8-1,1-1.5,1-11,1-3,1.2-1.3,1.4-2,2-7,2.5-3,3.5-4,?,adaxially,alternate,appearance,area,arrangement,bark,border,brownish-black,bud,characteristic,cm,conical,corrugation,dark,delicate,densely,dia,diameter,drying,ellipsoid,elliptic,filiform,giving,glabrous,glabrousnes,globose,height,history,later,lateral,life,lobe,lobed,lobing,many,merely,midpoint,minutely,mustard,na,nearly,new,obovate,opposite,ovary,ovoid-reniform,papillose,peduncle,perennial,pitted,plant,pubescent,ray,revolute,seed,shaped,shoot,short,size,sparsely,stigma,style,sulcate,tear-drop,thicknes,thin,variation,vein,width,x,yellow,yellowish							0.5,2.5-3.0,absent,appressed,articulation,basal,bract,branched,branching,breeding,broad-based,cell,connective,dendritic,difoliate,discrete,distinct,elliptic-oblong,enlarged,flat,fleshy,fork,hair,heteromorphism,inflated,insertion,interjected,interpetalar,leaf-opposed,leaflet,leathery,lower,marking,mature,membranous,modification,monochasial,needle-like,non-geminate,none,odour,orientation,paired,pattern,placement,plurifoliate,pore,position,radially,rhizome,round,scale,simple-entire,smell,spot,staman,stellate,stone,structure,swollen,symmetric,symmetry,sympodial,system,terminal,tissue,trichome,tuber,unbranched,unit,vegetative,xylopodia,zygomorphy	9.0	54.0	96.0	acute,base,berry,green,internodal,leaf,mm,shrub,white	0.4-1.2,0.7-4,0.8-1,1-1.5,1-11,1-3,1.2-1.3,1.4-2,2-7,2.5-3,3.5-4,?,adaxially,alternate,area,brownish-black,cm,conical,dark,delicate,densely,dia,drying,ellipsoid,elliptic,filiform,glabrous,globose,later,lobed,many,merely,minutely,mustard,na,nearly,obovate,opposite,ovoid-reniform,papillose,perennial,pitted,pubescent,revolute,shaped,shoot,short,sparsely,sulcate,tear-drop,thin,x,yellow,yellowish	0.5,2.5-3.0,absent,anther,apex,appressed,articulation,basal,bract,branch,branched,branching,breeding,broad-based,calyx,cell,colour,connective,corolla,dendritic,difoliate,discrete,distinct,elliptic-oblong,enlarged,filament,flat,fleshy,fork,form,fruit,fruiting,growth,hair,heteromorphism,inflated,inflorescence,insertion,interjected,interpetalar,leaf-opposed,leaflet,leathery,length,lower,margin,marking,mature,membranous,modification,monochasial,needle-like,non-geminate,none,odour,orientation,paired,pattern,pedicel,petiole,placement,plurifoliate,pore,position,prickle,pseudostipule,radially,rhizome,round,scale,shape,simple-entire,smell,spot,staman,stellate,stem,stone,structure,surface,swollen,symmetric,symmetry,sympodial,system,terminal,texture,tissue,trichome,tuber,type,unbranched,unit,vegetative,xylopodia,zygomorphy
510	wfo-0001032165	success	42	38	7	30	76	76	0.25-0.5,acute,anther,apex,base,berry,calyx,colour,corolla,filament,form,fruit,fruiting,green,growth,inflorescence,leaf,length,margin,mm,pedicel,petiole,shape,simple,stem,surface,texture,tree,type,white	0.25,1-1.2,1-1.5,1-2,10-25,2-2.5,3-6,5-15,5-6,5-7,8-9,alternate,arrangement,bark,broadly,brown,bud,capitate,center,characteristic,cm,cup-shaped,dark,decurrent,densely,diameter,dry,drying,ellipsoid,elliptic,exertion,exserted,glabrous,globose,golden-puberulent,golden-pubescent,greyish-brown,height,history,later,lateral,life,lobing,main,minutely,na,nearly,obovate,occasionally,once-furcate,ovary,ovoid-reniform,pair,peduncle,perennial,pitted,plant,primary,purplish,ripe,seed,shaped,size,slender,specimen,stigma,strongly,style,tapering,tear-drop,tinged,tube,vein,x,yellowish,young							2.5-3.5,absent,appressed,articulation,basal,bract,branch,branching,breeding,broad-based,cell,connective,difoliate,discrete,distinct,eglandular,elliptic-oblong,enlarged,flat,fleshy,fork,forked,geminate,hair,heteromorphism,inflated,insertion,interjected,interpetalar,leaf-opposed,leaflet,leathery,lower,marking,mature,membranous,modification,monochasial,multicellular,needle-like,none,odour,orientation,paired,pattern,placement,pore,position,present,prickle,pseudostipule,radially,rhizome,round,scale,simple-entire,smell,spot,staman,stellate,stone,structure,swollen,symmetric,symmetry,sympodial,system,terminal,tissue,trichome,tuber,unbranched,unit,vegetative,xylopodia,zygomorphy	9.0	56.0	97.0	0.25-0.5,acute,base,berry,green,mm,simple,tree,white	0.25,1-1.2,1-1.5,1-2,10-25,2-2.5,3-6,5-15,5-6,5-7,8-9,alternate,broadly,brown,capitate,center,cm,cup-shaped,dark,decurrent,densely,dry,ellipsoid,elliptic,exserted,glabrous,globose,golden-puberulent,golden-pubescent,greyish-brown,later,lateral,main,minutely,na,nearly,obovate,occasionally,once-furcate,ovoid-reniform,pair,perennial,pitted,purplish,ripe,shaped,slender,specimen,strongly,tapering,tear-drop,tinged,vein,x,yellowish,young	2.5-3.5,absent,anther,apex,appressed,articulation,basal,bract,branch,branching,breeding,broad-based,calyx,cell,colour,connective,corolla,difoliate,discrete,distinct,eglandular,elliptic-oblong,enlarged,filament,flat,fleshy,fork,forked,form,fruit,fruiting,geminate,growth,hair,heteromorphism,inflated,inflorescence,insertion,interjected,interpetalar,leaf,leaf-opposed,leaflet,leathery,length,lower,margin,marking,mature,membranous,modification,monochasial,multicellular,needle-like,none,odour,orientation,paired,pattern,pedicel,petiole,placement,pore,position,present,prickle,pseudostipule,radially,rhizome,round,scale,shape,simple-entire,smell,spot,staman,stellate,stem,stone,structure,surface,swollen,symmetric,symmetry,sympodial,system,terminal,texture,tissue,trichome,tuber,type,unbranched,unit,vegetative,xylopodia,zygomorphy
511	wfo-0001032167	success	44	39	8	35	99	78	absent,anther,apex,base,berry,calyx,cell,colour,corolla,filament,form,fruit,fruiting,growth,herb,inflorescence,interjected,leaf,leaflet,length,margin,mm,pedicel,petiole,prickle,pseudostipule,rotate,rounded,shape,stem,surface,texture,type,white,yellow	.5,0.5-1,0.5-1.5,0.5-2.5,0.75-3,1,1-2,1-2.5,1-3,1-5,1-7,1.5,10-20,10-35,12-20,2-4,2-7,2-foliate,4-6,5-15,7-10,acute,along,appearance,arrangement,bark,border,branch,brown,bud,characteristic,chartaceous,ciliate,cm,corrugation,dense,densely,denser,diameter,distal,dm,drying,elliptic,elliptic-ovoid,entire,exertion,few-,flower,forming,giving,glabrous,glabrousnes,globose,height,history,immature,lateral,life,linear-lanceolate,lobe,lobing,many-branched,maturing,membranaceous,midpoint,moderately,na,nearly,netlike,new,number,oblong,obtuse,ovary,peduncle,per,plant,primary,projection,pubescent,purple,raised,ray,seed,semitransparent,size,sparsely,stigma,style,terminal,thicknes,tube,twisted,variation,vein,wall,wide,width,x							1.0-7.0,2-cellular,4.0-6.0,appressed,articulation,basal,bract,branching,breeding,broad-based,connective,cuneate,difoliate,discrete,distinct,eglandular,elliptic-oblong,enlarged,flat,fleshy,fully,geminate,geniculate,green,hair,hermaphroditic,heteromorphism,inflated,insertion,internodal,interpetalar,leaf-opposed,leathery,lower,marking,mature,membranous,modification,monochasial,multicellular,needle-like,non-geminate,none,odour,orientation,paired,pattern,placement,pore,position,present,radially,rhizome,round,scale,shrub,simple,simple-entire,smell,spot,staman,stellate,stone,structure,swollen,symmetric,symmetry,sympodial,system,tissue,trichome,tuber,unbranched,unit,vegetative,winged,xylopodia,zygomorphy	10.0	63.0	103.0	absent,berry,cell,fruit,herb,mm,rotate,rounded,white,yellow	.5,0.5-1,0.5-1.5,0.5-2.5,0.75-3,1,1-2,1-2.5,1-3,1-5,1-7,1.5,10-20,10-35,12-20,2-4,2-7,2-foliate,4-6,5-15,7-10,acute,along,brown,chartaceous,ciliate,cm,dense,densely,denser,diameter,dm,drying,elliptic,elliptic-ovoid,entire,few-,flower,forming,glabrous,globose,immature,linear-lanceolate,many-branched,maturing,membranaceous,moderately,na,nearly,netlike,oblong,obtuse,projection,pubescent,purple,raised,semitransparent,sparsely,twisted,vein,wall,wide,x	1.0-7.0,2-cellular,4.0-6.0,anther,apex,appressed,articulation,basal,base,bract,branching,breeding,broad-based,calyx,colour,connective,corolla,cuneate,difoliate,discrete,distinct,eglandular,elliptic-oblong,enlarged,filament,flat,fleshy,form,fruiting,fully,geminate,geniculate,green,growth,hair,hermaphroditic,heteromorphism,inflated,inflorescence,insertion,interjected,internodal,interpetalar,leaf,leaf-opposed,leaflet,leathery,length,lower,margin,marking,mature,membranous,modification,monochasial,multicellular,needle-like,non-geminate,none,odour,orientation,paired,pattern,pedicel,petiole,placement,pore,position,present,prickle,pseudostipule,radially,rhizome,round,scale,shape,shrub,simple,simple-entire,smell,spot,staman,stellate,stem,stone,structure,surface,swollen,symmetric,symmetry,sympodial,system,texture,tissue,trichome,tuber,type,unbranched,unit,vegetative,winged,xylopodia,zygomorphy
512	wfo-0001032176	invalid_json_followup	NA	40	NA	38	126	69	1.5-2.5,anther,apex,axillary,base,berry,calyx,cell,colour,corolla,filament,form,fruit,fruiting,green,growth,herb,inflorescence,interjected,leaf,leaflet,length,lower,margin,mm,pedicel,petiole,pore,prickle,pseudostipule,shape,simple,stem,surface,texture,trichome,type,white	.5,0,0.5-0.7,0.5-1,0.8-1,0.8-6,1-1.2,1.5-1.6,1/2,100,2-3,2.5-10,3-15,3-3.5,3-4,5-6-celled,6,6-10,7,apart,arising,arrangement,attenuate,axil,bark,becoming,branch,branched,bud,capitate,cateniforme,characteristic,cm,conical,copiously,corrugation,creeping,densely,diameter,distal,drying,ellipsoid,elliptic,epidermal,equal,especially,exertion,exserted,filiform,flower,glabrous,glabrousnes,globose,greenish,grey-brown,greyish,height,history,lateral,lengthening,life,like,lobed,lobing,long,long-papillose,midpoint,minute,minutely,na,nearly,new,nodding,node,number,obtuse,occasionally,onto,open,ovary,ovoid-reniform,pair,pale,peduncle,per,pinnate,plant,poricidal,primary,projection,pubescent,rachi,ray,rest,rooting,rounded,scar,seed,separate,single,sinuous,size,slit,soon,spaced,sparsely,stigma,strongly,style,terminal,thickening,thicknes,time,tip,tube,ultimate,unevenly,uniseriate,value,variation,vein,wall,width,winged,without,x							0.5,absent,acute,appressed,articulation,basal,bract,branching,breeding,broad-based,compound-entire,connective,cuneate,distinct,eglandular,elliptic-oblong,elongating,enlarged,flat,fleshy,forked,fully,hair,herbaceous,hermaphroditic,heteromorphism,inflated,insertion,interpetalar,leathery,marking,mature,membranous,modification,monochasial,multi-branched,multicellular,needle-like,none,odour,orientation,paired,pattern,placement,pointed,position,radially,rhizome,scale,smell,spot,staman,stellate,stone,structure,swollen,symmetric,symmetry,sympodial,system,tissue,tuber,unbranched,unifoliate,unit,vegetative,vine,xylopodia,zygomorphy	38.0	126.0	69.0	1.5-2.5,anther,apex,axillary,base,berry,calyx,cell,colour,corolla,filament,form,fruit,fruiting,green,growth,herb,inflorescence,interjected,leaf,leaflet,length,lower,margin,mm,pedicel,petiole,pore,prickle,pseudostipule,shape,simple,stem,surface,texture,trichome,type,white	.5,0,0.5-0.7,0.5-1,0.8-1,0.8-6,1-1.2,1.5-1.6,1/2,100,2-3,2.5-10,3-15,3-3.5,3-4,5-6-celled,6,6-10,7,apart,arising,arrangement,attenuate,axil,bark,becoming,branch,branched,bud,capitate,cateniforme,characteristic,cm,conical,copiously,corrugation,creeping,densely,diameter,distal,drying,ellipsoid,elliptic,epidermal,equal,especially,exertion,exserted,filiform,flower,glabrous,glabrousnes,globose,greenish,grey-brown,greyish,height,history,lateral,lengthening,life,like,lobed,lobing,long,long-papillose,midpoint,minute,minutely,na,nearly,new,nodding,node,number,obtuse,occasionally,onto,open,ovary,ovoid-reniform,pair,pale,peduncle,per,pinnate,plant,poricidal,primary,projection,pubescent,rachi,ray,rest,rooting,rounded,scar,seed,separate,single,sinuous,size,slit,soon,spaced,sparsely,stigma,strongly,style,terminal,thickening,thicknes,time,tip,tube,ultimate,unevenly,uniseriate,value,variation,vein,wall,width,winged,without,x	0.5,absent,acute,appressed,articulation,basal,bract,branching,breeding,broad-based,compound-entire,connective,cuneate,distinct,eglandular,elliptic-oblong,elongating,enlarged,flat,fleshy,forked,fully,hair,herbaceous,hermaphroditic,heteromorphism,inflated,insertion,interpetalar,leathery,marking,mature,membranous,modification,monochasial,multi-branched,multicellular,needle-like,none,odour,orientation,paired,pattern,placement,pointed,position,radially,rhizome,scale,smell,spot,staman,stellate,stone,structure,swollen,symmetric,symmetry,sympodial,system,tissue,tuber,unbranched,unifoliate,unit,vegetative,vine,xylopodia,zygomorphy
513	wfo-0001032187	success	34	39	8	38	102	68	acute,anther,apex,appressed,base,berry,brown,calyx,colour,corolla,eglandular,filament,forked,form,fruit,fruiting,growth,hair,herb,inflorescence,interjected,leaf,leaflet,length,margin,mature,mm,pedicel,petiole,prickle,pseudostipule,shape,simple,stem,surface,texture,type,white	0.1–1.4,0.5,0.5-1.1–3.2,0.5–1,0.6–1.3,1.3–1.8,1.6–2.1,1.8–2,1.8–2.8,100,22,2–9-11,3.1–3.5-4.2,3–4-5,5–7-9,7–11,9,acuminate,angular,appearance,arrangement,bark,border,branch,broadly,brownish,bud,characteristic,cm,consisting,corrugation,cyme,dark,dia,diameter,distal,drying,dull,elliptic,entire,equal,erect,exertion,flowered,giving,glabrescent,glabrousnes,globose,green,height,history,lateral,life,light,lobe,lobing,long,marked,midpoint,na,new,number,numerous,obovate,occasionally,ovary,ovate,peduncle,pendent,pentagonal,per,plant,primary,purple,rarely,ray,ridge,seed,short,size,small,sparse,spreading,stage,stigma,style,sub-glabrous,terminal,thicknes,tinged,tooth,triangular,truncate,tube,variation,vein,well,width,yellowish,±,±1,×							0.5-1.0,1.8-2.0,absent,articulation,basal,bract,branching,breeding,broad-based,cell,connective,difoliate,distinct,elliptic-oblong,elongating,enlarged,flat,fleshy,fully,hermaphroditic,heteromorphism,inflated,insertion,internodal,interpetalar,leathery,lower,marking,membranous,modification,monochasial,multicellular,needle-like,non-geminate,none,odour,orientation,paired,pattern,placement,pore,position,present,radially,rhizome,round,scale,simple-entire,smell,spot,staman,stellate,stone,structure,swollen,symmetric,symmetry,sympodial,system,tissue,trichome,tuber,unit,vegetative,winged,xylopodia,yellow,zygomorphy	13.0	65.0	93.0	acute,appressed,berry,brown,eglandular,forked,hair,herb,margin,mature,mm,simple,white	0.1–1.4,0.5,0.5-1.1–3.2,0.5–1,0.6–1.3,1.3–1.8,1.6–2.1,1.8–2,1.8–2.8,100,22,2–9-11,3.1–3.5-4.2,3–4-5,5–7-9,7–11,9,acuminate,angular,broadly,brownish,cm,consisting,cyme,dark,dia,dull,elliptic,entire,equal,erect,flowered,glabrescent,globose,green,light,long,marked,na,numerous,obovate,occasionally,ovate,pendent,pentagonal,per,plant,purple,rarely,ridge,short,small,sparse,spreading,stage,sub-glabrous,tinged,tooth,triangular,truncate,well,yellowish,±,±1,×	0.5-1.0,1.8-2.0,absent,anther,apex,articulation,basal,base,bract,branching,breeding,broad-based,calyx,cell,colour,connective,corolla,difoliate,distinct,elliptic-oblong,elongating,enlarged,filament,flat,fleshy,form,fruit,fruiting,fully,growth,hermaphroditic,heteromorphism,inflated,inflorescence,insertion,interjected,internodal,interpetalar,leaf,leaflet,leathery,length,lower,marking,membranous,modification,monochasial,multicellular,needle-like,non-geminate,none,odour,orientation,paired,pattern,pedicel,petiole,placement,pore,position,present,prickle,pseudostipule,radially,rhizome,round,scale,shape,simple-entire,smell,spot,staman,stellate,stem,stone,structure,surface,swollen,symmetric,symmetry,sympodial,system,texture,tissue,trichome,tuber,type,unit,vegetative,winged,xylopodia,yellow,zygomorphy
514	wfo-0001032206	invalid_json	NA	43	NA	37	139	72	anther,apex,base,berry,calyx,colour,corolla,cuneate,filament,form,fruit,fruiting,growth,inflorescence,interjected,leaf,leaflet,length,margin,marking,mm,pedicel,petiole,prickle,pseudostipule,shape,shrub,stellate,stem,straight,surface,texture,trichome,truncate,type,white,yellow	.5,0,0-20,0-5,0.5-1.5,0.8-1.2,00-200,1-2,1-2.3,1-3,1-4,1.1-1.2,1.2-2.2,1.5-2.5,1/3,1/4-1/2,11-22,2-2.5,2-3,2.5-3.3,2.7-3.5,3-4,3.5-9,4-6,4.5-5.8,5-15,5-20,5-6,5-8,5-9,6-10,6-15-20,8-20,acute,apart,apically,apparently,appearance,approximately,armed,arrangement,articulated,bark,border,branch,branched,brown,bud,characteristic,chartaceous,cm,concolorous,connivent,cream,dark,deltate,diameter,discolorous,distal,distance,drying,elliptic,erect,exertion,extending,flattened,flattened-reniform,flower,foliaceous,giving,glabrescent,glabrous,glabrousnes,green,green-brown,height,history,lateral,life,lobe,lobed,lobing,long,long-styled,maturity,mauve,midpoint,midvein,moderately,na,new,number,obtuse,often,one,open,orange-brown,ovary,ovate,pair,pale,peduncle,pendent,per,plant,poricidal,primary,purple,rarely,ray,secondary,seed,short-styled,side,size,slender,sometimes,spaced,spherical,stellate-pubescent,stigma,style,tapering,terminal,thicknes,time,tip,toward,tube,unarmed,usually,value,variation,vein,weakly,wide,width,yellow-orange,young							0.5,5.0-6.0,absent,andromonoecious,appressed,articulation,asymmetric,basal,bract,branching,breeding,broad-based,cell,connective,dichasial,discrete,distinct,eglandular,enlarged,flat,fleshy,forked,hair,heteromorphism,inflated,insertion,internodal,interpetalar,leathery,lower,mature,membranous,modification,needle-like,none,odour,orientation,paired,pattern,placement,plurifoliate,pore,position,present,present-inflorescence,present-leaf,present-stem,radially,rhizome,round,scale,simple-lobed,smell,spot,staman,stone,stripe,structure,swollen,symmetric,symmetry,sympodial,system,tapered-lanceolate,tissue,triangular,tuber,unbranched,unit,vegetative,xylopodia,zygomorphy	37.0	139.0	72.0	anther,apex,base,berry,calyx,colour,corolla,cuneate,filament,form,fruit,fruiting,growth,inflorescence,interjected,leaf,leaflet,length,margin,marking,mm,pedicel,petiole,prickle,pseudostipule,shape,shrub,stellate,stem,straight,surface,texture,trichome,truncate,type,white,yellow	.5,0,0-20,0-5,0.5-1.5,0.8-1.2,00-200,1-2,1-2.3,1-3,1-4,1.1-1.2,1.2-2.2,1.5-2.5,1/3,1/4-1/2,11-22,2-2.5,2-3,2.5-3.3,2.7-3.5,3-4,3.5-9,4-6,4.5-5.8,5-15,5-20,5-6,5-8,5-9,6-10,6-15-20,8-20,acute,apart,apically,apparently,appearance,approximately,armed,arrangement,articulated,bark,border,branch,branched,brown,bud,characteristic,chartaceous,cm,concolorous,connivent,cream,dark,deltate,diameter,discolorous,distal,distance,drying,elliptic,erect,exertion,extending,flattened,flattened-reniform,flower,foliaceous,giving,glabrescent,glabrous,glabrousnes,green,green-brown,height,history,lateral,life,lobe,lobed,lobing,long,long-styled,maturity,mauve,midpoint,midvein,moderately,na,new,number,obtuse,often,one,open,orange-brown,ovary,ovate,pair,pale,peduncle,pendent,per,plant,poricidal,primary,purple,rarely,ray,secondary,seed,short-styled,side,size,slender,sometimes,spaced,spherical,stellate-pubescent,stigma,style,tapering,terminal,thicknes,time,tip,toward,tube,unarmed,usually,value,variation,vein,weakly,wide,width,yellow-orange,young	0.5,5.0-6.0,absent,andromonoecious,appressed,articulation,asymmetric,basal,bract,branching,breeding,broad-based,cell,connective,dichasial,discrete,distinct,eglandular,enlarged,flat,fleshy,forked,hair,heteromorphism,inflated,insertion,internodal,interpetalar,leathery,lower,mature,membranous,modification,needle-like,none,odour,orientation,paired,pattern,placement,plurifoliate,pore,position,present,present-inflorescence,present-leaf,present-stem,radially,rhizome,round,scale,simple-lobed,smell,spot,staman,stone,stripe,structure,swollen,symmetric,symmetry,sympodial,system,tapered-lanceolate,tissue,triangular,tuber,unbranched,unit,vegetative,xylopodia,zygomorphy
515	wfo-0001032209	success	45	39	7	42	102	79	acute,anther,apex,basal,base,berry,blue,branch,branched,calyx,cell,colour,cordate,corolla,dendritic,filament,form,fruit,fruiting,growth,inflorescence,leaf,length,margin,mm,pedicel,petiole,purple,red,shape,simple,stellate,stem,surface,terminal,texture,trichome,truncate,type,vine,white,woody	.5,0.5-1,1-2-celled,1-6,1.5,1.5-3-9-11,1.5-6,10-13,2,2-3,2-3-lobed,2-5,2.5-6-15-20,2/3,20-30,3-7,4-20-30+,6-8,along,anthesi,appearing,arrangement,bark,bilobed,broadly,brown,bud,capitate,cayx,characteristic,climbing,cm,conical,corrugation,dark,deeply,densely,diameter,drying,early,ellipsoid,elliptic,entire,evenly,exerted,exertion,flattened-reniform,glabrous,glabrousnes,globose,hairy,height,history,hollow,lamina,lateral,life,lobed,lobing,metallic,minute,minutely,na,narrowly,nearly,new,number,occasionally,ovary,ovate,pair,papillae,peduncle,per,pinnately,pinnatifid,plant,primary,puberulent,pubescent,reddish,ripe,seed,several,shiny,size,sometimes,somewhat,spreading,stigma,stout,style,tapering,testa,time,tiny,tube,uniseriate,vein,violet,wall,x							1.0-5.0,5.0-8.0,absent,appressed,articulation,black,bract,branching,breeding,broad-based,connective,coriaceous,cup-shaped,distinct,eglandular,elongating,enlarged,fleshy,fork,forked,fully,hair,hermaphroditic,heteromorphism,inflated,insertion,interjected,internodal,interpetalar,leaflet,leathery,lilac,lower,marking,mature,membranous,modification,monochasial,multi-branched,multicellular,needle-like,none,odour,orange,orientation,paired,pattern,pink,placement,plurifoliate,pore,position,present,prickle,pseudostipule,radially,rhizome,round,rounded,scale,simple-entire,simple-pinnatifid,smell,spot,staman,stone,structure,swollen,symmetric,symmetry,sympodial,system,tapered-lanceolate,tissue,tuber,unit,vegetative,xylopodia,zygomorphy	21.0	80.0	100.0	acute,basal,base,berry,blue,branched,calyx,cell,cordate,dendritic,mm,purple,red,simple,stellate,terminal,trichome,truncate,vine,white,woody	.5,0.5-1,1-2-celled,1-6,1.5,1.5-3-9-11,1.5-6,10-13,2,2-3,2-3-lobed,2-5,2.5-6-15-20,2/3,20-30,3-7,4-20-30+,6-8,along,anthesi,appearing,bilobed,broadly,brown,bud,capitate,climbing,cm,conical,dark,deeply,densely,diameter,early,ellipsoid,elliptic,entire,evenly,exerted,flattened-reniform,glabrous,globose,hairy,hollow,lamina,lateral,lobed,metallic,minute,minutely,na,narrowly,nearly,occasionally,ovate,pair,papillae,per,pinnately,pinnatifid,puberulent,pubescent,reddish,ripe,several,shiny,sometimes,somewhat,spreading,stout,tapering,testa,time,tiny,tube,uniseriate,vein,violet,wall,x	1.0-5.0,5.0-8.0,absent,anther,apex,appressed,articulation,black,bract,branch,branching,breeding,broad-based,colour,connective,coriaceous,corolla,cup-shaped,distinct,eglandular,elongating,enlarged,filament,fleshy,fork,forked,form,fruit,fruiting,fully,growth,hair,hermaphroditic,heteromorphism,inflated,inflorescence,insertion,interjected,internodal,interpetalar,leaf,leaflet,leathery,length,lilac,lower,margin,marking,mature,membranous,modification,monochasial,multi-branched,multicellular,needle-like,none,odour,orange,orientation,paired,pattern,pedicel,petiole,pink,placement,plurifoliate,pore,position,present,prickle,pseudostipule,radially,rhizome,round,rounded,scale,shape,simple-entire,simple-pinnatifid,smell,spot,staman,stem,stone,structure,surface,swollen,symmetric,symmetry,sympodial,system,tapered-lanceolate,texture,tissue,tuber,type,unit,vegetative,xylopodia,zygomorphy
516	wfo-0001032232	success	42	38	7	29	90	70	0.1,anther,apex,base,berry,calyx,colour,corolla,filament,form,fruit,fruiting,green,growth,inflorescence,leaf,length,margin,mm,pedicel,petiole,shape,shrub,stem,surface,texture,type,unifoliate,winged	.5,0.25,0.5-1,0.6-3,0.8-1,1-3,1.8-2,18.8-27.5,2,2-2.6,20-100-flowered,3/4,4.8-7.3,5-6,abruptly,anthesi,arrangement,attenuate,bark,branch,bud,characteristic,clavate,cm,corrugation,cup-shaped,dark-papillose,decurrent,deflexed,dia,diameter,distally,drying,elliptic,erose,exertion,filiform,glabrous,glabrousnes,globose,greenish-brown,height,history,immature,less,life,light,lightly,lobed,lobing,long,long-acuminate,minutely,na,narrowly,new,occasionally,onto,ovary,ovoid-reniform,pair,pale,papillose,peduncle,pitted,plant,primary,reflexed,revolute,seed,shaped,simple,size,slightly,somewhat,sparsely,stigma,straight,style,subshrub,tear-drop,tip,translucent,tube,umbonate,undulate,vein,way,wide,widening							1.5,absent,acute,appressed,articulation,basal,bract,branching,breeding,broad-based,cell,connective,discrete,distinct,elliptic-oblong,enlarged,flat,fleshy,hair,heteromorphism,inflated,insertion,interjected,interpetalar,leaf-opposed,leaflet,leathery,lower,marking,mature,membranous,modification,monochasial,needle-like,none,odour,orientation,paired,pattern,placement,pore,position,present,prickle,pseudostipule,radially,rhizome,round,rounded,scale,simple-entire,smell,spot,staman,stellate,stone,structure,swollen,symmetric,symmetry,sympodial,system,tissue,trichome,tuber,unbranched,unit,vegetative,xylopodia,zygomorphy	13.0	66.0	86.0	0.1,base,berry,calyx,green,leaf,mm,petiole,shrub,stem,surface,unifoliate,winged	.5,0.25,0.5-1,0.6-3,0.8-1,1-3,1.8-2,18.8-27.5,2,2-2.6,20-100-flowered,3/4,4.8-7.3,5-6,abruptly,anthesi,attenuate,clavate,cm,cup-shaped,dark-papillose,decurrent,deflexed,dia,distally,elliptic,erose,filiform,glabrous,globose,greenish-brown,immature,less,light,lightly,lobed,long,long-acuminate,minutely,na,narrowly,occasionally,onto,ovoid-reniform,pair,pale,papillose,pitted,reflexed,revolute,shaped,simple,slightly,somewhat,sparsely,straight,subshrub,tear-drop,tip,translucent,tube,umbonate,undulate,way,wide,widening	1.5,absent,acute,anther,apex,appressed,articulation,basal,bract,branching,breeding,broad-based,cell,colour,connective,corolla,discrete,distinct,elliptic-oblong,enlarged,filament,flat,fleshy,form,fruit,fruiting,growth,hair,heteromorphism,inflated,inflorescence,insertion,interjected,interpetalar,leaf-opposed,leaflet,leathery,length,lower,margin,marking,mature,membranous,modification,monochasial,needle-like,none,odour,orientation,paired,pattern,pedicel,placement,pore,position,present,prickle,pseudostipule,radially,rhizome,round,rounded,scale,shape,simple-entire,smell,spot,staman,stellate,stone,structure,swollen,symmetric,symmetry,sympodial,system,texture,tissue,trichome,tuber,type,unbranched,unit,vegetative,xylopodia,zygomorphy
517	wfo-0001032233	success	36	37	6	39	90	73	anther,apex,base,branch,calyx,colour,cordate,corolla,filament,form,fruit,fruiting,green,growth,inflorescence,interjected,leaf,leaflet,length,margin,mm,orange,ovoid,pedicel,petiole,prickle,pseudostipule,purple,shape,simple,stem,surface,terminal,texture,tree,truncate,type,unbranched,yellow	0.3-2,1-1.5,1.5-2.5,10-15,2-15,2-3,2-5.5,2-6,20-100+,25-40,3-4,3-5,3.5-4,4-18,4-5,5-6,6-25,acuminate,acute,almost,appearance,arrangement,bark,basal,biglandular,border,branched,bud,characteristic,chartaceous,cm,convex,corrugation,dark,densely,diameter,distal,drying,ellipsoidal,entire,exertion,flattened,flower,giving,glabrescent,glabrous,glabrousnes,globose,height,history,lateral,life,lobe,lobing,longitudinal,midpoint,moderately,na,narrowly,new,number,oblong,obtuse,ovary,ovate,peduncle,per,perennial,plant,primary,puberulent,pubescent,ray,seed,shallowly,size,stigma,stripe,style,subcoriaceous,subpeltiform,thicknes,tip,triangular,tube,variation,vein,width,x,yellow-green							3.0-5.0,absent,appressed,articulation,berry,black,bract,branching,breeding,broad-based,cell,connective,coriaceous,dendritic,discrete,distinct,eglandular,ellipsoid,elliptic-oblong,enlarged,flat,fleshy,fork,forked,fully,hair,hermaphroditic,heteromorphism,inflated,insertion,interpetalar,leathery,lower,marking,mature,membranous,modification,multicellular,near-basal,needle-like,none,odour,orientation,paired,pattern,placement,plurifoliate,pore,position,present,radially,red,rhizome,scale,simple-entire,smell,spot,staman,stellate,stone,structure,swollen,symmetric,symmetry,sympodial,system,tissue,trichome,tuber,unit,vegetative,xylopodia,zygomorphy	13.0	55.0	99.0	apex,base,cordate,green,mm,orange,ovoid,purple,simple,tree,truncate,unbranched,yellow	0.3-2,1-1.5,1.5-2.5,10-15,2-15,2-3,2-5.5,2-6,20-100+,25-40,3-4,3-5,3.5-4,4-18,4-5,5-6,6-25,acuminate,acute,almost,basal,biglandular,branched,chartaceous,cm,convex,dark,densely,diameter,ellipsoidal,entire,flattened,flower,glabrescent,glabrous,globose,lobe,longitudinal,moderately,na,narrowly,oblong,obtuse,ovate,perennial,puberulent,pubescent,shallowly,stripe,subcoriaceous,subpeltiform,tip,triangular,x,yellow-green	3.0-5.0,absent,anther,appressed,articulation,berry,black,bract,branch,branching,breeding,broad-based,calyx,cell,colour,connective,coriaceous,corolla,dendritic,discrete,distinct,eglandular,ellipsoid,elliptic-oblong,enlarged,filament,flat,fleshy,fork,forked,form,fruit,fruiting,fully,growth,hair,hermaphroditic,heteromorphism,inflated,inflorescence,insertion,interjected,interpetalar,leaf,leaflet,leathery,length,lower,margin,marking,mature,membranous,modification,multicellular,near-basal,needle-like,none,odour,orientation,paired,pattern,pedicel,petiole,placement,plurifoliate,pore,position,present,prickle,pseudostipule,radially,red,rhizome,scale,shape,simple-entire,smell,spot,staman,stellate,stem,stone,structure,surface,swollen,symmetric,symmetry,sympodial,system,terminal,texture,tissue,trichome,tuber,type,unit,vegetative,xylopodia,zygomorphy
518	wfo-0001032259	success	47	44	7	37	94	87	anther,apex,base,berry,branch,calyx,colour,cordate,corolla,cuneate,filament,form,fruit,growth,inflorescence,leaf,length,margin,mature,mm,orange,pedicel,petiole,prickle,red,shape,shrub,simple,stellate,stem,straight,surface,terminal,texture,trichome,type,white	.5,/3,/4,0.45-0.6,0.5-0.8,0.7-1.1,0.9-1.2,1-2.5,1.5-4.5,10-30,2-2.5,2.2-3,3-4,4,4-5,4-6,5-30,7-16,9-22,abaxially,acute,almost,apart,apparently,appearance,arrangement,articulated,bark,becoming,border,brown,brownish,characteristic,chartaceous,cm,conical,connivent,dark,densely,diameter,dull,elongating,evenly,exertion,flattened,flattened-reniform,giving,glabrous,glabrousnes,green,green-brown,height,history,lateral,life,lobe,lobed,lobing,long,maturity,mauve,moderately,na,new,orange-brown,ovary,ovate,pair,peduncle,perennial,plant,poricidal,prickly,primary,pubescent,recurved,seed,side,size,spaced,sparsely,spherical,stellate-pubescent,style,tapering,tip,toward,vein,way,wide,width,yellow,yellow-green,young							0.5,3.5,absent,absent-inflorescence,absent-leaf,acicular,appressed,articulation,asymmetric,basal,blue,bract,branching,breeding,broad-based,cell,connective,dichasial,difoliate,discrete,distinct,eglandular,enlarged,flat,fleshy,fork,fruiting,fully,geminate,hair,hermaphroditic,heteromorphism,inflated,insertion,interjected,internodal,interpetalar,leaflet,leathery,lilac,lower,marking,membranous,modification,multi-branched,multicellular,needle-like,non-geminate,none,odour,orientation,paired,pattern,pink,placement,pore,position,present,present-leaf,present-stem,pseudostipule,purple,radially,random,rhizome,round,scale,simple-lobed,smell,spot,spreading,staman,stone,structure,swollen,symmetric,symmetry,sympodial,system,tapered-lanceolate,tissue,triangular,tuber,unit,vegetative,xylopodia,zygomorphy	18.0	71.0	106.0	apex,base,berry,cordate,cuneate,fruit,length,mature,mm,orange,red,shrub,simple,stellate,straight,terminal,trichome,white	.5,/3,/4,0.45-0.6,0.5-0.8,0.7-1.1,0.9-1.2,1-2.5,1.5-4.5,10-30,2-2.5,2.2-3,3-4,4,4-5,4-6,5-30,7-16,9-22,abaxially,acute,almost,apart,apparently,articulated,becoming,brown,brownish,chartaceous,cm,conical,connivent,dark,densely,diameter,dull,elongating,evenly,flattened,flattened-reniform,glabrous,green,green-brown,lateral,lobed,long,maturity,mauve,moderately,na,orange-brown,ovate,pair,perennial,poricidal,prickly,pubescent,recurved,side,spaced,sparsely,spherical,stellate-pubescent,tapering,tip,toward,way,wide,yellow,yellow-green,young	0.5,3.5,absent,absent-inflorescence,absent-leaf,acicular,anther,appressed,articulation,asymmetric,basal,blue,bract,branch,branching,breeding,broad-based,calyx,cell,colour,connective,corolla,dichasial,difoliate,discrete,distinct,eglandular,enlarged,filament,flat,fleshy,fork,form,fruiting,fully,geminate,growth,hair,hermaphroditic,heteromorphism,inflated,inflorescence,insertion,interjected,internodal,interpetalar,leaf,leaflet,leathery,lilac,lower,margin,marking,membranous,modification,multi-branched,multicellular,needle-like,non-geminate,none,odour,orientation,paired,pattern,pedicel,petiole,pink,placement,pore,position,present,present-leaf,present-stem,prickle,pseudostipule,purple,radially,random,rhizome,round,scale,shape,simple-lobed,smell,spot,spreading,staman,stem,stone,structure,surface,swollen,symmetric,symmetry,sympodial,system,tapered-lanceolate,texture,tissue,triangular,tuber,type,unit,vegetative,xylopodia,zygomorphy
519	wfo-0001032260	invalid_json_followup	NA	43	NA	38	110	81	0.7-1.5,anther,apex,base,berry,branch,calyx,cell,colour,corolla,cuneate,filament,form,fruit,fruiting,growth,inflorescence,interjected,leaf,leaflet,length,margin,mm,pedicel,petiole,prickle,pseudostipule,purple,red,rounded,shape,shrub,stellate,stem,surface,terminal,texture,type	-10,-3,-8,/5,0-20,0-5,0.1-0.4,0.2-0.5,0.5-0.8,0.5-2,0.5-5,0.6-0.8-1.5,0.8-1.1,1-1.7,1.2-1.7,1.5-4,2,2.5,2.5-3,2.5-3.5,3-5,3-8,3-9,6-10,acuminate,acute,apart,apparently,arrangement,articulated,bark,bud,characteristic,cm,connivent,corrugation,curved,deltate,densely,diameter,discolorous,distal,drying,dull,elliptic,erect,exertion,flattened,flattened-reniform,glabrous,glabrousnes,glaucous,gray-brown,green-brown,height,history,lateral,life,lobed,lobing,long,maturity,mauve,midpoint,na,new,number,orange-brown,outline,ovary,ovate,pair,pale,peduncle,per,pit,plant,poricidal,prickly,primary,pubescent,raised,ray,scandent,seed,shallowly,simple,size,slender,small,spaced,sparsely,spherical,stellate-pubescent,stigma,strongly,style,subentire,tapering,thicknes,tip,tube,value,variation,vein,way,wide,width,yellow,yellow-green							6.0-10.0,absent,absent-inflorescence,appressed,articulation,asymmetric,basal,blue,bract,branching,breeding,broad-based,connective,dichasial,difoliate,discrete,distinct,eglandular,enlarged,flat,fleshy,fork,fully,hair,hermaphroditic,heteromorphism,inflated,insertion,internodal,interpetalar,leathery,lilac,lower,marking,mature,membranous,modification,needle-like,non-geminate,none,odour,orange,orientation,paired,pattern,pink,placement,pore,position,present,present-inflorescence,present-leaf,present-stem,radially,recurved,rhizome,round,scale,simple-entire,simple-lobed,simple-toothed,smell,spot,staman,stone,structure,swollen,symmetric,symmetry,sympodial,system,tapered-lanceolate,tissue,triangular,trichome,tuber,unbranched,unit,vegetative,xylopodia,zygomorphy	38.0	110.0	81.0	0.7-1.5,anther,apex,base,berry,branch,calyx,cell,colour,corolla,cuneate,filament,form,fruit,fruiting,growth,inflorescence,interjected,leaf,leaflet,length,margin,mm,pedicel,petiole,prickle,pseudostipule,purple,red,rounded,shape,shrub,stellate,stem,surface,terminal,texture,type	-10,-3,-8,/5,0-20,0-5,0.1-0.4,0.2-0.5,0.5-0.8,0.5-2,0.5-5,0.6-0.8-1.5,0.8-1.1,1-1.7,1.2-1.7,1.5-4,2,2.5,2.5-3,2.5-3.5,3-5,3-8,3-9,6-10,acuminate,acute,apart,apparently,arrangement,articulated,bark,bud,characteristic,cm,connivent,corrugation,curved,deltate,densely,diameter,discolorous,distal,drying,dull,elliptic,erect,exertion,flattened,flattened-reniform,glabrous,glabrousnes,glaucous,gray-brown,green-brown,height,history,lateral,life,lobed,lobing,long,maturity,mauve,midpoint,na,new,number,orange-brown,outline,ovary,ovate,pair,pale,peduncle,per,pit,plant,poricidal,prickly,primary,pubescent,raised,ray,scandent,seed,shallowly,simple,size,slender,small,spaced,sparsely,spherical,stellate-pubescent,stigma,strongly,style,subentire,tapering,thicknes,tip,tube,value,variation,vein,way,wide,width,yellow,yellow-green	6.0-10.0,absent,absent-inflorescence,appressed,articulation,asymmetric,basal,blue,bract,branching,breeding,broad-based,connective,dichasial,difoliate,discrete,distinct,eglandular,enlarged,flat,fleshy,fork,fully,hair,hermaphroditic,heteromorphism,inflated,insertion,internodal,interpetalar,leathery,lilac,lower,marking,mature,membranous,modification,needle-like,non-geminate,none,odour,orange,orientation,paired,pattern,pink,placement,pore,position,present,present-inflorescence,present-leaf,present-stem,radially,recurved,rhizome,round,scale,simple-entire,simple-lobed,simple-toothed,smell,spot,staman,stone,structure,swollen,symmetric,symmetry,sympodial,system,tapered-lanceolate,tissue,triangular,trichome,tuber,unbranched,unit,vegetative,xylopodia,zygomorphy
520	wfo-0001032264	success	45	38	7	30	85	77	acute,anther,apex,base,berry,calyx,colour,corolla,filament,form,fruit,fruiting,green,growth,inflorescence,leaf,length,margin,mm,pedicel,petiole,shape,shrub,simple,stem,surface,texture,trichome,type,white	.2,.5,0.25-0.75,0.6-2.2,1.2-2,1.5-1.8,1.8-3,2-6,3,3-15,4-8,6-17,acuminate,alternate,apiculate,arrangement,bark,branch,branched,broadly,bud,characteristic,cm,corrugation,cup-like,dia,diameter,drying,elliptic,exertion,exserted,flattened-reniform,glabrous,glabrousnes,globose,greyish,height,history,lateral,life,lobed,lobing,long,main,minute,minutely,na,narrowly,nearly,new,number,occasionally,ovary,ovoid,pale,parallel,peduncle,per,perennial,pitted,plant,primary,pubescent,red-papillose,reddish,reddish-tan,revolute,seed,several,shaped,size,slender,small-capitate,soon,stigma,straight,style,tapering,tear-drop,time,tube,uniseriate,vein,x,yellowish-brown							0.2,4.5-5.0,absent,appressed,articulation,basal,bract,branching,breeding,broad-based,brown,bullate,cell,connective,difoliate,discrete,distinct,eglandular,elliptic-oblong,enlarged,flat,fleshy,forked,geminate,hair,heteromorphism,inflated,insertion,interjected,interpetalar,leaf-opposed,leaflet,leathery,lower,marking,mature,modification,monochasial,multi-branched,multicellular,needle-like,none,odour,orientation,paired,pattern,placement,pore,position,present,prickle,pseudostipule,radially,rhizome,round,scale,simple-entire,smell,spot,staman,stellate,stone,structure,swollen,symmetric,symmetry,sympodial,system,tissue,tree,tuber,unbranched,unit,vegetative,xylopodia,yellow,zygomorphy	10.0	60.0	97.0	acute,base,berry,calyx,green,mm,shrub,simple,trichome,white	.2,.5,0.25-0.75,0.6-2.2,1.2-2,1.5-1.8,1.8-3,2-6,3,3-15,4-8,6-17,acuminate,alternate,apiculate,branched,broadly,cm,cup-like,dia,elliptic,exserted,flattened-reniform,glabrous,globose,greyish,lateral,lobed,long,main,minute,minutely,na,narrowly,nearly,occasionally,ovoid,pale,parallel,perennial,pitted,pubescent,red-papillose,reddish,reddish-tan,revolute,several,shaped,slender,small-capitate,soon,straight,tapering,tear-drop,time,tube,uniseriate,vein,x,yellowish-brown	0.2,4.5-5.0,absent,anther,apex,appressed,articulation,basal,bract,branching,breeding,broad-based,brown,bullate,cell,colour,connective,corolla,difoliate,discrete,distinct,eglandular,elliptic-oblong,enlarged,filament,flat,fleshy,forked,form,fruit,fruiting,geminate,growth,hair,heteromorphism,inflated,inflorescence,insertion,interjected,interpetalar,leaf,leaf-opposed,leaflet,leathery,length,lower,margin,marking,mature,modification,monochasial,multi-branched,multicellular,needle-like,none,odour,orientation,paired,pattern,pedicel,petiole,placement,pore,position,present,prickle,pseudostipule,radially,rhizome,round,scale,shape,simple-entire,smell,spot,staman,stellate,stem,stone,structure,surface,swollen,symmetric,symmetry,sympodial,system,texture,tissue,tree,tuber,type,unbranched,unit,vegetative,xylopodia,yellow,zygomorphy
521	wfo-0001032274	success	49	39	8	39	89	81	acute,anther,apex,axillary,base,berry,branch,calyx,colour,corolla,filament,form,fruit,fruiting,growth,inflorescence,interjected,leaf,leaflet,length,margin,mm,pedicel,petiole,plurifoliate,prickle,pseudostipule,purple,red,shape,shoot,shrub,simple,stem,surface,terminal,texture,type,white	0,0.15-0.2,0.5-0.7,0.5-1,0.7-1.8,0.9-1,1-1.2,1-1.5,1-3,1.5-2,2,2-7,3-4,3-6,3/4,5-7,acuminate,appearance,arching,arrangement,bark,border,brown,bud,capitate,characteristic,cm,corrugation,densely,diameter,distal,drying,ellipsoid,elliptic,entire,exertion,exserted,filiform,flattened-reniform,giving,glabrous,glabrousnes,globose,green,grey,height,history,lanceolate,lateral,life,lobe,lobing,midpoint,minute,minutely,na,new,number,obtusely,occasionally,once-branched,ovary,pair,peduncle,per,perennial,pitted,plant,primary,puberulent,pubescent,ray,reddish,rounded,seed,shiny,short,size,sparsely,stigma,style,thicknes,truncate,tube,variation,vein,way,width,x							0.5-1.0,3.0-4.0,absent,appressed,articulation,asymmetric,basal,blue,bract,branched,branching,breeding,broad-based,cell,connective,cuneate,cup-shaped,dendritic,distinct,eglandular,elliptic-oblong,elongating,enlarged,fleshy,fork,forked,fully,hair,hermaphroditic,heteromorphism,inflated,insertion,internodal,interpetalar,leathery,lilac,lower,marking,mature,membranous,modification,monochasial,multicellular,needle-like,none,odour,orange,orientation,paired,pattern,pink,placement,pore,position,present,radially,rhizome,round,scale,simple-entire,simple-lobed,smell,spot,spur,staman,stellate,stone,structure,swollen,symmetric,symmetry,sympodial,system,tissue,trichome,tuber,unbranched,unit,vegetative,xylopodia,zygomorphy	13.0	52.0	107.0	acute,axillary,base,berry,mm,plurifoliate,purple,red,shoot,shrub,simple,terminal,white	0,0.15-0.2,0.5-0.7,0.5-1,0.7-1.8,0.9-1,1-1.2,1-1.5,1-3,1.5-2,2,2-7,3-4,3-6,3/4,5-7,acuminate,arching,brown,capitate,cm,densely,ellipsoid,elliptic,entire,exserted,filiform,flattened-reniform,glabrous,globose,green,grey,lanceolate,minute,minutely,na,obtusely,occasionally,once-branched,pair,perennial,pitted,puberulent,pubescent,reddish,rounded,shiny,short,sparsely,truncate,way,x	0.5-1.0,3.0-4.0,absent,anther,apex,appressed,articulation,asymmetric,basal,blue,bract,branch,branched,branching,breeding,broad-based,calyx,cell,colour,connective,corolla,cuneate,cup-shaped,dendritic,distinct,eglandular,elliptic-oblong,elongating,enlarged,filament,fleshy,fork,forked,form,fruit,fruiting,fully,growth,hair,hermaphroditic,heteromorphism,inflated,inflorescence,insertion,interjected,internodal,interpetalar,leaf,leaflet,leathery,length,lilac,lower,margin,marking,mature,membranous,modification,monochasial,multicellular,needle-like,none,odour,orange,orientation,paired,pattern,pedicel,petiole,pink,placement,pore,position,present,prickle,pseudostipule,radially,rhizome,round,scale,shape,simple-entire,simple-lobed,smell,spot,spur,staman,stellate,stem,stone,structure,surface,swollen,symmetric,symmetry,sympodial,system,texture,tissue,trichome,tuber,type,unbranched,unit,vegetative,xylopodia,zygomorphy
522	wfo-0001032276	success	46	38	7	33	90	68	anther,apex,base,calyx,colour,corolla,filament,form,fruit,fruiting,green,growth,inflorescence,interjected,leaf,leaflet,length,margin,mm,pedicel,petiole,prickle,pseudostipule,shape,shrub,simple,stem,surface,texture,type,unifoliate,white,winged	-,.25,0.3-1,0.5-0.75,0.8-1,1-1.5,1-2,1.8-2,2-2.5,2.5-4,3-3.5,5-7,7-8,8,9-18,acute,appearance,arrangement,attenuate,bark,border,branch,broadly,brown,bud,capitate,characteristic,cm,cup-shaped,dark,densely,dia,diameter,distal,elliptic,exertion,exserted,filiform,giving,glabrous,glabrousnes,globose,greyish-green,height,history,lateral,life,lobe,lobed,lobing,long-pubescent,main,midpoint,minute,minutely,na,narrowly,nearly,new,number,ovary,ovoid-reniform,pair,pale,peduncle,per,perennial,pitted,plant,primary,pubescent,ray,seed,shaped,short,size,soon,sparsely,stigma,strongly,style,tear-drop,terminal,thicknes,tube,variation,vein,width,x,yellow							0.25,2.0,absent,appressed,articulation,basal,berry,bract,branching,breeding,broad-based,cell,connective,cuneate,discrete,distinct,eglandular,elliptic-oblong,enlarged,flat,fleshy,hair,heteromorphism,inflated,insertion,interpetalar,leaf-opposed,leathery,lower,marking,mature,membranous,modification,monochasial,multicellular,needle-like,none,odour,orientation,paired,pattern,placement,pore,position,radially,rhizome,round,scale,simple-entire,smell,spot,staman,stellate,stone,structure,swollen,symmetric,symmetry,sympodial,system,tissue,trichome,tuber,unbranched,unit,vegetative,xylopodia,zygomorphy	8.0	55.0	93.0	base,green,mm,shrub,simple,unifoliate,white,winged	-,.25,0.3-1,0.5-0.75,0.8-1,1-1.5,1-2,1.8-2,2-2.5,2.5-4,3-3.5,5-7,7-8,8,9-18,acute,attenuate,broadly,brown,capitate,cm,cup-shaped,dark,densely,dia,elliptic,exserted,filiform,glabrous,globose,greyish-green,lateral,lobed,long-pubescent,main,minute,minutely,na,narrowly,nearly,ovoid-reniform,pair,pale,perennial,pitted,pubescent,shaped,short,soon,sparsely,strongly,tear-drop,vein,x,yellow	0.25,2.0,absent,anther,apex,appressed,articulation,basal,berry,bract,branching,breeding,broad-based,calyx,cell,colour,connective,corolla,cuneate,discrete,distinct,eglandular,elliptic-oblong,enlarged,filament,flat,fleshy,form,fruit,fruiting,growth,hair,heteromorphism,inflated,inflorescence,insertion,interjected,interpetalar,leaf,leaf-opposed,leaflet,leathery,length,lower,margin,marking,mature,membranous,modification,monochasial,multicellular,needle-like,none,odour,orientation,paired,pattern,pedicel,petiole,placement,pore,position,prickle,pseudostipule,radially,rhizome,round,scale,shape,simple-entire,smell,spot,staman,stellate,stem,stone,structure,surface,swollen,symmetric,symmetry,sympodial,system,texture,tissue,trichome,tuber,type,unbranched,unit,vegetative,xylopodia,zygomorphy
523	wfo-0001032277	success	42	38	6	32	89	70	acute,anther,apex,base,berry,calyx,colour,coriaceous,corolla,filament,form,fruit,fruiting,growth,inflorescence,internodal,leaf,length,margin,mm,pedicel,petiole,shape,shrub,simple,stem,surface,texture,trichome,type,white,yellow	0.75-1,0.8-3,1,1-1.1,1-1.2,1-2,1-5,1.5-1.8,1/2,10-14,2-2.5,2-6-flowered,3-3.5,3-9,5-6,8-9,alternate,area,arrangement,bark,beneath,blunt,branch,branched,bright,bud,characteristic,cm,corrugation,cup-shaped,densely,dia,diameter,drying,ellipsoid,elliptic,exertion,flattened-reniform,glabrous,glabrousnes,globose,green,grey,height,history,immature,lateral,lax,life,lobed,lobing,main,minutely,na,new,number,opposite,ovary,pair,pale,papillose,peduncle,per,perennial,pitted,plant,poricidal,primary,pubescent,revolute,ripe,rounded,seed,size,slender,sparsely,stigma,straight,style,tapering,tip,translucent,tube,uniseriate,vein,virgately,way,x,yellowish-tan							0.5,3.0-3.5,absent,appressed,articulation,basal,bract,branching,breeding,broad-based,cell,connective,discrete,distinct,eglandular,elliptic-oblong,enlarged,flat,fleshy,hair,heteromorphism,inflated,insertion,interjected,interpetalar,leaf-opposed,leaflet,leathery,lower,marking,mature,modification,monochasial,multicellular,needle-like,none,odour,orientation,paired,pattern,placement,plurifoliate,pore,position,present,prickle,pseudostipule,radially,rhizome,round,scale,simple-entire,smell,spot,staman,stellate,stone,structure,swollen,symmetric,symmetry,sympodial,system,tissue,tuber,unbranched,unit,vegetative,xylopodia,zygomorphy	13.0	65.0	89.0	acute,base,berry,calyx,coriaceous,internodal,leaf,mm,shrub,simple,trichome,white,yellow	0.75-1,0.8-3,1,1-1.1,1-1.2,1-2,1-5,1.5-1.8,1/2,10-14,2-2.5,2-6-flowered,3-3.5,3-9,5-6,8-9,alternate,area,beneath,blunt,branched,bright,cm,cup-shaped,densely,dia,ellipsoid,elliptic,flattened-reniform,glabrous,globose,green,grey,immature,lateral,lax,lobed,main,minutely,na,opposite,pair,pale,papillose,perennial,pitted,poricidal,pubescent,revolute,ripe,rounded,slender,sparsely,straight,style,tapering,tip,translucent,tube,uniseriate,vein,virgately,way,x,yellowish-tan	0.5,3.0-3.5,absent,anther,apex,appressed,articulation,basal,bract,branching,breeding,broad-based,cell,colour,connective,corolla,discrete,distinct,eglandular,elliptic-oblong,enlarged,filament,flat,fleshy,form,fruit,fruiting,growth,hair,heteromorphism,inflated,inflorescence,insertion,interjected,interpetalar,leaf-opposed,leaflet,leathery,length,lower,margin,marking,mature,modification,monochasial,multicellular,needle-like,none,odour,orientation,paired,pattern,pedicel,petiole,placement,plurifoliate,pore,position,present,prickle,pseudostipule,radially,rhizome,round,scale,shape,simple-entire,smell,spot,staman,stellate,stem,stone,structure,surface,swollen,symmetric,symmetry,sympodial,system,texture,tissue,tuber,type,unbranched,unit,vegetative,xylopodia,zygomorphy
524	wfo-0001032304	invalid_json_followup	NA	40	NA	37	123	80	anther,apex,base,berry,branch,calyx,colour,corolla,filament,fleshy,form,fruit,fruiting,green,growth,inflorescence,interjected,leaf,leaflet,length,margin,mm,pedicel,petiole,prickle,pseudostipule,shape,shrub,simple,stem,surface,terminal,texture,tree,type,white,yellow	0.2-0.3,0.5-4.5,0.9-1.4,1-3.5,1.1-2,1.2-2.3,1.3-2.1,1.6-1.9,10,18,2-5,2.5-19.5,2/3-3/4,3-10,3-15,3-4.5,3-6,4-7.5,5.5-9,7-27,9-13,abaxially,acuminate,acute,adaxially,anthesi,arrangement,bark,becoming,blackish,blunt-tipped,branched,broadly,brown,brownish,bud,campanulate,capitate,characteristic,cm,conical,continued,corrugation,dark,deltoid,densely,diameter,distal,drying,due,elliptic,entire,exertion,exserted,flower,glabrescent,glabrous,glabrousnes,granular-tomentose,greenish,height,history,honeycombed,lateral,least,life,lobe,lobing,long-attenuate,midpoint,midvein,mostly,na,new,number,oblong,obtuse,orbicular,ovary,ovate,ovate-lanceolate,pale,peduncle,per,plant,primary,probably,pseud-terminal,pubescent,rather,ray,reniform,reticulate-punctate,ripe,scabridulous,seed,short-,side,size,small,sparingly,spreading,stamen,stigma,style,subglobose,suborbicular,terete,thicknes,time,tomentose,tube,unarmed,value,variation,vein,velutinous,violet,way,whitish,width,x,yellowish							0.5-1.2,3.0-3.8,absent,appressed,articulation,basal,blue,bract,branching,breeding,broad-based,cell,connective,coriaceous,cuneate,dendritic,dichasial,distinct,eglandular,elliptic-oblong,elongating,enlarged,flat,fork,fully,hair,hermaphroditic,heteromorphism,inflated,insertion,interpetalar,leathery,lilac,lower,marking,mature,membranous,modification,multi-branched,multicellular,needle-like,none,odour,orange,orientation,paired,pattern,pink,placement,plurifoliate,pore,position,present,present-single,purple,radially,red,rhizome,round,scale,simple-entire,smell,spot,staman,stellate,stone,structure,swollen,symmetric,symmetry,sympodial,system,tissue,trichome,tuber,unit,vegetative,winged,xylopodia,zygomorphy	37.0	123.0	80.0	anther,apex,base,berry,branch,calyx,colour,corolla,filament,fleshy,form,fruit,fruiting,green,growth,inflorescence,interjected,leaf,leaflet,length,margin,mm,pedicel,petiole,prickle,pseudostipule,shape,shrub,simple,stem,surface,terminal,texture,tree,type,white,yellow	0.2-0.3,0.5-4.5,0.9-1.4,1-3.5,1.1-2,1.2-2.3,1.3-2.1,1.6-1.9,10,18,2-5,2.5-19.5,2/3-3/4,3-10,3-15,3-4.5,3-6,4-7.5,5.5-9,7-27,9-13,abaxially,acuminate,acute,adaxially,anthesi,arrangement,bark,becoming,blackish,blunt-tipped,branched,broadly,brown,brownish,bud,campanulate,capitate,characteristic,cm,conical,continued,corrugation,dark,deltoid,densely,diameter,distal,drying,due,elliptic,entire,exertion,exserted,flower,glabrescent,glabrous,glabrousnes,granular-tomentose,greenish,height,history,honeycombed,lateral,least,life,lobe,lobing,long-attenuate,midpoint,midvein,mostly,na,new,number,oblong,obtuse,orbicular,ovary,ovate,ovate-lanceolate,pale,peduncle,per,plant,primary,probably,pseud-terminal,pubescent,rather,ray,reniform,reticulate-punctate,ripe,scabridulous,seed,short-,side,size,small,sparingly,spreading,stamen,stigma,style,subglobose,suborbicular,terete,thicknes,time,tomentose,tube,unarmed,value,variation,vein,velutinous,violet,way,whitish,width,x,yellowish	0.5-1.2,3.0-3.8,absent,appressed,articulation,basal,blue,bract,branching,breeding,broad-based,cell,connective,coriaceous,cuneate,dendritic,dichasial,distinct,eglandular,elliptic-oblong,elongating,enlarged,flat,fork,fully,hair,hermaphroditic,heteromorphism,inflated,insertion,interpetalar,leathery,lilac,lower,marking,mature,membranous,modification,multi-branched,multicellular,needle-like,none,odour,orange,orientation,paired,pattern,pink,placement,plurifoliate,pore,position,present,present-single,purple,radially,red,rhizome,round,scale,simple-entire,smell,spot,staman,stellate,stone,structure,swollen,symmetric,symmetry,sympodial,system,tissue,trichome,tuber,unit,vegetative,winged,xylopodia,zygomorphy
525	wfo-0001032307	success	44	38	7	37	91	68	0.2-0.5,acute,anther,apex,base,berry,branch,branched,calyx,colour,corolla,dendritic,filament,form,fruit,fruiting,green,growth,inflorescence,leaf,length,margin,mm,pedicel,petiole,plurifoliate,shape,shrub,stem,surface,terminal,texture,tree,trichome,truncate,type,white	.5,/3,0.4-1.3,1-1.5,1-2,1.5-5,10-20,2-5,2.5-12,2.5-3,3.5-4,30,4-8,5-12,5-25-flowered,7-18,abaxial,along,arrangement,bark,brown,bud,campanulate,capitate,characteristic,christmas-tree-like,cm,congested,corrugation,dark,densely,dia,diameter,ellipsoid,elliptic,erect,exertion,exserted,flattened-reniform,glabrate,glabrous,glabrousnes,globose,height,history,incrassate,later,lateral,life,like,lobed,lobing,long,loose,main,many,minutely,na,new,ovary,pair,pale,peduncle,perennial,pitted,plant,primary,prominent,pubescent,reddish,reddish-brown,rest,seed,shaped,size,small,sparsely,stigma,stout,strongly,style,tan,tear-drop,thick,time,tree-like,tube,upper,vein,way,wide							2.5-3.5,absent,appressed,articulation,basal,bract,branching,breeding,broad-based,cell,connective,discrete,distinct,elliptic-oblong,enlarged,flat,fleshy,fork,hair,heteromorphism,inflated,insertion,interjected,internodal,interpetalar,leaflet,leathery,lower,marking,mature,membranous,modification,monochasial,multi-branched,needle-like,none,odour,orientation,paired,pattern,placement,pore,position,present,prickle,pseudostipule,radially,rhizome,round,scale,simple-entire,smell,spot,staman,stellate,stone,structure,swollen,symmetric,symmetry,sympodial,system,tissue,tuber,unit,vegetative,xylopodia,zygomorphy	21.0	69.0	84.0	0.2-0.5,acute,base,berry,branched,calyx,dendritic,green,inflorescence,leaf,margin,mm,plurifoliate,shrub,stem,surface,terminal,tree,trichome,truncate,white	.5,/3,0.4-1.3,1-1.5,1-2,1.5-5,10-20,2-5,2.5-12,2.5-3,3.5-4,30,4-8,5-12,5-25-flowered,7-18,along,brown,campanulate,capitate,christmas-tree-like,cm,congested,dark,densely,dia,ellipsoid,elliptic,erect,exserted,flattened-reniform,glabrate,glabrous,globose,incrassate,later,lateral,like,lobed,long,loose,main,many,minutely,na,pair,pale,perennial,pitted,prominent,pubescent,reddish,reddish-brown,rest,shaped,small,sparsely,stout,strongly,tan,tear-drop,thick,time,tree-like,tube,upper,vein,way,wide	2.5-3.5,absent,anther,apex,appressed,articulation,basal,bract,branch,branching,breeding,broad-based,cell,colour,connective,corolla,discrete,distinct,elliptic-oblong,enlarged,filament,flat,fleshy,fork,form,fruit,fruiting,growth,hair,heteromorphism,inflated,insertion,interjected,internodal,interpetalar,leaflet,leathery,length,lower,marking,mature,membranous,modification,monochasial,multi-branched,needle-like,none,odour,orientation,paired,pattern,pedicel,petiole,placement,pore,position,present,prickle,pseudostipule,radially,rhizome,round,scale,shape,simple-entire,smell,spot,staman,stellate,stone,structure,swollen,symmetric,symmetry,sympodial,system,texture,tissue,tuber,type,unit,vegetative,xylopodia,zygomorphy
526	wfo-0001032308	success	35	40	8	41	98	74	absent,acute,anther,apex,base,berry,branch,calyx,cell,colour,cordate,corolla,distal,filament,form,fruit,fruiting,green,growth,inflorescence,interjected,leaf,leaflet,length,margin,membranous,mm,ovoid,pedicel,petiole,prickle,pseudostipule,rounded,shape,stem,surface,terminal,texture,trichome,type,white	0.2-2.1,0.3-5,0.7-1,0.7-1.2,1-2,1.5-2.5,1.8-2.5,1.9-3,12-16,2-6,3.8-5,4-7,4.8-7.7,6,6-11,8-9,appearance,arrangement,axillary,bark,border,brownish,bud,capitate,characteristic,chartaceous,clavate,cm,condition,connivent,corrugation,covering,deep,diameter,dot,drying,exertion,fresh,generally,giving,glabrous,glabrousnes,globose,green-white,greenish,hair-like,height,history,invested,irregular,lanceolate,lateral,life,lobe,lobing,long,make,medium,midpoint,mucilaginous,na,new,non-glandular,number,odd-pinnate,often,orbicular,ovary,ovate,peduncle,per,plant,primary,pubescent,pure,ray,ripe,scattered,seed,short,size,slightly,stigma,style,testal,thick,thicknes,throughout,tube,typically,variation,vein,wall,wet,whitish,wide,width,x							1.0-2.0,1/2,4.0-7.0,appressed,articulation,asymmetric,bract,branching,breeding,broad-based,compound-entire,connective,cuneate,distinct,eglandular,elliptic-oblong,elongating,enlarged,flat,fleshy,fork,forked,fully,hair,herb,hermaphroditic,heteromorphism,inflated,insertion,interpetalar,leathery,lower,marking,mature,modification,monochasial,multicellular,needle-like,none,odour,orientation,paired,pattern,placement,plurifoliate,pore,position,present,present-pair,radially,rhizome,rotate,round,scale,simple,smell,spot,staman,stellate,stone,structure,swollen,symmetric,symmetry,sympodial,system,tissue,trifoliate,truncate,tuber,unit,vegetative,xylopodia,zygomorphy	12.0	65.0	103.0	absent,acute,berry,cell,cordate,green,membranous,mm,ovoid,rounded,trichome,white	0.2-2.1,0.3-5,0.7-1,0.7-1.2,1-2,1.5-2.5,1.8-2.5,1.9-3,12-16,2-6,3.8-5,4-7,4.8-7.7,6,6-11,8-9,axillary,brownish,capitate,chartaceous,clavate,cm,condition,connivent,covering,deep,dot,drying,fresh,generally,glabrous,globose,green-white,greenish,hair-like,invested,irregular,lanceolate,lateral,long,make,medium,mucilaginous,na,non-glandular,odd-pinnate,often,orbicular,ovate,pubescent,pure,ripe,scattered,seed,short,slightly,testal,thick,throughout,typically,wall,wet,whitish,wide,x	1.0-2.0,1/2,4.0-7.0,anther,apex,appressed,articulation,asymmetric,base,bract,branch,branching,breeding,broad-based,calyx,colour,compound-entire,connective,corolla,cuneate,distal,distinct,eglandular,elliptic-oblong,elongating,enlarged,filament,flat,fleshy,fork,forked,form,fruit,fruiting,fully,growth,hair,herb,hermaphroditic,heteromorphism,inflated,inflorescence,insertion,interjected,interpetalar,leaf,leaflet,leathery,length,lower,margin,marking,mature,modification,monochasial,multicellular,needle-like,none,odour,orientation,paired,pattern,pedicel,petiole,placement,plurifoliate,pore,position,present,present-pair,prickle,pseudostipule,radially,rhizome,rotate,round,scale,shape,simple,smell,spot,staman,stellate,stem,stone,structure,surface,swollen,symmetric,symmetry,sympodial,system,terminal,texture,tissue,trifoliate,truncate,tuber,type,unit,vegetative,xylopodia,zygomorphy
527	wfo-0001032335	success	47	39	7	34	99	72	acute,anther,apex,base,berry,branch,calyx,colour,corolla,dichasial,filament,form,fruit,fruiting,growth,inflorescence,leaf,length,margin,membranous,mm,orange,pedicel,petiole,shape,shrub,stem,surface,terminal,texture,tree,trichome,type,white	-4,.2,/4,0.2-0.3,0.5-1,0.9-1,1-1.2,1-1.5,1-3,1.5-2,100,100+,12-15,2-10,2-5,4-14,4-6-rayed,5-6,6-19,6-6.5,7-10,>,acuminate,along,anthesi,arrangement,articulated,attenuate,axe,bark,branched,bright,bud,capitate,characteristic,chartaceous,cm,connivent,densely,diameter,discolorous,ellipsoidal,elliptic,entire,exertion,exserted,flattened-reniform,flower,glabrous,glabrousnes,globose,gold,golden-yellow,height,history,life,like,lobing,long,loosely,many,minute,minutely,narrowly,new,nodding,number,onto,ovary,pair,pale,peduncle,peltate,per,perennial,persistent,pitted,plane,plant,porrect-stellate,primary,pubescent,reddish,ripe,seed,short-stalked,simple,size,small,somewhat,stigma,stout,strongly,style,time,tube,vein,way,wide							1.0,2.5-3.0,absent,appressed,articulation,basal,bract,branching,breeding,broad-based,cell,connective,distinct,eglandular,elliptic-oblong,elongating,enlarged,flat,fleshy,fork,fully,hair,hermaphroditic,heteromorphism,inflated,insertion,interjected,interpetalar,leaflet,leathery,lepidote,lower,marking,mature,modification,multi-branched,needle-like,none,odour,orientation,paired,pattern,placement,plurifoliate,pore,position,present,prickle,pseudostipule,radially,red,rhizome,round,scale,simple-entire,smell,spot,staman,stellate,stone,structure,swollen,symmetric,symmetry,sympodial,system,tissue,tuber,unit,vegetative,xylopodia,zygomorphy	17.0	78.0	89.0	acute,base,berry,calyx,dichasial,inflorescence,length,membranous,mm,orange,petiole,shrub,stem,terminal,tree,trichome,white	-4,.2,/4,0.2-0.3,0.5-1,0.9-1,1-1.2,1-1.5,1-3,1.5-2,100,100+,12-15,2-10,2-5,4-14,4-6-rayed,5-6,6-19,6-6.5,7-10,>,acuminate,along,anthesi,articulated,attenuate,axe,branched,bright,capitate,chartaceous,cm,connivent,densely,diameter,discolorous,ellipsoidal,elliptic,entire,exserted,flattened-reniform,flower,glabrous,globose,gold,golden-yellow,like,long,loosely,many,minute,minutely,narrowly,nodding,onto,pair,pale,peltate,per,perennial,persistent,pitted,plane,porrect-stellate,pubescent,reddish,ripe,short-stalked,simple,small,somewhat,stout,strongly,time,tube,way,wide	1.0,2.5-3.0,absent,anther,apex,appressed,articulation,basal,bract,branch,branching,breeding,broad-based,cell,colour,connective,corolla,distinct,eglandular,elliptic-oblong,elongating,enlarged,filament,flat,fleshy,fork,form,fruit,fruiting,fully,growth,hair,hermaphroditic,heteromorphism,inflated,insertion,interjected,interpetalar,leaf,leaflet,leathery,lepidote,lower,margin,marking,mature,modification,multi-branched,needle-like,none,odour,orientation,paired,pattern,pedicel,placement,plurifoliate,pore,position,present,prickle,pseudostipule,radially,red,rhizome,round,scale,shape,simple-entire,smell,spot,staman,stellate,stone,structure,surface,swollen,symmetric,symmetry,sympodial,system,texture,tissue,tuber,type,unit,vegetative,xylopodia,zygomorphy
528	wfo-0001032337	invalid_json_followup	NA	40	NA	41	108	75	acute,anther,apex,base,berry,branch,calyx,colour,corolla,cuneate,distal,filament,forked,form,fruit,fruiting,green,growth,hair,herb,inflorescence,interjected,leaf,leaflet,length,margin,membranous,mm,pedicel,petiole,prickle,pseudostipule,purple,rounded,shape,stem,surface,terminal,texture,tissue,type	0.4-1.5,0.5-3.5,1-2,1.2-2.8,1.4-2,1.5,2-14,2-3.5,2-7,2.3-11.5,2.3-4.8,3-8,4-17,4-6,4.5-14.5,5-11,8-10,8-17,9-21,9-29,abaxially,acuminate,adaxially,apiculate,arrangement,attenuate,axillary,bark,basiscopic,broadly,brownish,bud,canescent,capitate,characteristic,chartaceous,clavate,cm,condition,corrugation,darker,decurrent,deep,densely,diameter,drying,erect,exertion,flower,fresh,generally,glabrous,glabrousnes,globose,greenish,half,height,history,lanceolate,lateral,life,light,like,lobe,lobing,long,midpoint,mottled,na,new,number,oblique,odd-pinnate,often,ovary,ovate,ovoid,peduncle,per,plant,primary,pubescent,ray,seed,short,side,size,sometimes,sparsely,stigma,style,subglabrous,subtending,thicknes,tube,typically,unwinged,usually,value,variation,vein,violet,violet-purple,whitish,wide,width,wing,x							1.0-2.0,1/2,4.0-6.0,absent,appressed,articulation,asymmetric,blue,bract,branching,breeding,broad-based,cell,compound-entire,connective,distinct,eglandular,elliptic-oblong,elongating,enlarged,flat,fleshy,fork,fully,hermaphroditic,heteromorphism,inflated,insertion,interpetalar,leathery,lilac,lower,marking,mature,modification,monochasial,multicellular,needle-like,none,odour,orientation,paired,pattern,pink,placement,plurifoliate,pore,position,present,present-pair,radially,rhizome,rotate,round,scale,simple,smell,spot,staman,stellate,stone,structure,swollen,symmetric,symmetry,sympodial,system,trichome,trifoliate,tuber,unit,vegetative,white,xylopodia,zygomorphy	41.0	108.0	75.0	acute,anther,apex,base,berry,branch,calyx,colour,corolla,cuneate,distal,filament,forked,form,fruit,fruiting,green,growth,hair,herb,inflorescence,interjected,leaf,leaflet,length,margin,membranous,mm,pedicel,petiole,prickle,pseudostipule,purple,rounded,shape,stem,surface,terminal,texture,tissue,type	0.4-1.5,0.5-3.5,1-2,1.2-2.8,1.4-2,1.5,2-14,2-3.5,2-7,2.3-11.5,2.3-4.8,3-8,4-17,4-6,4.5-14.5,5-11,8-10,8-17,9-21,9-29,abaxially,acuminate,adaxially,apiculate,arrangement,attenuate,axillary,bark,basiscopic,broadly,brownish,bud,canescent,capitate,characteristic,chartaceous,clavate,cm,condition,corrugation,darker,decurrent,deep,densely,diameter,drying,erect,exertion,flower,fresh,generally,glabrous,glabrousnes,globose,greenish,half,height,history,lanceolate,lateral,life,light,like,lobe,lobing,long,midpoint,mottled,na,new,number,oblique,odd-pinnate,often,ovary,ovate,ovoid,peduncle,per,plant,primary,pubescent,ray,seed,short,side,size,sometimes,sparsely,stigma,style,subglabrous,subtending,thicknes,tube,typically,unwinged,usually,value,variation,vein,violet,violet-purple,whitish,wide,width,wing,x	1.0-2.0,1/2,4.0-6.0,absent,appressed,articulation,asymmetric,blue,bract,branching,breeding,broad-based,cell,compound-entire,connective,distinct,eglandular,elliptic-oblong,elongating,enlarged,flat,fleshy,fork,fully,hermaphroditic,heteromorphism,inflated,insertion,interpetalar,leathery,lilac,lower,marking,mature,modification,monochasial,multicellular,needle-like,none,odour,orientation,paired,pattern,pink,placement,plurifoliate,pore,position,present,present-pair,radially,rhizome,rotate,round,scale,simple,smell,spot,staman,stellate,stone,structure,swollen,symmetric,symmetry,sympodial,system,trichome,trifoliate,tuber,unit,vegetative,white,xylopodia,zygomorphy
529	wfo-0001032344	invalid_json_followup	NA	40	NA	38	110	79	absent,anther,apex,base,branch,calyx,cell,colour,corolla,cuneate,distal,filament,form,fruit,fruiting,green,growth,inflorescence,interjected,leaf,leaflet,length,margin,mm,monochasial,pedicel,petiole,prickle,pseudostipule,purple,rotate,shape,stem,surface,terminal,texture,type,white	0.2-0.5,1-1.3,1-4,1.5-4.5,1.5-6,1.6-2.4,10-29,2-2.8,2.2-4,3-5,3-7,3-8.5,3-9,3.5-6.5,5-10,6-15,7,9.5-21,\u201chair-like\u201d,acuminate,acute,apical,apically,appearance,arrangement,articulate,bark,bluish,branched,broadly,bud,characteristic,cm,connate,corrugation,covering,cyme,dark,dehiscent,diameter,dichasial,dichasially,dot,drying,ebracteate,elliptical,exceeding,exertion,giving,glabrousnes,globose,green-white,height,herbaceous,history,introrse,lateral,life,lobe,lobing,long,long-attenuate,make,maturing,medium,midpoint,mucilaginous,na,new,number,oblique,odd-pinnate,often,ovary,ovate,ovoid,peduncle,per,perennial,plant,poricidally,primary,puberulent,pubescent,ray,rotate-pentagonal,scarce,seed,short,size,slit,smooth,stamen,stigma,straight,style,testal,thick,thicknes,tube,typically,value,variation,vein,violet,wall,wet,wide,width,yellow							1.0-3.0,1/2,1/4-1/2,4.0-5.0,appressed,articulation,asymmetric,basal,berry,blue,bract,branching,breeding,broad-based,compound-entire,connective,distinct,eglandular,elliptic-oblong,elongating,enlarged,flat,fleshy,fork,forked,fully,hair,herb,hermaphroditic,heteromorphism,inflated,insertion,internodal,interpetalar,leathery,lilac,lower,marking,mature,membranous,modification,multi-branched,multicellular,needle-like,none,odour,orientation,paired,pattern,pink,placement,plurifoliate,pore,position,present,present-pair,radially,rhizome,round,scale,simple,smell,spot,staman,stellate,stone,structure,swollen,symmetric,symmetry,sympodial,system,tissue,trichome,tuber,unit,vegetative,xylopodia,zygomorphy	38.0	110.0	79.0	absent,anther,apex,base,branch,calyx,cell,colour,corolla,cuneate,distal,filament,form,fruit,fruiting,green,growth,inflorescence,interjected,leaf,leaflet,length,margin,mm,monochasial,pedicel,petiole,prickle,pseudostipule,purple,rotate,shape,stem,surface,terminal,texture,type,white	0.2-0.5,1-1.3,1-4,1.5-4.5,1.5-6,1.6-2.4,10-29,2-2.8,2.2-4,3-5,3-7,3-8.5,3-9,3.5-6.5,5-10,6-15,7,9.5-21,\u201chair-like\u201d,acuminate,acute,apical,apically,appearance,arrangement,articulate,bark,bluish,branched,broadly,bud,characteristic,cm,connate,corrugation,covering,cyme,dark,dehiscent,diameter,dichasial,dichasially,dot,drying,ebracteate,elliptical,exceeding,exertion,giving,glabrousnes,globose,green-white,height,herbaceous,history,introrse,lateral,life,lobe,lobing,long,long-attenuate,make,maturing,medium,midpoint,mucilaginous,na,new,number,oblique,odd-pinnate,often,ovary,ovate,ovoid,peduncle,per,perennial,plant,poricidally,primary,puberulent,pubescent,ray,rotate-pentagonal,scarce,seed,short,size,slit,smooth,stamen,stigma,straight,style,testal,thick,thicknes,tube,typically,value,variation,vein,violet,wall,wet,wide,width,yellow	1.0-3.0,1/2,1/4-1/2,4.0-5.0,appressed,articulation,asymmetric,basal,berry,blue,bract,branching,breeding,broad-based,compound-entire,connective,distinct,eglandular,elliptic-oblong,elongating,enlarged,flat,fleshy,fork,forked,fully,hair,herb,hermaphroditic,heteromorphism,inflated,insertion,internodal,interpetalar,leathery,lilac,lower,marking,mature,membranous,modification,multi-branched,multicellular,needle-like,none,odour,orientation,paired,pattern,pink,placement,plurifoliate,pore,position,present,present-pair,radially,rhizome,round,scale,simple,smell,spot,staman,stellate,stone,structure,swollen,symmetric,symmetry,sympodial,system,tissue,trichome,tuber,unit,vegetative,xylopodia,zygomorphy
530	wfo-0001032354	success	41	39	7	37	106	76	anther,apex,axillary,base,berry,calyx,colour,corolla,cuneate,filament,form,fruit,fruiting,glandular,green,growth,hair,inflorescence,interjected,leaf,leaflet,length,margin,mm,ovoid,pedicel,petiole,plurifoliate,prickle,pseudostipule,shape,shrub,simple,stem,surface,texture,type	0-5,1-2,10,2-2.5,2.5-3,250-400,38/2,4,5,5-15,acute,appearance,arrangement,aster,bark,becoming,bilobed,border,branch,branched,broadly,brown,bud,campanulate,capitate,characteristic,cm,coarsely,corrugation,decurrent,deep,dia,diameter,discoidal,distal,drying,ellipsoid,except,exerted,exertion,fork,giving,glabrous,glabrousnes,globose,greenish-ivory,greyish,halfway,height,history,lasting,lateral,life,lobe,lobed,lobing,maturity,midpoint,minute,minutely,na,narrow,new,number,obovate,obovoid,occasionally,ovary,peduncle,per,perennial,pinnatisect,plant,poricidal,primary,puberulent,ray,rh,rounded,rugose-reticulate,seed,several,size,slightly,soft,somewhat,sparse,spreading,stigma,straight,strongly,style,terminal,thicknes,tip,tube,variable,variation,vein,violet,wide,width,wing,wooded,woody,year							3.0-4.0,5.0,absent,appressed,articulation,basal,blue,bract,branching,breeding,broad-based,cell,connective,dichasial,distinct,elliptic-oblong,elongating,enlarged,flat,fleshy,forked,fully,hermaphroditic,heteromorphism,inflated,insertion,interpetalar,leathery,lilac,lower,marking,mature,membranous,modification,monochasial,multicellular,needle-like,none,odour,orientation,paired,pattern,pink,placement,pore,position,present,purple,radially,rhizome,rotate,round,scale,simple-entire,simple-lobed,simple-pinnatifid,smell,spot,staman,stellate,stone,structure,swollen,symmetric,symmetry,sympodial,system,tissue,trichome,tuber,unbranched,unit,vegetative,winged,xylopodia,zygomorphy	15.0	69.0	98.0	axillary,base,berry,calyx,corolla,cuneate,glandular,green,hair,mm,ovoid,plurifoliate,shrub,simple,stem	0-5,1-2,10,2-2.5,2.5-3,250-400,38/2,4,5,5-15,acute,aster,becoming,bilobed,branch,branched,broadly,brown,campanulate,capitate,cm,coarsely,decurrent,deep,dia,discoidal,ellipsoid,except,exerted,fork,glabrous,globose,greenish-ivory,greyish,halfway,lasting,lobed,maturity,minute,minutely,na,narrow,obovate,obovoid,occasionally,perennial,pinnatisect,poricidal,puberulent,rh,rounded,rugose-reticulate,several,slightly,soft,somewhat,sparse,spreading,straight,strongly,tip,tube,variable,violet,wide,wing,wooded,woody,year	3.0-4.0,5.0,absent,anther,apex,appressed,articulation,basal,blue,bract,branching,breeding,broad-based,cell,colour,connective,dichasial,distinct,elliptic-oblong,elongating,enlarged,filament,flat,fleshy,forked,form,fruit,fruiting,fully,growth,hermaphroditic,heteromorphism,inflated,inflorescence,insertion,interjected,interpetalar,leaf,leaflet,leathery,length,lilac,lower,margin,marking,mature,membranous,modification,monochasial,multicellular,needle-like,none,odour,orientation,paired,pattern,pedicel,petiole,pink,placement,pore,position,present,prickle,pseudostipule,purple,radially,rhizome,rotate,round,scale,shape,simple-entire,simple-lobed,simple-pinnatifid,smell,spot,staman,stellate,stone,structure,surface,swollen,symmetric,symmetry,sympodial,system,texture,tissue,trichome,tuber,type,unbranched,unit,vegetative,winged,xylopodia,zygomorphy
531	wfo-0001032358	success	44	43	8	32	106	82	anther,apex,base,berry,calyx,colour,cordate,corolla,filament,form,fruit,fruiting,growth,inflorescence,internodal,leaf,length,margin,membranous,mm,pedicel,petiole,present,purple,shape,shrub,stellate,stem,surface,texture,trichome,type	.1,.2,.4,.5,/2,0,0.2-4,0.5-3,0.7-1,1-2,1.3-1.7,1.5-2,13-20,15-40,2-3,2.2-7.5,3-10,3-4,3.5-13,4-4.5,4-7,4-8,4.5-5,abaxially,acute,adaxially,anthesi,appearing,armed,arrangement,bark,branched,brown,bud,capitate,center,characteristic,cm,curved,densely,diameter,entire,exertion,exserted,flattened,flower,furcate,glabrescent,glabrous,glabrousnes,globose,green,height,history,irregular,life,like,lobe,lobing,long,longer,midpoint,minutely,na,new,number,often,ovate,ovoid,pair,pale,paler,peduncle,per,perennial,pitted,planar,plant,porrect,primary,pubescent,ray,reniform,rhachi,ripening,seed,sessile,short-stalked,simple,sinuate,size,slightly,somewhat,sparsely,spreading,stigma,strongly,style,tan,time,tube,tuberculate,vein,way,x,yellowish							2.0-3.0,4.0-20.0,absent,appressed,articulation,basal,bilaterally,blue,bract,branching,breeding,broad-based,cell,connective,dichasial,difoliate,dioecious,discrete,distinct,eglandular,enlarged,flat,fleshy,fully,geminate,hair,hermaphroditic,heteromorphism,inflated,insertion,interjected,interpetalar,leaflet,leathery,lilac,lower,marking,mature,modification,multi-branched,needle-like,non-geminate,none,odour,orientation,paired,pattern,pink,placement,pore,position,present-inflorescence,present-leaf,present-stem,prickle,pseudostipule,rhizome,rotate,round,scale,simple-entire,simple-toothed,smell,spot,staman,stone,straight,structure,swollen,symmetric,symmetry,sympodial,system,tapered-lanceolate,tissue,triangular,tuber,unit,vegetative,xylopodia,yellow,zygomorphy	13.0	86.0	101.0	base,berry,calyx,cordate,internodal,membranous,mm,present,purple,shrub,stellate,stem,trichome	.1,.2,.4,.5,/2,0,0.2-4,0.5-3,0.7-1,1-2,1.3-1.7,1.5-2,13-20,15-40,2-3,2.2-7.5,3-10,3-4,3.5-13,4-4.5,4-7,4-8,4.5-5,abaxially,acute,adaxially,anthesi,appearing,armed,branched,brown,capitate,center,cm,curved,densely,diameter,entire,exserted,flattened,flower,furcate,glabrescent,glabrous,globose,green,irregular,like,lobe,long,longer,midpoint,minutely,na,often,ovate,ovoid,pair,pale,paler,per,perennial,pitted,planar,porrect,pubescent,ray,reniform,rhachi,ripening,sessile,short-stalked,simple,sinuate,slightly,somewhat,sparsely,spreading,strongly,tan,time,tube,tuberculate,way,x,yellowish	2.0-3.0,4.0-20.0,absent,anther,apex,appressed,articulation,basal,bilaterally,blue,bract,branching,breeding,broad-based,cell,colour,connective,corolla,dichasial,difoliate,dioecious,discrete,distinct,eglandular,enlarged,filament,flat,fleshy,form,fruit,fruiting,fully,geminate,growth,hair,hermaphroditic,heteromorphism,inflated,inflorescence,insertion,interjected,interpetalar,leaf,leaflet,leathery,length,lilac,lower,margin,marking,mature,modification,multi-branched,needle-like,non-geminate,none,odour,orientation,paired,pattern,pedicel,petiole,pink,placement,pore,position,present-inflorescence,present-leaf,present-stem,prickle,pseudostipule,rhizome,rotate,round,scale,shape,simple-entire,simple-toothed,smell,spot,staman,stone,straight,structure,surface,swollen,symmetric,symmetry,sympodial,system,tapered-lanceolate,texture,tissue,triangular,tuber,type,unit,vegetative,xylopodia,yellow,zygomorphy
532	wfo-0001032367	invalid_json_followup	NA	46	NA	42	93	75	5.5-6.9,acicular,anther,apex,base,berry,broad-based,calyx,colour,cordate,corolla,filament,form,fruit,fruiting,green,growth,inflorescence,interjected,leaf,leaflet,length,margin,membranous,mm,pedicel,petiole,prickle,pseudostipule,shape,shrub,simple,spreading,stellate,stem,surface,texture,triangular,truncate,type,white,yellow	0-0.3,0.4-0.5,0.5-0.8,0.5-2,0.6-0.8,0.7-1.1,0.8-2,1-1.8,1-2.1,100-300,15,2-2.5,2.2-2.5,2.2-2.8,3-6,5-18,6-8,6.8-8.2,7-10,acute,appearance,armed,arrangement,bark,border,branch,bud,capitate,characteristic,cm,conical,corrugation,dark,diameter,distal,drying,erect,exertion,flattened-reniform,free,giving,glabrous,glabrousnes,glandular-puberulent,globose,greenish,height,history,immature,lateral,life,light,lobe,lobed,lobing,long,maturity,midpoint,minute,minutely,mottled,na,nearly,new,number,obtuse,ovary,ovate,pale,papillate,peduncle,per,plant,primary,pubescent,ray,red-brown,seed,sessile,size,stigma,style,suborbicular,tapering,terminal,thicknes,tip,tube,value,variation,vein,wide,width							1.0-1.8,absent,absent-inflorescence,andromonoecious,appressed,articulation,basal,bract,branching,breeding,cell,connective,difoliate,discrete,distinct,eglandular,enlarged,flat,fleshy,geminate,glandular,hair,herb,heteromorphism,inflated,insertion,internodal,interpetalar,leathery,lower,marking,mature,modification,monochasial,multicellular,needle-like,non-geminate,none,odour,orientation,paired,pattern,placement,pore,position,present,present-inflorescence,present-leaf,present-stem,radially,random,rhizome,round,scale,simple-toothed,smell,spot,staman,stone,straight,structure,swollen,symmetric,symmetry,sympodial,system,tapered-lanceolate,tissue,trichome,tuber,unbranched,unit,vegetative,xylopodia,zygomorphy	42.0	93.0	75.0	5.5-6.9,acicular,anther,apex,base,berry,broad-based,calyx,colour,cordate,corolla,filament,form,fruit,fruiting,green,growth,inflorescence,interjected,leaf,leaflet,length,margin,membranous,mm,pedicel,petiole,prickle,pseudostipule,shape,shrub,simple,spreading,stellate,stem,surface,texture,triangular,truncate,type,white,yellow	0-0.3,0.4-0.5,0.5-0.8,0.5-2,0.6-0.8,0.7-1.1,0.8-2,1-1.8,1-2.1,100-300,15,2-2.5,2.2-2.5,2.2-2.8,3-6,5-18,6-8,6.8-8.2,7-10,acute,appearance,armed,arrangement,bark,border,branch,bud,capitate,characteristic,cm,conical,corrugation,dark,diameter,distal,drying,erect,exertion,flattened-reniform,free,giving,glabrous,glabrousnes,glandular-puberulent,globose,greenish,height,history,immature,lateral,life,light,lobe,lobed,lobing,long,maturity,midpoint,minute,minutely,mottled,na,nearly,new,number,obtuse,ovary,ovate,pale,papillate,peduncle,per,plant,primary,pubescent,ray,red-brown,seed,sessile,size,stigma,style,suborbicular,tapering,terminal,thicknes,tip,tube,value,variation,vein,wide,width	1.0-1.8,absent,absent-inflorescence,andromonoecious,appressed,articulation,basal,bract,branching,breeding,cell,connective,difoliate,discrete,distinct,eglandular,enlarged,flat,fleshy,geminate,glandular,hair,herb,heteromorphism,inflated,insertion,internodal,interpetalar,leathery,lower,marking,mature,modification,monochasial,multicellular,needle-like,non-geminate,none,odour,orientation,paired,pattern,placement,pore,position,present,present-inflorescence,present-leaf,present-stem,radially,random,rhizome,round,scale,simple-toothed,smell,spot,staman,stone,straight,structure,swollen,symmetric,symmetry,sympodial,system,tapered-lanceolate,tissue,trichome,tuber,unbranched,unit,vegetative,xylopodia,zygomorphy
533	wfo-0001032407	invalid_json_followup	NA	40	NA	40	115	77	anther,apex,base,berry,branch,calyx,cell,colour,corolla,distal,filament,forked,form,fruit,fruiting,green,growth,hair,herb,inflorescence,interjected,leaf,leaflet,length,margin,mm,ovoid,pedicel,petiole,prickle,pseudostipule,purple,shape,simple,stem,surface,terminal,texture,type,white	0-4,0.4-4,0.5-3,0.8,1-2,1-2.4,1.2-7,1.4-2.7,1.5-2.2,10-27,2-10.5,2.5-10.5,2.5-9,3.1-13.5,4-48,4-7,5,5-23,5-30,8-10,abaxially,acuminate,adaxially,arrangement,attenuate,axillary,bark,brownish,bud,capitate,cayx,characteristic,clavate,cm,coarsely,condition,conical,connivent,corrugation,covering,dark,densely,diameter,drying,elliptic,exertion,finely,flower,fresh,generally,glabrous,glabrousnes,green-white,greenish,hair-like,half,height,history,lanceolate,lateral,less,life,light,like,lobe,lobing,long,make,medium,midpoint,minute,mucilaginous,na,narrow,new,number,obtuse,odd-pinnate,orbicular,ovary,ovate,peduncle,per,plant,primary,puberulent,pubescent,rarely,ray,ripe,round,seed,sessile,size,sparsely,stigma,style,subtending,testal,thick,thicknes,throughout,tube,unwinged,usually,value,variation,vein,wall,wet,whitish,wide,width,wing,x							1.0-2.0,1/2,4.0-7.0,absent,acute,appressed,articulation,blue,bract,branching,breeding,broad-based,compound-entire,connective,cordate,cuneate,distinct,eglandular,elliptic-oblong,elongating,enlarged,flat,fleshy,fork,fully,hermaphroditic,heteromorphism,inflated,insertion,interpetalar,leathery,lilac,lower,marking,mature,membranous,modification,monochasial,multicellular,needle-like,none,odour,orientation,paired,pattern,pink,placement,plurifoliate,pore,position,present,present-pair,radially,rhizome,rotate,rounded,scale,smell,spot,staman,stellate,stone,structure,swollen,symmetric,symmetry,sympodial,system,tissue,trichome,trifoliate,truncate,tuber,unit,vegetative,xylopodia,zygomorphy	40.0	115.0	77.0	anther,apex,base,berry,branch,calyx,cell,colour,corolla,distal,filament,forked,form,fruit,fruiting,green,growth,hair,herb,inflorescence,interjected,leaf,leaflet,length,margin,mm,ovoid,pedicel,petiole,prickle,pseudostipule,purple,shape,simple,stem,surface,terminal,texture,type,white	0-4,0.4-4,0.5-3,0.8,1-2,1-2.4,1.2-7,1.4-2.7,1.5-2.2,10-27,2-10.5,2.5-10.5,2.5-9,3.1-13.5,4-48,4-7,5,5-23,5-30,8-10,abaxially,acuminate,adaxially,arrangement,attenuate,axillary,bark,brownish,bud,capitate,cayx,characteristic,clavate,cm,coarsely,condition,conical,connivent,corrugation,covering,dark,densely,diameter,drying,elliptic,exertion,finely,flower,fresh,generally,glabrous,glabrousnes,green-white,greenish,hair-like,half,height,history,lanceolate,lateral,less,life,light,like,lobe,lobing,long,make,medium,midpoint,minute,mucilaginous,na,narrow,new,number,obtuse,odd-pinnate,orbicular,ovary,ovate,peduncle,per,plant,primary,puberulent,pubescent,rarely,ray,ripe,round,seed,sessile,size,sparsely,stigma,style,subtending,testal,thick,thicknes,throughout,tube,unwinged,usually,value,variation,vein,wall,wet,whitish,wide,width,wing,x	1.0-2.0,1/2,4.0-7.0,absent,acute,appressed,articulation,blue,bract,branching,breeding,broad-based,compound-entire,connective,cordate,cuneate,distinct,eglandular,elliptic-oblong,elongating,enlarged,flat,fleshy,fork,fully,hermaphroditic,heteromorphism,inflated,insertion,interpetalar,leathery,lilac,lower,marking,mature,membranous,modification,monochasial,multicellular,needle-like,none,odour,orientation,paired,pattern,pink,placement,plurifoliate,pore,position,present,present-pair,radially,rhizome,rotate,rounded,scale,smell,spot,staman,stellate,stone,structure,swollen,symmetric,symmetry,sympodial,system,tissue,trichome,trifoliate,truncate,tuber,unit,vegetative,xylopodia,zygomorphy
534	wfo-0001032465	success	45	39	7	37	141	84	anther,apex,basal,base,berry,black,branch,calyx,colour,cordate,corolla,filament,form,fruit,fruiting,glandular,growth,inflorescence,leaf,length,lower,margin,mm,pedicel,petiole,shape,simple,stem,surface,terminal,texture,trichome,truncate,type,vine,white,woody	+,-11,.2,.5,0,0.2,0.5-1.5-5,0.5-2,0.5-2.5-5.5-9,1-1.5,1-1.7,1-3-8-14,1-5-8-10,1-celled,1.2-1.5,1.5-1.8,1.5-2,1/3,2,2-2.5,25,3-3.5,4,5,5-7,5-8,9,acuminate,acute,angled,anthesi,arrangement,articulated,axi,bark,branched,brown,bud,capitate,characteristic,clasping,cm,commonly,conical,connivent,corrugation,de,deeply,deltate,densely,diameter,distal,drying,ellipsoid,elliptic,entire,exertion,exserted,filiform,flattened,flower,glabrescent,glabrous,glabrousnes,gland,glandular-tipped,globose,green,greenish,half,height,history,included,janeiro,larger,later,lateral,leaving,life,like,lobe,lobed,lobing,long,loosely,minute,minutely,na,narrowly,new,nodding,number,often,outline,ovary,ovate,pair,papillose,peduncle,peg,per,pinnate,pinnatifid,plant,poricidal,primary,puberulent,pubescent,purplish,reddish,reniform,reticulate,revolute,rio,ripe,seed,similar,size,sleeve,sparsely,stigma,strongly,style,time,tiny,tip,transparent,tube,unicellular,uniseriate,upper,usually,variously,varying,vein,violet,way,x,yellowish,young,½							1.0-1.5,3.0-4.0,absent,appressed,articulation,blue,bract,branching,breeding,broad-based,cell,connective,coriaceous,cup-shaped,distinct,eglandular,elliptic-oblong,elongating,enlarged,fleshy,fork,forked,fully,hair,herb,hermaphroditic,heteromorphism,inflated,insertion,interjected,internodal,interpetalar,leaflet,leathery,lilac,marking,mature,membranous,modification,monochasial,multi-branched,multicellular,needle-like,none,odour,orientation,paired,pattern,pink,placement,plurifoliate,pore,position,present,prickle,pseudostipule,purple,radially,rhizome,rotate,round,scale,shrub,simple-entire,simple-lobed,simple-pinnatifid,smell,spot,staman,stellate,stone,structure,swollen,symmetric,symmetry,sympodial,system,tissue,tuber,unbranched,unit,vegetative,xylopodia,zygomorphy	22.0	119.0	99.0	basal,base,berry,black,calyx,cordate,corolla,glandular,inflorescence,leaf,length,lower,mm,simple,stem,surface,terminal,trichome,truncate,vine,white,woody	+,-11,.2,.5,0,0.2,0.5-1.5-5,0.5-2,0.5-2.5-5.5-9,1-1.5,1-1.7,1-3-8-14,1-5-8-10,1-celled,1.2-1.5,1.5-1.8,1.5-2,1/3,2,2-2.5,25,3-3.5,4,5,5-7,5-8,9,acuminate,acute,angled,anthesi,articulated,axi,branched,brown,capitate,clasping,cm,commonly,conical,connivent,de,deeply,deltate,densely,diameter,distal,drying,ellipsoid,elliptic,entire,exserted,filiform,flattened,flower,glabrescent,glabrous,gland,glandular-tipped,globose,green,greenish,half,included,janeiro,larger,later,lateral,leaving,like,lobe,lobed,long,loosely,minute,minutely,na,narrowly,nodding,often,outline,ovate,pair,papillose,peg,per,pinnate,pinnatifid,poricidal,puberulent,pubescent,purplish,reddish,reniform,reticulate,revolute,rio,ripe,similar,sleeve,sparsely,strongly,time,tiny,tip,transparent,tube,unicellular,uniseriate,upper,usually,variously,varying,violet,way,x,yellowish,young,½	1.0-1.5,3.0-4.0,absent,anther,apex,appressed,articulation,blue,bract,branch,branching,breeding,broad-based,cell,colour,connective,coriaceous,cup-shaped,distinct,eglandular,elliptic-oblong,elongating,enlarged,filament,fleshy,fork,forked,form,fruit,fruiting,fully,growth,hair,herb,hermaphroditic,heteromorphism,inflated,insertion,interjected,internodal,interpetalar,leaflet,leathery,lilac,margin,marking,mature,membranous,modification,monochasial,multi-branched,multicellular,needle-like,none,odour,orientation,paired,pattern,pedicel,petiole,pink,placement,plurifoliate,pore,position,present,prickle,pseudostipule,purple,radially,rhizome,rotate,round,scale,shape,shrub,simple-entire,simple-lobed,simple-pinnatifid,smell,spot,staman,stellate,stone,structure,swollen,symmetric,symmetry,sympodial,system,texture,tissue,tuber,type,unbranched,unit,vegetative,xylopodia,zygomorphy
535	wfo-0001032494	invalid_json_followup	NA	38	NA	33	105	70	anther,apex,base,berry,calyx,colour,corolla,filament,form,fruit,fruiting,growth,inflorescence,interjected,leaf,leaflet,length,margin,mm,pedicel,petiole,prickle,pseudostipule,shape,shrub,simple,stem,surface,texture,trichome,type,white,winged	.1,.5,0.75-1,0.8-1,0.9-1.2,1-1.5,1.45-1.5,1.5,1.5-8,1.6-2,16.5-20.5,2.3-2.5,2.4,2.5,2.5-8,3/4,5-40,5-6.4,8-11,accrescent,acuminate,alternate,anthesi,arrangement,attenuate,bark,branch,brown,bud,character,characteristic,clavate,cm,corrugation,decurrent,dia,diameter,distal,drying,exertion,exserted,flattened-reniform,flowered,furcate,glabrous,glabrousnes,globose,greenish-yellow,height,history,lateral,life,light,lobe,lobed,lobing,long,main,midpoint,minutely,na,narrowly,new,number,occasionally,opposite,ovary,ovate,ovoid,pair,pale,papillose,peduncle,per,pitted,plant,primary,ray,revolute,seed,shaped,size,slender,small,stigma,straight,style,tapering,tear-drop,terminal,thicknes,tree,triangular,tube,two-winged,uniseriate,value,variation,vein,way,whitish-green,width,x,yellow,zig-zag							0.1,4.5,absent,appressed,articulation,basal,bract,branching,breeding,broad-based,bullate,cell,connective,cuneate,difoliate,discrete,distinct,eglandular,elliptic-oblong,enlarged,flat,fleshy,forked,geminate,green,hair,heteromorphism,inflated,insertion,interpetalar,leaf-opposed,leathery,lower,marking,mature,modification,monochasial,multicellular,needle-like,none,odour,orientation,paired,pattern,placement,pore,position,present,radially,rhizome,round,scale,simple-entire,smell,spot,staman,stellate,stone,structure,swollen,symmetric,symmetry,sympodial,system,tissue,tuber,unit,vegetative,xylopodia,zygomorphy	33.0	105.0	70.0	anther,apex,base,berry,calyx,colour,corolla,filament,form,fruit,fruiting,growth,inflorescence,interjected,leaf,leaflet,length,margin,mm,pedicel,petiole,prickle,pseudostipule,shape,shrub,simple,stem,surface,texture,trichome,type,white,winged	.1,.5,0.75-1,0.8-1,0.9-1.2,1-1.5,1.45-1.5,1.5,1.5-8,1.6-2,16.5-20.5,2.3-2.5,2.4,2.5,2.5-8,3/4,5-40,5-6.4,8-11,accrescent,acuminate,alternate,anthesi,arrangement,attenuate,bark,branch,brown,bud,character,characteristic,clavate,cm,corrugation,decurrent,dia,diameter,distal,drying,exertion,exserted,flattened-reniform,flowered,furcate,glabrous,glabrousnes,globose,greenish-yellow,height,history,lateral,life,light,lobe,lobed,lobing,long,main,midpoint,minutely,na,narrowly,new,number,occasionally,opposite,ovary,ovate,ovoid,pair,pale,papillose,peduncle,per,pitted,plant,primary,ray,revolute,seed,shaped,size,slender,small,stigma,straight,style,tapering,tear-drop,terminal,thicknes,tree,triangular,tube,two-winged,uniseriate,value,variation,vein,way,whitish-green,width,x,yellow,zig-zag	0.1,4.5,absent,appressed,articulation,basal,bract,branching,breeding,broad-based,bullate,cell,connective,cuneate,difoliate,discrete,distinct,eglandular,elliptic-oblong,enlarged,flat,fleshy,forked,geminate,green,hair,heteromorphism,inflated,insertion,interpetalar,leaf-opposed,leathery,lower,marking,mature,modification,monochasial,multicellular,needle-like,none,odour,orientation,paired,pattern,placement,pore,position,present,radially,rhizome,round,scale,simple-entire,smell,spot,staman,stellate,stone,structure,swollen,symmetric,symmetry,sympodial,system,tissue,tuber,unit,vegetative,xylopodia,zygomorphy
536	wfo-0001032507	invalid_json_followup	NA	45	NA	43	98	83	acute,anther,apex,base,berry,blue,branch,calyx,colour,corolla,ellipsoid,filament,form,fruit,fruiting,green,growth,herbaceous,inflorescence,interjected,leaf,leaflet,length,margin,mm,pedicel,petiole,plurifoliate,prickle,pseudostipule,purple,recurved,rounded,shape,simple,stem,surface,terminal,texture,type,unbranched,vine,woody	.5,/4,0.25-0.8,0.3,0.5,1,1-1.5,1.3,1.5-2,1.5-7,10-20,15-20,2,2.5-4,2.5-6,3-5,4,4-10,5-10,5-8,6,8-15,abaxially,acuminate,adaxially,anthesi,appearance,arrangement,bark,branched,brown,bud,campanulate,characteristic,chartaceous,cm,compound,connivent,corrugation,diameter,distal,drying,entire,exertion,exserted,flattened-reniform,giving,glabrous,glabrousnes,globose,height,history,lateral,life,light,lobe,lobed,lobing,long,midpoint,minutely,na,narrowly,new,number,oblong,ovary,peduncle,per,perennial,pinnate,pinnately,pinnatifid,pitted,plant,primary,pulp,quadrate,rarely,ray,reddish,seed,side,size,slender,stigma,strongly,style,thicknes,tube,value,variation,variously,vein,way,white,width,×							1.0-1.4,4.0-10.0,absent,absent-inflorescence,appressed,articulation,asymmetric,basal,bract,branching,breeding,broad-based,cell,compound-entire,connective,dioecious,discrete,distinct,eglandular,enlarged,flat,fleshy,fork,forked,hair,hard,heteromorphism,inflated,insertion,interpetalar,leathery,lilac,lower,marking,mature,membranous,modification,monochasial,multi-branched,multicellular,needle-like,none,odour,orientation,ovoid,paired,pattern,pink,placement,pore,position,present,present-inflorescence,present-leaf,present-stem,radially,rhizome,rotate,scale,simple-entire,simple-lobed,simple-pinnatifid,simple-toothed,smell,spot,staman,stellate,stone,structure,swollen,symmetric,symmetry,sympodial,system,tapered-lanceolate,tissue,triangular,trichome,tuber,unit,vegetative,xylopodia,zygomorphy	43.0	98.0	83.0	acute,anther,apex,base,berry,blue,branch,calyx,colour,corolla,ellipsoid,filament,form,fruit,fruiting,green,growth,herbaceous,inflorescence,interjected,leaf,leaflet,length,margin,mm,pedicel,petiole,plurifoliate,prickle,pseudostipule,purple,recurved,rounded,shape,simple,stem,surface,terminal,texture,type,unbranched,vine,woody	.5,/4,0.25-0.8,0.3,0.5,1,1-1.5,1.3,1.5-2,1.5-7,10-20,15-20,2,2.5-4,2.5-6,3-5,4,4-10,5-10,5-8,6,8-15,abaxially,acuminate,adaxially,anthesi,appearance,arrangement,bark,branched,brown,bud,campanulate,characteristic,chartaceous,cm,compound,connivent,corrugation,diameter,distal,drying,entire,exertion,exserted,flattened-reniform,giving,glabrous,glabrousnes,globose,height,history,lateral,life,light,lobe,lobed,lobing,long,midpoint,minutely,na,narrowly,new,number,oblong,ovary,peduncle,per,perennial,pinnate,pinnately,pinnatifid,pitted,plant,primary,pulp,quadrate,rarely,ray,reddish,seed,side,size,slender,stigma,strongly,style,thicknes,tube,value,variation,variously,vein,way,white,width,×	1.0-1.4,4.0-10.0,absent,absent-inflorescence,appressed,articulation,asymmetric,basal,bract,branching,breeding,broad-based,cell,compound-entire,connective,dioecious,discrete,distinct,eglandular,enlarged,flat,fleshy,fork,forked,hair,hard,heteromorphism,inflated,insertion,interpetalar,leathery,lilac,lower,marking,mature,membranous,modification,monochasial,multi-branched,multicellular,needle-like,none,odour,orientation,ovoid,paired,pattern,pink,placement,pore,position,present,present-inflorescence,present-leaf,present-stem,radially,rhizome,rotate,scale,simple-entire,simple-lobed,simple-pinnatifid,simple-toothed,smell,spot,staman,stellate,stone,structure,swollen,symmetric,symmetry,sympodial,system,tapered-lanceolate,tissue,triangular,trichome,tuber,unit,vegetative,xylopodia,zygomorphy
537	wfo-0001032523	invalid_json_followup	NA	43	NA	39	111	80	0.6-0.8,acute,anther,apex,base,berry,branch,calyx,colour,corolla,cuneate,filament,form,fruit,fruiting,growth,inflated,inflorescence,interjected,leaf,leaflet,length,margin,membranous,mm,orange,pedicel,petiole,prickle,pseudostipule,red,shape,shrub,stem,straight,surface,terminal,texture,type	-2,-5,.2,.5,/4,0.1-0.2,0.3-0.5,0.4-1,0.6-0.7,1-1.5,1-3,1.3-1.6,1.5-3,10-50,2-2.4,2-4,2-5.5,2.7-3,3-15,5-20,6-10,6-8,abaxially,acuminate,apart,apically,apparently,appearance,arrangement,bark,brown,bud,characteristic,cm,conical,curved,deltate,diameter,discolorous,distal,drying,dull,elliptic,entire,erect,evenly,exertion,filiform,flattened-reniform,gently,giving,glabrescent,glabrous,glabrousnes,green,height,history,lateral,life,lobe,lobing,long,maturity,mauve,midpoint,moderately,na,new,number,older,orange-brown,ovary,ovate,pair,pale,peduncle,per,perennial,plant,poricidal,prickly,primary,ray,recurved,red-brown,seed,simple,size,sometimes,spaced,sparsely,spherical,stellate-pubescent,stigma,strongly,style,subentire,tapering,thicknes,tip,tube,unarmed,value,variation,vein,way,weakly,wide,width,yellow,young							3.5-4.0,absent,absent-inflorescence,absent-leaf,appressed,articulation,basal,blue,bract,branching,breeding,broad-based,cell,connective,dichasial,discrete,distinct,eglandular,enlarged,flat,fleshy,fork,forked,fully,hair,hermaphroditic,heteromorphism,insertion,internodal,interpetalar,leathery,lilac,lower,marking,mature,modification,multi-branched,needle-like,none,odour,orientation,paired,pattern,pink,placement,plurifoliate,pore,position,present,present-leaf,present-stem,purple,radially,rhizome,round,scale,simple-entire,simple-toothed,smell,spot,staman,stellate,stone,structure,swollen,symmetric,symmetry,sympodial,system,tapered-lanceolate,tissue,triangular,trichome,tuber,unit,vegetative,vine,woody,xylopodia,zygomorphy	39.0	111.0	80.0	0.6-0.8,acute,anther,apex,base,berry,branch,calyx,colour,corolla,cuneate,filament,form,fruit,fruiting,growth,inflated,inflorescence,interjected,leaf,leaflet,length,margin,membranous,mm,orange,pedicel,petiole,prickle,pseudostipule,red,shape,shrub,stem,straight,surface,terminal,texture,type	-2,-5,.2,.5,/4,0.1-0.2,0.3-0.5,0.4-1,0.6-0.7,1-1.5,1-3,1.3-1.6,1.5-3,10-50,2-2.4,2-4,2-5.5,2.7-3,3-15,5-20,6-10,6-8,abaxially,acuminate,apart,apically,apparently,appearance,arrangement,bark,brown,bud,characteristic,cm,conical,curved,deltate,diameter,discolorous,distal,drying,dull,elliptic,entire,erect,evenly,exertion,filiform,flattened-reniform,gently,giving,glabrescent,glabrous,glabrousnes,green,height,history,lateral,life,lobe,lobing,long,maturity,mauve,midpoint,moderately,na,new,number,older,orange-brown,ovary,ovate,pair,pale,peduncle,per,perennial,plant,poricidal,prickly,primary,ray,recurved,red-brown,seed,simple,size,sometimes,spaced,sparsely,spherical,stellate-pubescent,stigma,strongly,style,subentire,tapering,thicknes,tip,tube,unarmed,value,variation,vein,way,weakly,wide,width,yellow,young	3.5-4.0,absent,absent-inflorescence,absent-leaf,appressed,articulation,basal,blue,bract,branching,breeding,broad-based,cell,connective,dichasial,discrete,distinct,eglandular,enlarged,flat,fleshy,fork,forked,fully,hair,hermaphroditic,heteromorphism,insertion,internodal,interpetalar,leathery,lilac,lower,marking,mature,modification,multi-branched,needle-like,none,odour,orientation,paired,pattern,pink,placement,plurifoliate,pore,position,present,present-leaf,present-stem,purple,radially,rhizome,round,scale,simple-entire,simple-toothed,smell,spot,staman,stellate,stone,structure,swollen,symmetric,symmetry,sympodial,system,tapered-lanceolate,tissue,triangular,trichome,tuber,unit,vegetative,vine,woody,xylopodia,zygomorphy
538	wfo-0001032524	success	42	40	9	38	81	76	acute,anther,apex,base,berry,branch,calyx,colour,corolla,distal,filament,forked,form,fruit,fruiting,green,growth,herb,inflorescence,interjected,leaf,leaflet,length,lilac,margin,mm,pedicel,petiole,prickle,pseudostipule,purple,rounded,shape,stem,surface,terminal,texture,type	1-2,1-2.5,1.5-2,1.5-4,10-35,12-13,14-50,2-3,2-5,2.5-8,25-90,3-8.5,3.5-4.5,4.5-8,6-16.5,7-8,appearance,arrangement,axillary,bark,border,bud,capitate,characteristic,clavate,cm,corrugation,cuneate,densely,diameter,drying,elliptic,exertion,generally,giving,glabrous,glabrousnes,globose,grayish-green,greenish,half,height,history,lanceolate,lateral,life,light,lobe,lobing,midpoint,mucilaginous,na,narrowly,new,number,obtuse,odd-pinnate,ovary,ovate,ovoid,peduncle,per,plant,primary,pubescent,ray,seed,size,stigma,style,subtending,thicknes,tube,unwinged,usually,variation,vein,violet,whitish,width,x							1.0-2.0,1/2,7.0-8.0,absent,appressed,articulation,blue,bract,branching,breeding,broad-based,cell,compound-entire,connective,cordate,distinct,eglandular,elliptic-oblong,elongating,enlarged,flat,fleshy,fork,fully,hair,hermaphroditic,heteromorphism,inflated,insertion,interpetalar,leathery,lower,marking,mature,membranous,modification,monochasial,multicellular,needle-like,none,odour,orientation,paired,pattern,pink,placement,plurifoliate,pore,position,present,present-pair,radially,rhizome,rotate,round,scale,simple,smell,spot,staman,stellate,stone,structure,swollen,symmetric,symmetry,sympodial,system,tissue,trichome,trifoliate,tuber,unit,vegetative,xylopodia,zygomorphy	11.0	47.0	103.0	acute,berry,distal,forked,green,herb,lilac,mm,purple,rounded,terminal	1-2,1-2.5,1.5-2,1.5-4,10-35,12-13,14-50,2-3,2-5,2.5-8,25-90,3-8.5,3.5-4.5,4.5-8,6-16.5,7-8,axillary,bud,capitate,clavate,cm,cuneate,densely,elliptic,generally,glabrous,globose,grayish-green,greenish,half,lanceolate,light,mucilaginous,na,narrowly,obtuse,odd-pinnate,ovate,ovoid,plant,pubescent,subtending,unwinged,usually,violet,whitish,x	1.0-2.0,1/2,7.0-8.0,absent,anther,apex,appressed,articulation,base,blue,bract,branch,branching,breeding,broad-based,calyx,cell,colour,compound-entire,connective,cordate,corolla,distinct,eglandular,elliptic-oblong,elongating,enlarged,filament,flat,fleshy,fork,form,fruit,fruiting,fully,growth,hair,hermaphroditic,heteromorphism,inflated,inflorescence,insertion,interjected,interpetalar,leaf,leaflet,leathery,length,lower,margin,marking,mature,membranous,modification,monochasial,multicellular,needle-like,none,odour,orientation,paired,pattern,pedicel,petiole,pink,placement,plurifoliate,pore,position,present,present-pair,prickle,pseudostipule,radially,rhizome,rotate,round,scale,shape,simple,smell,spot,staman,stellate,stem,stone,structure,surface,swollen,symmetric,symmetry,sympodial,system,texture,tissue,trichome,trifoliate,tuber,type,unit,vegetative,xylopodia,zygomorphy
539	wfo-0001032532	success	41	40	8	37	84	80	acute,anther,apex,base,branch,calyx,colour,corolla,cuneate,distal,filament,form,fruit,fruiting,green,growth,inflorescence,interjected,leaf,leaflet,length,margin,mm,monochasial,ovoid,pedicel,petiole,prickle,pseudostipule,purple,rotate,shape,stem,surface,terminal,texture,type	0-2,0.3-2.5,1-4,1.5-2.6,1.5-3.2,1.5-4.3,13-52,15-30,2-10,2-13,2.8-3.6,2.8-9.5,3-10,3.4-12.2,3.7-10,4-5.5,6,6-22,acuminate,appearance,arrangement,articulate,bark,border,branched,bud,characteristic,cm,coarsely,conical,corrugation,cyme,deep,diameter,dichasial,dichasially,drying,ebracteate,elliptical,exertion,finely,giving,glabrousnes,globose,green-white,height,herbaceous,history,lateral,life,light,lobe,lobing,long,long-attenuate,medium,midpoint,mucilaginous,na,new,number,oblique,odd-pinnate,ovary,ovate,peduncle,per,perennial,plant,primary,pubescent,ray,rounded,seed,size,stigma,straight,style,thicknes,tube,variation,vein,wide,width							1.0-4.0,1/2,1/4-1/2,4.0-5.5,absent,appressed,articulation,asymmetric,basal,berry,blue,bract,branching,breeding,broad-based,cell,compound-entire,connective,distinct,eglandular,elliptic-oblong,elongating,enlarged,flat,fleshy,fork,forked,fully,hair,herb,hermaphroditic,heteromorphism,inflated,insertion,interpetalar,leathery,lilac,lower,marking,mature,membranous,modification,multi-branched,multicellular,needle-like,none,odour,orientation,paired,pattern,pink,placement,plurifoliate,pore,position,present,present-pair,radially,rhizome,scale,simple,smell,spot,staman,stellate,stone,structure,swollen,symmetric,symmetry,sympodial,system,tissue,trichome,trifoliate,tuber,unit,vegetative,xylopodia,zygomorphy	8.0	49.0	109.0	acute,cuneate,green,mm,monochasial,ovoid,purple,rotate	0-2,0.3-2.5,1-4,1.5-2.6,1.5-3.2,1.5-4.3,13-52,15-30,2-10,2-13,2.8-3.6,2.8-9.5,3-10,3.4-12.2,3.7-10,4-5.5,6,6-22,acuminate,articulate,branched,cm,coarsely,conical,cyme,deep,dichasial,dichasially,ebracteate,elliptical,finely,globose,green-white,herbaceous,light,lobe,long,long-attenuate,medium,mucilaginous,na,oblique,odd-pinnate,ovate,perennial,pubescent,rounded,straight,wide	1.0-4.0,1/2,1/4-1/2,4.0-5.5,absent,anther,apex,appressed,articulation,asymmetric,basal,base,berry,blue,bract,branch,branching,breeding,broad-based,calyx,cell,colour,compound-entire,connective,corolla,distal,distinct,eglandular,elliptic-oblong,elongating,enlarged,filament,flat,fleshy,fork,forked,form,fruit,fruiting,fully,growth,hair,herb,hermaphroditic,heteromorphism,inflated,inflorescence,insertion,interjected,interpetalar,leaf,leaflet,leathery,length,lilac,lower,margin,marking,mature,membranous,modification,multi-branched,multicellular,needle-like,none,odour,orientation,paired,pattern,pedicel,petiole,pink,placement,plurifoliate,pore,position,present,present-pair,prickle,pseudostipule,radially,rhizome,scale,shape,simple,smell,spot,staman,stellate,stem,stone,structure,surface,swollen,symmetric,symmetry,sympodial,system,terminal,texture,tissue,trichome,trifoliate,tuber,type,unit,vegetative,xylopodia,zygomorphy
540	wfo-0001032536	invalid_json_followup	NA	41	NA	39	126	79	anther,apex,appressed,base,berry,broad-based,calyx,colour,corolla,depressed,filament,form,fruit,fruiting,growth,inflorescence,interjected,leaf,leaf-opposed,leaflet,length,margin,membranous,mm,pedicel,petiole,prickle,pseudostipule,purple,shape,stellate,stem,surface,texture,tree,trichome,truncate,type,white	/3,0.5,1,1-2.5,1.3-2.2,10,10-30,100,14-16,2-3,2.5-3,20-22,20-50,3-3.5,4-6,4-9,5,5-8,5.5-8,7-10,<,>,abruptly,acute,age,almost,anthesi,armed,arrangement,bark,basal-most,branch,bright,bristle,bristly,brown,bud,capitate,caudate,characteristic,chartaceous,clavate,cm,conical,corrugation,curved,dark,deeply,densely,diameter,distal,drying,elliptic,entire,exertion,fading,flattened,glabrous,glabrousnes,glandular,globose,grayish,height,history,lateral,life,lob,lobe,lobed,lobing,long,maturity,midpoint,minute,minutely,mixture,multiseriate,na,narrowing,near,new,number,oblique,olive-green,once-branched,ovary,papillae,papillate,part,peduncle,per,perennial,plant,poricidal,porrect,prickly,primary,pubescent,ray,reddish,reniform,seed,simple,size,slightly,small,somewhat,sparsely,spreading,stigma,style,tapering,terete,terminal,thicknes,tip,tube,unarmed,value,variation,vein,way,wide,width,yellow-green,yellowish							14.0-16.0,2.0-3.0,absent,andromonoecious,articulation,asymmetric,basal,blue,bract,branching,breeding,cell,connective,coriaceous,cuneate,difoliate,discrete,distinct,eglandular,enlarged,flat,forked,geminate,green,hair,hard,heteromorphism,inflated,insertion,internodal,interpetalar,lilac,lower,marking,mature,modification,monochasial,needle-like,non-geminate,none,odour,orientation,paired,pattern,pink,placement,pore,position,present,present-stem,radially,rhizome,rotate,round,scale,simple-entire,simple-lobed,simple-toothed,smell,spot,staman,stone,structure,swollen,symmetric,symmetry,sympodial,system,tapered-lanceolate,thickened,tissue,triangular,tuber,unbranched,unit,vegetative,xylopodia,yellow,zygomorphy	39.0	126.0	79.0	anther,apex,appressed,base,berry,broad-based,calyx,colour,corolla,depressed,filament,form,fruit,fruiting,growth,inflorescence,interjected,leaf,leaf-opposed,leaflet,length,margin,membranous,mm,pedicel,petiole,prickle,pseudostipule,purple,shape,stellate,stem,surface,texture,tree,trichome,truncate,type,white	/3,0.5,1,1-2.5,1.3-2.2,10,10-30,100,14-16,2-3,2.5-3,20-22,20-50,3-3.5,4-6,4-9,5,5-8,5.5-8,7-10,<,>,abruptly,acute,age,almost,anthesi,armed,arrangement,bark,basal-most,branch,bright,bristle,bristly,brown,bud,capitate,caudate,characteristic,chartaceous,clavate,cm,conical,corrugation,curved,dark,deeply,densely,diameter,distal,drying,elliptic,entire,exertion,fading,flattened,glabrous,glabrousnes,glandular,globose,grayish,height,history,lateral,life,lob,lobe,lobed,lobing,long,maturity,midpoint,minute,minutely,mixture,multiseriate,na,narrowing,near,new,number,oblique,olive-green,once-branched,ovary,papillae,papillate,part,peduncle,per,perennial,plant,poricidal,porrect,prickly,primary,pubescent,ray,reddish,reniform,seed,simple,size,slightly,small,somewhat,sparsely,spreading,stigma,style,tapering,terete,terminal,thicknes,tip,tube,unarmed,value,variation,vein,way,wide,width,yellow-green,yellowish	14.0-16.0,2.0-3.0,absent,andromonoecious,articulation,asymmetric,basal,blue,bract,branching,breeding,cell,connective,coriaceous,cuneate,difoliate,discrete,distinct,eglandular,enlarged,flat,forked,geminate,green,hair,hard,heteromorphism,inflated,insertion,internodal,interpetalar,lilac,lower,marking,mature,modification,monochasial,needle-like,non-geminate,none,odour,orientation,paired,pattern,pink,placement,pore,position,present,present-stem,radially,rhizome,rotate,round,scale,simple-entire,simple-lobed,simple-toothed,smell,spot,staman,stone,structure,swollen,symmetric,symmetry,sympodial,system,tapered-lanceolate,thickened,tissue,triangular,tuber,unbranched,unit,vegetative,xylopodia,yellow,zygomorphy
541	wfo-0001032542	success	42	38	6	33	84	71	acute,anther,apex,base,berry,calyx,colour,corolla,dendritic,difoliate,filament,form,fruit,fruiting,geminate,green,growth,inflorescence,leaf,length,margin,mm,pedicel,petiole,shape,shrub,stem,surface,sympodial,texture,trichome,type,unit	/4,0.25,0.5-1,0.7-1,1-1.3,1-1.5,1-5,10-15-flowered,10-28,2-3,3-4,4-9.5,4.5-5,5-8,acuminate,adaxially,arrangement,attenuate,bark,bluish-green,branch,bright,brown,bud,capitate,characteristic,cm,conical,corrugation,dark,deflexed,densely,dia,diameter,drying,elliptic,elliptic-obovate,exertion,exserted,flattened-reniform,glabrous,glabrousnes,globose,golden,height,history,incrassate,later,less,life,lobing,long,minutely,na,new,opposite,ovary,peduncle,perennial,pitted,plant,primary,pubescent,reddish-brown,seed,shaped,shining,simple,size,slender,small,stigma,strongly,style,tear-drop,treelet,tube,vein,way,wide,x,yellow-green,yellowish,young							0.01,2.0-3.5,absent,appressed,articulation,basal,blue,bract,branched,branching,breeding,broad-based,cell,connective,cuneate,discrete,distinct,elliptic-oblong,enlarged,flat,fleshy,hair,heteromorphism,inflated,insertion,interjected,interpetalar,leaf-opposed,leaflet,leathery,lower,marking,mature,membranous,modification,monochasial,needle-like,none,odour,orientation,paired,pattern,placement,pore,position,present,prickle,pseudostipule,radially,rhizome,round,scale,simple-entire,smell,spot,staman,stellate,stone,structure,swollen,symmetric,symmetry,system,tissue,tree,tuber,unbranched,vegetative,white,xylopodia,zygomorphy	16.0	60.0	88.0	acute,apex,base,berry,calyx,dendritic,difoliate,geminate,green,leaf,margin,mm,shrub,sympodial,trichome,unit	/4,0.25,0.5-1,0.7-1,1-1.3,1-1.5,1-5,10-15-flowered,10-28,2-3,3-4,4-9.5,4.5-5,5-8,acuminate,adaxially,attenuate,bluish-green,bright,brown,capitate,cm,conical,dark,deflexed,densely,dia,elliptic,elliptic-obovate,exserted,flattened-reniform,glabrous,globose,golden,incrassate,later,less,long,minutely,na,opposite,perennial,pitted,pubescent,reddish-brown,shaped,shining,simple,slender,small,strongly,tear-drop,treelet,tube,way,wide,x,yellow-green,yellowish,young	0.01,2.0-3.5,absent,anther,appressed,articulation,basal,blue,bract,branched,branching,breeding,broad-based,cell,colour,connective,corolla,cuneate,discrete,distinct,elliptic-oblong,enlarged,filament,flat,fleshy,form,fruit,fruiting,growth,hair,heteromorphism,inflated,inflorescence,insertion,interjected,interpetalar,leaf-opposed,leaflet,leathery,length,lower,marking,mature,membranous,modification,monochasial,needle-like,none,odour,orientation,paired,pattern,pedicel,petiole,placement,pore,position,present,prickle,pseudostipule,radially,rhizome,round,scale,shape,simple-entire,smell,spot,staman,stellate,stem,stone,structure,surface,swollen,symmetric,symmetry,system,texture,tissue,tree,tuber,type,unbranched,vegetative,white,xylopodia,zygomorphy
542	wfo-0001032564	success	42	37	6	34	106	69	anther,apex,base,berry,calyx,colour,corolla,filament,form,fruit,fruiting,green,growth,inflorescence,interjected,leaf,leaflet,length,margin,mm,pedicel,petiole,prickle,pseudostipule,shape,shrub,simple,stem,surface,texture,trichome,truncate,type,unifoliate	.05-0.1,.1,.5,0.25-0.5,0.3-1,1-1.3,1-1.5,1-2,1.3-2.5,1.5,2-2.5,4-5,4-6-flowered,5.5-9,6-7,8-9,along,appearance,arched,arrangement,bark,becoming,beneath,border,branch,broadly,brown,bud,characteristic,clavate,cm,conical,corrugation,dark,deflexed,densely,dia,diameter,distal,dry,drying,elliptic,exertion,exserted,filiform,flattened,fresh,giving,glabrous,glabrousnes,globose,greenish-white,greyish-red,height,history,lateral,life,lobe,lobed,lobing,long,long-acuminate,main,material,midpoint,minutely,na,narrowly,nearly,new,number,ovary,ovate,ovoid-reniform,pair,papillose,peduncle,per,perennial,pitted,plant,primary,puberulent,ray,ripe,seed,shaped,shiny,size,soon,stigma,style,tan,tear-drop,terminal,thicknes,thread-like,tube,uniseriate,variation,vein,width,winged,x,yellowish-green,young							1.0-1.2,absent,appressed,articulation,basal,bract,branching,breeding,broad-based,cell,connective,difoliate,discrete,distinct,eglandular,elliptic-oblong,enlarged,flat,fleshy,geminate,hair,heteromorphism,inflated,insertion,interpetalar,leaf-opposed,leathery,lower,marking,mature,membranous,modification,monochasial,multicellular,needle-like,none,odour,orientation,paired,pattern,placement,pore,position,present,radially,rhizome,round,scale,simple-entire,smell,spot,staman,stellate,stone,structure,swollen,symmetric,symmetry,sympodial,system,tissue,tuber,unbranched,unit,vegetative,white,xylopodia,yellow,zygomorphy	11.0	69.0	92.0	base,berry,calyx,green,leaf,mm,shrub,simple,trichome,truncate,unifoliate	.05-0.1,.1,.5,0.25-0.5,0.3-1,1-1.3,1-1.5,1-2,1.3-2.5,1.5,2-2.5,4-5,4-6-flowered,5.5-9,6-7,8-9,along,arched,becoming,beneath,broadly,brown,clavate,cm,conical,dark,deflexed,densely,dia,dry,elliptic,exserted,filiform,flattened,fresh,glabrous,globose,greenish-white,greyish-red,lateral,lobed,long,long-acuminate,main,material,minutely,na,narrowly,nearly,ovate,ovoid-reniform,pair,papillose,perennial,pitted,puberulent,ripe,shaped,shiny,soon,tan,tear-drop,thread-like,uniseriate,vein,winged,x,yellowish-green,young	1.0-1.2,absent,anther,apex,appressed,articulation,basal,bract,branching,breeding,broad-based,cell,colour,connective,corolla,difoliate,discrete,distinct,eglandular,elliptic-oblong,enlarged,filament,flat,fleshy,form,fruit,fruiting,geminate,growth,hair,heteromorphism,inflated,inflorescence,insertion,interjected,interpetalar,leaf-opposed,leaflet,leathery,length,lower,margin,marking,mature,membranous,modification,monochasial,multicellular,needle-like,none,odour,orientation,paired,pattern,pedicel,petiole,placement,pore,position,present,prickle,pseudostipule,radially,rhizome,round,scale,shape,simple-entire,smell,spot,staman,stellate,stem,stone,structure,surface,swollen,symmetric,symmetry,sympodial,system,texture,tissue,tuber,type,unbranched,unit,vegetative,white,xylopodia,yellow,zygomorphy
543	wfo-0001032569	success	50	38	8	36	100	67	acute,anther,apex,base,berry,branched,bullate,calyx,colour,corolla,dendritic,filament,form,fruit,fruiting,green,growth,inflorescence,interjected,leaf,leaflet,length,margin,mm,pedicel,petiole,prickle,pseudostipule,shape,shrub,stem,surface,texture,trichome,type,white	.5,/3,0.5-10,0.8-1,1-1.2,1-2,1-4,1.2-5,1.5-2,1.7-2,2-3,4-18,5-6,7-27,7-9,alternate,appearance,arrangement,bark,bilobed,border,branch,broadly,brown,bud,characteristic,cm,conical,corrugated,corrugation,dark,decurrent,deflexed,densely,dia,diameter,distal,dry,drying,ellipsoid,elliptic,erect,exertion,exserted,flattened,giving,glabrous,glabrousnes,globose,gray,height,history,irregularly,later,lateral,life,lobe,lobed,lobing,main,matted,midpoint,minutely,na,new,number,occasionally,onto,ovary,ovate,pair,papillose,peduncle,per,pitted,plant,primary,pubescent,ray,reniform,seed,shaped,simple,size,somewhat,splitting,stigma,strongly,style,tear-drop,terminal,thick,thicknes,triangular,tube,variation,vein,way,width,x							0.5,5.0-6.0,absent,appressed,articulation,basal,bract,branching,breeding,broad-based,cell,connective,difoliate,discrete,distinct,elliptic-oblong,enlarged,flat,fleshy,forked,geminate,hair,heteromorphism,inflated,insertion,interpetalar,leaf-opposed,leathery,lower,marking,mature,modification,monochasial,needle-like,none,odour,orientation,paired,pattern,placement,pore,position,present,radially,rhizome,round,scale,simple-entire,smell,spot,staman,stellate,stone,structure,swollen,symmetric,symmetry,sympodial,system,tissue,tuber,unbranched,unit,vegetative,winged,xylopodia,zygomorphy	14.0	64.0	89.0	acute,apex,base,berry,branched,bullate,calyx,dendritic,green,mm,petiole,shrub,trichome,white	.5,/3,0.5-10,0.8-1,1-1.2,1-2,1-4,1.2-5,1.5-2,1.7-2,2-3,4-18,5-6,7-27,7-9,alternate,bilobed,broadly,brown,cm,conical,corrugated,dark,decurrent,deflexed,densely,dia,dry,ellipsoid,elliptic,erect,exserted,flattened,glabrous,globose,gray,irregularly,later,lateral,lobed,main,matted,minutely,na,occasionally,onto,ovate,pair,papillose,pitted,pubescent,reniform,shaped,simple,somewhat,splitting,strongly,tear-drop,thick,triangular,tube,vein,way,x	0.5,5.0-6.0,absent,anther,appressed,articulation,basal,bract,branching,breeding,broad-based,cell,colour,connective,corolla,difoliate,discrete,distinct,elliptic-oblong,enlarged,filament,flat,fleshy,forked,form,fruit,fruiting,geminate,growth,hair,heteromorphism,inflated,inflorescence,insertion,interjected,interpetalar,leaf,leaf-opposed,leaflet,leathery,length,lower,margin,marking,mature,modification,monochasial,needle-like,none,odour,orientation,paired,pattern,pedicel,placement,pore,position,present,prickle,pseudostipule,radially,rhizome,round,scale,shape,simple-entire,smell,spot,staman,stellate,stem,stone,structure,surface,swollen,symmetric,symmetry,sympodial,system,texture,tissue,tuber,type,unbranched,unit,vegetative,winged,xylopodia,zygomorphy
544	wfo-0001032576	invalid_json_followup	NA	43	NA	44	125	82	anther,apex,base,berry,branch,calyx,cell,colour,corolla,cuneate,ellipsoid,filament,form,fruit,fruiting,glandular,growth,hair,herb,inflorescence,interjected,leaf,leaflet,length,margin,membranous,mm,pedicel,petiole,prickle,pseudostipule,purple,red,shape,shrub,stellate,stem,straight,surface,terminal,texture,trichome,type,white	/5,0-5,0.1-0.15,0.3-0.5,0.3-0.7,0.5-1,0.5-2,0.5-4,0.8-1.2,0.8-1.4,0.8-2,1.2-1.8,1.5-2,1.5-2.3,1.5-7.5,1.8-2.5,1/3,15-30,2-10,2-4,3-14,4,4-6,4-6.5,abaxially,acuminate,acute,apart,apically,apparently,arrangement,articulated,bark,bright,brown,brown-green,bud,characteristic,chartaceous,cm,conical,curved,deltate,densely,diameter,distal,dull,entire,erect,evenly,exertion,flattened,flattened-reniform,glabrescent,glabrous,glabrousnes,gray,green,height,history,lanceolate,lateral,life,lobe,lobed,lobing,long,maturity,midpoint,minutely,moderately,na,near,new,number,obtuse,often,orange-brown,outline,ovary,ovate,pair,pale,peduncle,per,pit,plant,poricidal,prickly,primary,raised,ray,red-green,reflexed,reticulate,scandent,seed,shiny,simple,size,slightly,small,sometimes,spaced,sparsely,spherical,spreading,stellate-pubescent,stigma,style,tapering,thicknes,tip,tube,upper,value,variation,vein,way,wide,width,yellow,yellow-green,yellow-orange,young							0.5-2.0,4.0-6.5,absent,absent-inflorescence,absent-leaf,appressed,articulation,asymmetric,basal,blue,bract,branching,breeding,broad-based,connective,dichasial,difoliate,discrete,distinct,eglandular,enlarged,flat,fleshy,fork,fully,herbaceous,hermaphroditic,heteromorphism,inflated,insertion,internodal,interpetalar,leathery,lilac,lower,marking,mature,modification,needle-like,non-geminate,none,odour,orange,orientation,paired,pattern,pink,placement,pore,position,present,present-inflorescence,present-leaf,present-stem,radially,recurved,rhizome,round,scale,simple-entire,simple-lobed,smell,spot,staman,stone,structure,swollen,symmetric,symmetry,sympodial,system,tapered-lanceolate,tissue,triangular,tuber,unbranched,unit,vegetative,vine,woody,xylopodia,zygomorphy	44.0	125.0	82.0	anther,apex,base,berry,branch,calyx,cell,colour,corolla,cuneate,ellipsoid,filament,form,fruit,fruiting,glandular,growth,hair,herb,inflorescence,interjected,leaf,leaflet,length,margin,membranous,mm,pedicel,petiole,prickle,pseudostipule,purple,red,shape,shrub,stellate,stem,straight,surface,terminal,texture,trichome,type,white	/5,0-5,0.1-0.15,0.3-0.5,0.3-0.7,0.5-1,0.5-2,0.5-4,0.8-1.2,0.8-1.4,0.8-2,1.2-1.8,1.5-2,1.5-2.3,1.5-7.5,1.8-2.5,1/3,15-30,2-10,2-4,3-14,4,4-6,4-6.5,abaxially,acuminate,acute,apart,apically,apparently,arrangement,articulated,bark,bright,brown,brown-green,bud,characteristic,chartaceous,cm,conical,curved,deltate,densely,diameter,distal,dull,entire,erect,evenly,exertion,flattened,flattened-reniform,glabrescent,glabrous,glabrousnes,gray,green,height,history,lanceolate,lateral,life,lobe,lobed,lobing,long,maturity,midpoint,minutely,moderately,na,near,new,number,obtuse,often,orange-brown,outline,ovary,ovate,pair,pale,peduncle,per,pit,plant,poricidal,prickly,primary,raised,ray,red-green,reflexed,reticulate,scandent,seed,shiny,simple,size,slightly,small,sometimes,spaced,sparsely,spherical,spreading,stellate-pubescent,stigma,style,tapering,thicknes,tip,tube,upper,value,variation,vein,way,wide,width,yellow,yellow-green,yellow-orange,young	0.5-2.0,4.0-6.5,absent,absent-inflorescence,absent-leaf,appressed,articulation,asymmetric,basal,blue,bract,branching,breeding,broad-based,connective,dichasial,difoliate,discrete,distinct,eglandular,enlarged,flat,fleshy,fork,fully,herbaceous,hermaphroditic,heteromorphism,inflated,insertion,internodal,interpetalar,leathery,lilac,lower,marking,mature,modification,needle-like,non-geminate,none,odour,orange,orientation,paired,pattern,pink,placement,pore,position,present,present-inflorescence,present-leaf,present-stem,radially,recurved,rhizome,round,scale,simple-entire,simple-lobed,smell,spot,staman,stone,structure,swollen,symmetric,symmetry,sympodial,system,tapered-lanceolate,tissue,triangular,tuber,unbranched,unit,vegetative,vine,woody,xylopodia,zygomorphy
545	wfo-0001032595	success	33	38	7	40	101	78	anther,apex,base,branch,calyx,colour,cordate,corolla,eglandular,filament,fork,forked,form,fruit,fusiform,glandular,growth,hair,inflorescence,leaf,leaf-opposed,length,margin,mature,mm,pedicel,petiole,prickle,shape,shrub,simple,stellate,stem,surface,texture,tree,truncate,type,unbranched,yellow	0-0.5-3.5,0.5-1,1-2,1-3,1.5-2,1.5-2.5,1.5-4.5,1.5-5,15-25,15-40,2-4,25-40,3-10,3-12-25,3-4,4-7,5-6,6-7,abaxial,acuminate,acute,adaxial,along,also,apical,appearance,arrangement,bark,basal,border,branched,brownish-purple,bud,characteristic,cm,connivent,corrugation,cream,deeply,densely,diameter,drying,dull,ellipsoidal,entire,exertion,finely,flattened,flower,giving,glabrous,glabrousnes,gland,greenish,height,history,lanceolate,lateral,life,lobe,lobing,long,loosely,midpoint,moderately,na,new,oblique,often,ovary,ovate,ovoid,pale,peduncle,perennial,pilose,plant,prominent,pseudohair,puberulent,pubescent,purplish,rarely,ray,reniform,rugulose,seed,size,small,sparsely,stigma,style,subcoriaceous,tube,two,variation,vein,violet,white,width,x							2.0-4.0,4.0-5.0,absent,appressed,articulation,berry,blue,bract,branching,breeding,broad-based,cell,connective,coriaceous,dendritic,discrete,distinct,ellipsoid,enlarged,flat,fleshy,fruiting,fully,green,hermaphroditic,heteromorphism,inflated,insertion,interjected,internodal,interpetalar,leaflet,leathery,lilac,lower,marking,modification,multi-branched,multicellular,near-basal,needle-like,none,odour,orientation,paired,pattern,pink,placement,plurifoliate,pore,position,present,pseudostipule,purple,radially,rhizome,scale,simple-entire,smell,spot,staman,stone,structure,swollen,symmetric,symmetry,sympodial,system,tapered-lanceolate,terminal,tissue,trichome,trifoliate,tuber,unit,vegetative,xylopodia,zygomorphy	22.0	69.0	96.0	apex,base,branch,cordate,eglandular,fork,forked,fruit,fusiform,glandular,hair,leaf-opposed,margin,mature,mm,shrub,simple,stellate,tree,truncate,unbranched,yellow	0-0.5-3.5,0.5-1,1-2,1-3,1.5-2,1.5-2.5,1.5-4.5,1.5-5,15-25,15-40,2-4,25-40,3-10,3-12-25,3-4,4-7,5-6,6-7,acuminate,acute,along,also,apical,basal,branched,brownish-purple,cm,connivent,cream,deeply,densely,diameter,dull,ellipsoidal,entire,finely,flattened,flower,glabrous,gland,greenish,lanceolate,lobe,long,loosely,moderately,na,oblique,often,ovate,ovoid,pale,perennial,pilose,prominent,pseudohair,puberulent,pubescent,purplish,rarely,reniform,rugulose,small,sparsely,subcoriaceous,two,violet,white,x	2.0-4.0,4.0-5.0,absent,anther,appressed,articulation,berry,blue,bract,branching,breeding,broad-based,calyx,cell,colour,connective,coriaceous,corolla,dendritic,discrete,distinct,ellipsoid,enlarged,filament,flat,fleshy,form,fruiting,fully,green,growth,hermaphroditic,heteromorphism,inflated,inflorescence,insertion,interjected,internodal,interpetalar,leaf,leaflet,leathery,length,lilac,lower,marking,modification,multi-branched,multicellular,near-basal,needle-like,none,odour,orientation,paired,pattern,pedicel,petiole,pink,placement,plurifoliate,pore,position,present,prickle,pseudostipule,purple,radially,rhizome,scale,shape,simple-entire,smell,spot,staman,stem,stone,structure,surface,swollen,symmetric,symmetry,sympodial,system,tapered-lanceolate,terminal,texture,tissue,trichome,trifoliate,tuber,type,unit,vegetative,xylopodia,zygomorphy
